21ur-13767,UUUUUGUAGCCAAAACAAAAG,0,0,0,0,0
21ur-11508,UUAAUAGAUUUAGUUUUGAAA,0,0,0.500343674,0,0
21ur-7206,UAACACUCUCAUGGUAUGCUU,0.269740413,0.55280871,11.38281857,0.479071636,0.136909669
21ur-15497,UAACAUUAUUUUAAAAUAGUU,0,0,0.125085918,0,0
21ur-12801,UUUAAUGGACUGUUGAUCUUU,0,0,0,0,0
21ur-5649,UACGGAUUCAGUCAACAGUUU,1.07896165,23.21796584,10.50721714,0.598839545,0
21ur-7871,UUUUCUGAAUUGGCAAUGUGU,0.539480825,1.658426131,10.75738898,0.598839545,0.136909669
21ur-15321,UAGUAUCUUUUUUCAAUAUUU,0,0.829213066,0.500343674,0,0
21ur-12773,UUUAUUUACUGACUGACUAUG,0,0.55280871,0,0,0
21ur-5967,UCUUUCGGUCGAUAGGUUGAC,0.809221238,5.528087105,21.63986388,1.077911181,0
21ur-10871,UUUGUGAUCAAUCAUCUCAUU,0,0,0,0.119767909,0
21ur-12728,UUUGAAGAAACAUCUUCUGCC,0,0,0,0.119767909,0
21ur-7864,UACAUGCUUAACAUUACGCCC,0,3.869660973,2.126460613,0,0
21ur-5561,UGUUCAUAUUUUGAUCAAACA,1.07896165,17.96628309,9.756701634,4.790716358,0.136909669
21ur-8088,UCCAAUACGAGAAACAAAACC,0,0,0.500343674,0,0
21ur-12610,UUUUUGUUCCAUUUAACUAUC,0,0.55280871,0.625429592,0,0
21ur-10372,UCUACUGUUGUUCAAGAACAU,0,0.55280871,1.751202857,0,0
21ur-8597,UAACUUUACUCAACGGCGAAA,0.539480825,1.105617421,2.376632449,0,0
21ur-14782,UGGAGGUUCUAAUUCUAUUAA,0,0.55280871,0,0.119767909,0
21ur-9715,UAAUAAGCUUGGAUCUCAGAG,0,1.658426131,1.626116939,0.119767909,0
21ur-8879,UCUCAUCCUAUAAAGCAAUUU,0,3.316852263,1.375945102,0.239535818,0
21ur-8858,UGUUAUGUUCUCGUCACAUAU,0,0,0.250171837,0,0
21ur-8015,UGGAUUAUCUCUUUUUGAUUA,0,0,0,0,0
21ur-12200,UGUCGAACCGAUAAAAUCGAA,0,0,0,0,0
21ur-14405,UUCAGUCUCAUAAAGUCAUCA,0,0,0,0,0
21ur-10466,UAAUUCUUUCGCGUUUCAAUU,0,1.105617421,1.250859184,0.119767909,0
21ur-10863,UUUUACAUCAAGAGUUAAGAA,0,0,1.375945102,0.239535818,0
21ur-12959,UUCGCUAUCGUAGUUACCGUA,0,0,0.75051551,0,0
21ur-9710,UAAUUGUUUCAUGAAGUUUAA,0.269740413,3.316852263,3.252233878,0.598839545,0
21ur-5786,UCUUUCUUUGGCCUUGGGAAG,1.348702063,60.80895815,77.11546869,12.45586253,0.410729008
21ur-15457,UAAUAGAAUUAGAACCUCCAA,0,0,0.125085918,0,0
21ur-15507,UAAAUUGUUCAACUAUGGAAA,0,1.105617421,0.375257755,0,0
21ur-8908,UAUGUUACAUAAUUUUGCUAA,0,5.528087105,1.375945102,0.119767909,0
21ur-8528,UUCGUGCAAUUCGAACAAAUC,0,0,3.252233878,0,0
21ur-9140,UGGUUUUUUCAUCAUAGGUAA,0,1.658426131,3.189690919,1.077911181,0
21ur-11639,UCCUAUCAGCAGAUAAACUAG,0,0,0,0.119767909,0
21ur-13563,UAGAACUGGAAAAAACUACUG,0,0,1.000687347,0.239535818,0
21ur-10263,UUGAUGUCUGAUUGCCUAGAU,0,6.633704526,2.189003572,0.598839545,0
21ur-15128,UCAAUCUUUCUUUGGCCUUGG,0,0.55280871,3.189690919,0.119767909,0
21ur-12033,UUCUUACUAUGGUUUUUGAUG,0,1.658426131,3.377319797,0.239535818,0
21ur-15599,CUGAAUCCGUAUCAAAAACAC,0,0,0,0,0
21ur-7346,UAUUAAAUGAUAAAAUAAAAU,1.07896165,46.98874039,33.02268246,1.796518634,0
21ur-10481,UAACAGACAAAAAACCGCCCC,0,1.658426131,4.753264899,0,0
21ur-6552,UCGAAACAAAAGUACUGUUUU,0,0,0.875601429,0,0
21ur-10801,UAAUACUCUUGUUUUAUUCAG,0,0.55280871,3.002062041,0,0
21ur-8044,CACGGAUGCCAGAUUUUGAAA,0,0,2.001374694,0.359303727,0.684548347
21ur-10864,UUUUACAAUUAGAUUGCUCAA,0,1.658426131,4.878350817,1.19767909,0
21ur-6642,UAAUCCAAUACGAGAAACAAA,0.269740413,4.422469684,7.129897348,0.119767909,0
21ur-8085,UCGAGGGAUUUAACCAGAAAC,1.07896165,3.316852263,5.378694491,0.838375363,0
21ur-10056,UUCGUAUGGUAAAAAUUUUCA,0,4.422469684,5.378694491,0.598839545,0.273819339