21ur-8520,UUGUUUGUAACAAUUGAAAGA,2.427663714,66.79771918,63.10584583,9.282012944,0.068454835
21ur-10811,UAAAUGUUUUUUUUUAGGUUU,0.539480825,4.422469684,4.127835307,2.754661906,0
21ur-6069,UUUUUCAUGGUGAUACAUAGG,2.967144539,29.29886166,82.05636246,1.796518634,0
21ur-7112,UUGGUGAAGUUUCAAGUAGGU,1.348702063,22.11234842,18.38763,1.137795135,0
21ur-12451,UAGGUGUUCAAGUUAGGGCUG,1.02428454,3.316852263,2.604829733,2.453287647,0.404002462
21ur-14619,UUAAGAAUGUAAAACCAUGUC,0,0.55280871,0.312714796,0.179651863,0
21ur-10698,UGAAAAAGCAGCAUAUUCGGC,0,0,0.125085918,0.119767909,0
21ur-13997,UUUCUCCUCCUUAAAAUAACA,0,0,2.626804286,0.119767909,0
21ur-13821,UUUUGGGAAUGUUCGGUUGGG,0,0,0,0,0
21ur-14754,UGGUAAUUCAAGUUGCCGCGC,0,0,0,0,0
21ur-10344,UGCUCUAUUGGUUUUUUUUCU,1.348702063,7.186513236,7.380069185,0.718607454,0.136909669
21ur-8707,UUUGUUUGUAACAAUUGAAAG,1.07896165,44.13256205,20.51409062,1.616866771,0
21ur-9532,UAAAAAACUUUUUGUGAAAUU,1.618442476,51.96401879,17.51202857,4.790716358,0.136909669
21ur-8816,UUUAUUGGACCAAAAAGCUAA,1.213831857,28.46964859,18.7003448,1.73663468,0.205364504
21ur-9291,UGGACCAAAAAGCUAAAAAAA,0.809221238,39.61795759,2.063917653,0.119767909,0
21ur-7654,UGCAGUGGACGGAUCUGUUUU,1.07896165,2.211234842,3.002062041,0.838375363,0
21ur-14205,UUGGACCAAAAAGCUAAAAAA,0,2.579773982,0.312714796,0.059883954,0
21ur-6199,UCGGAAAGAAAGCUGAAAACC,0.269740413,6.633704526,2.001374694,0.119767909,0
21ur-13157,UGUAUCUAGAGUCGUAUAUUA,0,0,0.125085918,0,0
21ur-11693,UAUUAUGCCCUUUUCCGUUUU,0,0,1.501031021,0.119767909,0
21ur-13315,UCUGUGUAAACGUACAUAAGG,0,0,0,0,0
21ur-14998,UCGUUGAAGCUCUGACUGUCA,0,0,0,0,0
21ur-6047,UUUACUACGGACACCGUUCAA,7.552731553,63.29659735,214.1470923,27.06754742,0.273819339
21ur-8794,UAAUACUCUCAAAUUAUCAUU,1.483572269,16.0314526,63.16838879,5.509323812,0
21ur-13243,UGAUGCAAAUGACGGACAGUA,0,0,0,0,0
21ur-8751,UGGUGAAGUUUCAAGUAGGUU,0,3.316852263,1.751202857,0.658723499,0
21ur-10619,UUAUUAAGAAUGUAAAACCAU,0,0,0,0,0
21ur-6697,UCAAAAAAACAGUGUAAAACA,0,6.633704526,0.500343674,0,0
21ur-12403,UAUUCGUCAGCUUUUUGAAAU,0,0,0.75051551,0,0
21ur-10317,UUAAAUUUCAUUGUACAUUGG,0.539480825,1.658426131,10.50721714,1.077911181,0
21ur-8522,UUGCUCACAGUAAAAACUUCU,0,2.764043552,24.51684,0.119767909,0
21ur-8749,UGUGGCAUUGUUUCUACAGGC,0.539480825,0,0.875601429,0.239535818,0
21ur-10639,UGUUUUCAUAGUUAUCAGAUU,0.809221238,1.474156561,4.69072194,0.898259317,0
21ur-9377,UUUUACUACAACCAGUUUGAA,0.539480825,8.568535013,9.944330512,0.239535818,0.068454835
21ur-11027,UUACUACGGACACCGUUCAAA,1.348702063,5.80449146,8.630928369,2.27559027,0.136909669
21ur-11719,UAGUAGUCGCCCUAAAUGCUA,0.269740413,0,0.250171837,0,0
21ur-5937,UUAAACAGUGGAAUUAGGAAU,1.07896165,9.397748078,13.13402143,0.958143272,0
21ur-10916,UUGUUUUUGGUGCUUAUGGGU,0,0.55280871,0.625429592,0,0
21ur-9292,UGGAAUGGACGAAACCCACAA,0.809221238,4.422469684,4.378007144,0.359303727,0
21ur-10566,UUGUCAUCUUGAUUUCUAAAA,0.809221238,8.844939368,9.569072757,1.137795135,0
21ur-6867,UGUCUAGGGGGAACUUAAAAC,0,4.422469684,1.626116939,0.119767909,0
21ur-9920,UAUGCCCUUUUCCGUUUUUUG,0,0.55280871,3.002062041,0.359303727,0.136909669
21ur-12656,UUUUCAUUUCCGUCUUAUCAU,0,2.764043552,0.687972551,0.299419772,0
21ur-7777,UAAAAAUGGAAUAUAGUUUAG,8.901433616,251.5279633,478.3285519,4.431412631,0.273819339
21ur-5612,UCUAUCGUUUUUUUAAUCUAA,0.809221238,61.36176687,36.0247445,3.233733542,0
21ur-10072,UUAGUUGAACAGUAAUCUCAA,0.134870206,9.121343723,2.564261327,0,0.045636556
21ur-11913,UUUCGCGACUUUUAUGAACUG,0,0,0,0,0
21ur-15103,UCAGACUACCAAGUAGGCAGU,0,0,0.062542959,0,0
21ur-11162,UCAGUAGGGUACCUCAAAUAU,0,2.211234842,0,0,0
21ur-8381,UCUGAGAGCCACUUAAAACAC,0,14.37302647,1.125773266,0.119767909,0