21ur-6259,UUCUGUUUUUCUGUCACGACA,0.809221238,3.316852263,3.252233878,1.676750725,0
21ur-6765,UUCCCCAAAGACCAUACACCA,0,2.764043552,3.502405715,0,0
21ur-12905,UUGACAAUGUAGCGUUAGCAA,0.809221238,4.146065329,9.569072757,0.718607454,0.205364504
21ur-10947,UUGAUCGGUUUUUCAAUUCUG,0,0,0.187628878,0.059883954,0
21ur-7599,UCGUUGGACAAAUUAUAAGGA,0.809221238,0,19.76357511,5.868627539,0.136909669
21ur-11102,UGCAACCUUCAUAGUUGCAAA,0,2.764043552,0,0,0
21ur-5828,UCUUUUCAAAACUUAACGUUU,0.539480825,23.77077455,20.88934837,2.754661906,0
21ur-6812,UUGCUUUGAAAGGGCCAUGAA,0.269740413,4.975278394,4.252921225,0.119767909,0
21ur-12535,UAAAUUUGGAAUAUUGCUAAU,0.539480825,9.950556789,2.251546531,0.359303727,0
21ur-10630,UUACAUUUUGUCAUCAGUUUU,0.809221238,3.316852263,10.50721714,0.718607454,0
21ur-7087,UUCCAUGUUGCUUUUUGCAAA,0,4.975278394,0.500343674,0,0
21ur-8404,UAAGUGAAUAAUAAUGUUCUC,0.809221238,2.211234842,1.876288776,0.598839545,0
21ur-10637,UGUUUUUCUUUCUGAUAAAUU,0,0,0.125085918,0,0.136909669
21ur-8953,UUGUACACUUAAAACGUUGAA,0,10.5033655,4.440550103,1.556982816,0.068454835
21ur-5511,UUAGAUUGUUGAAAUAGUACU,3.866279248,49.75278394,60.35395562,10.77911181,0
21ur-10799,UAAUAUCAAAAAUAAUGAUAU,0,12.71460034,0.187628878,0,0
21ur-10643,UGUUGUCGAAAGUGUACUCGA,0.134870206,0,0.250171837,0.239535818,0
21ur-10142,UAUUAGUAGUUUGUCGAUAUA,1.348702063,4.975278394,3.627491633,0.479071636,0
21ur-10618,UUAUUAAGUCCUGUAACUGAA,0.269740413,6.357300171,2.189003572,0.119767909,0
21ur-10711,UCGUACGUUGGAAGCUAAAUA,0,3.869660973,3.627491633,0.239535818,0.068454835
21ur-9077,UUUGUAUUUAAAACUUUGAAA,4.046106189,8.292130657,8.756014287,2.036054452,0
21ur-8083,UCUGACUGUAAAUUUUUUUAG,0,0.55280871,3.502405715,0.239535818,0
21ur-14507,UUAUCAAUUUUUCGAACACAU,0,1.382021776,0.75051551,0.059883954,0
21ur-12231,UGGAUAACGUUUUCACAAAAA,0,2.211234842,0.375257755,0.239535818,0.273819339
21ur-5645,UUCCAAUAAUUUUUGUUCGAA,5.934289078,62.19097993,29.64536266,8.443637581,0.479183843
21ur-6559,UUGACAAUAAAAUUACCGAUU,0.269740413,2.764043552,32.31386225,0.479071636,0
21ur-14365,UUCCGUUCCAUUUUCGUAACA,0.359653883,0.829213066,0.437800714,0.359303727,0.045636556
21ur-6756,UACAAUGUGAAAAGUUUCAUU,4.855327427,86.79096755,55.53814777,1.556982816,0
21ur-9869,UGAAGUCAUUUUAUCCUUCAA,0,1.658426131,0.125085918,2.155822361,0
21ur-6208,UUGUUUUCUUGCUAGAACACA,0.539480825,14.00448733,1.501031021,0,0
21ur-12778,UUUAUGAUUUUUGGGUGUCAC,0.269740413,1.658426131,3.12714796,0,0
21ur-6082,UGAUUAGAUUGUUGAAAUAGU,3.05705801,71.0359193,83.74502236,8.0244499,0.273819339
21ur-6479,UAGAGUAUUUUUUAAAUAUCC,0.269740413,29.29886166,1.501031021,0.598839545,0
21ur-14691,UGUUAUAAUACUGCUUCCUUC,0,0,0.125085918,0,0
21ur-5764,UAAUUCAUUUGAGUUUCGAGC,5.394808252,69.10108881,63.54364654,11.9767909,0.273819339
21ur-7117,UGCUCUGUGUUUUUUUAAUCA,0.269740413,7.186513236,2.251546531,0.059883954,0
21ur-8604,UUUUGAACUGAAUGCUAAACU,0,0,0.250171837,0,0
21ur-6766,UUCCAUGCAUUUACAUUUGAA,0.809221238,53.89884927,29.77044858,2.874429815,0
21ur-9996,UUUGUUUGAUAAUUACCAAAU,0.539480825,8.844939368,8.630928369,1.19767909,0
21ur-15308,UAGUGUUGUUGUCGAAAGUGU,0,2.487639197,1.375945102,0.479071636,0
21ur-8490,UAAUACAAAUAGAAAUAUUGA,0.539480825,12.71460034,10.8824749,1.077911181,0.136909669
21ur-7773,UACCGUUUGCCCCUACGCAGG,2.427663714,11.60898292,29.52027674,1.077911181,0
21ur-10633,UUAAUUGGUUUCAAUUGUAUG,1.348702063,2.764043552,9.756701634,0.958143272,0
21ur-6364,UGGACAAAUUAUAAGGAGACA,3.506625364,45.33031426,13.50927919,3.353501451,0
21ur-7403,UUUUAUUCAAUUAGAGCAAAA,1.07896165,30.40447908,10.63230306,1.19767909,0
21ur-15459,UAAUACGGAGAUUGAACAAAA,0,1.382021776,0.437800714,0.059883954,0
21ur-2148,UCAUGUUAUACUAUUAGCAUA,0.269740413,4.975278394,0.625429592,0,0
21ur-1907,UUGGUGCAUGUUGAUUUUUUG,1.213831857,24.04717891,8.193127655,2.27559027,0
21ur-481,UUGAUACGGAAGUGUUUCUGU,1.07896165,8.292130657,5.128522654,0.479071636,0
21ur-368,UGAAUCUGGGUUCCUCGGGUU,45.31638932,734.6827762,542.9979717,9.22212899,0.410729008