21ur-2603,UCAGGCAUUUCAAUGAGAUGA,6.20402949,256.5032417,51.0350547,4.910484267,0.136909669
21ur-3294,UUUCAAUACUAUUCAAAUACU,0.809221238,40.35503587,40.02749388,1.19767909,0
21ur-4540,UCAGCUUAGUAAGUAUUUUCA,18.61208847,66.88985397,287.1972686,27.06754742,0.273819339
21ur-1304,UGCGAACUAUGUUUCCUUCCA,1.348702063,6.633704526,22.89072307,1.317446999,0.136909669
21ur-377,UGUUAAAUUCCUUUAGGUCAA,2.697404126,120.5122989,102.695539,14.25238117,0.273819339
21ur-5453,UGGGUGAAGCUUUUGAAUUAA,11.05935692,1022.143306,18.38763,2.515126088,0.821458017
21ur-4605,UCGACAUAGAUGGCUUGUAUG,1.888182888,35.93256618,103.9463982,3.952340996,0.273819339
21ur-4511,UUGGUAUCGCUCCAGAUUUCC,8.631693204,136.5437515,131.4653002,2.874429815,0.273819339
21ur-416,UAACAUUCAUUUAUUCAUAAA,21.75905995,365.4065576,180.2488084,28.06561333,0.273819339
21ur-2468,UGAUUUCAAUCUUAUUGGUAC,45.04664891,1406.898168,1196.321723,25.86986833,0.547638678
21ur-554,UUGGACUUGUGCUGUUUUCGC,3.506625364,71.58872801,198.0110088,33.71466637,0.547638678
21ur-2840,UCGGGCACAAUUUUUCUCGAU,0,0.55280871,1.000687347,0.119767909,0
21ur-4268,UAGUCUAUGCUUUGUACCCAA,0.539480825,0.55280871,7.880412859,0.838375363,0
21ur-3175,UACUGGAAUCACUCUGAUAUC,0.269740413,0,0.375257755,0,0
21ur-5441,UCCCGCUUUCUUUCUACACAC,0.539480825,17.13707003,21.7649498,1.077911181,0
21ur-2453,UAAGCCACUUUGUGCAAUGGU,0.269740413,2.764043552,0.562886633,0.179651863,0
21ur-5358,UAGUGUCACAUGGUGUUUAGU,22.65819466,558.3367976,782.4749625,26.34893997,0.410729008
21ur-3927,UCGAAUACUUUAAAAAUUCAA,7.282991141,159.7617173,114.3910724,4.670948449,0
21ur-2097,UACUCCAAUUCCAGCUAUUUG,0,0,0.500343674,0,0
21ur-234,UAAACUAGCACUGCUCGUAAA,11.32909733,34.27414005,109.0749208,15.45006026,0.684548347
21ur-4518,UGCAGUUUUUCUUUGGUUGCC,0,1.658426131,2.751890205,0.359303727,0
21ur-351,UGCCAAUCCUGCUUUUUUUAA,0.809221238,51.96401879,39.90240797,0.838375363,0
21ur-4824,UGAUCAAAAACUGCUAUCAAA,0,0,6.629553675,0,0
21ur-25,UGAACUCUUGGUCUACGUUUU,4.585587014,160.0841891,171.1800793,20.71984825,0.273819339
21ur-1775,UCAAUACAUUUGUUGUGAAAA,0.539480825,27.91683988,24.20412521,1.73663468,0
21ur-204,UAAACUAUAAUUAUUUGUUAC,0,15.47864389,25.39244143,0.239535818,0
21ur-3001,UGCAAAUUUUGAAAAUGAUGU,2.427663714,59.24266681,14.86437664,2.27559027,0
21ur-4463,UCCAAUAAUGCACGACAAUGG,0.809221238,4.422469684,22.39037939,1.19767909,0.136909669
21ur-3772,UCAAAAGAAAUUAGAAAGAAA,29.13196456,486.2413283,279.8588947,8.263985718,0.136909669
21ur-4027,UGAGACGCGAAACGACAUAAU,1.618442476,101.163994,48.15807858,4.072108904,0.273819339
21ur-2809,UGUGAAUCUGAAAAUGUCCUA,5.394808252,9.397748078,18.76288776,18.32449007,0.136909669
21ur-2595,UACAGCUCUUUCAAAUUUUUC,0.269740413,0.01128181,2.251546531,0,0
21ur-4823,UUCGGUGAAGGAAAAUUGAAA,35.06625364,594.8221725,143.9738921,14.01284535,0.821458017
21ur-5343,UGCACCAGUUAAAAGUAGAUC,1.348702063,4.422469684,19.38831735,0.718607454,0
21ur-4936,UCUUUCUAUGAUGGUAAUCGC,0.539480825,9.397748078,64.16907613,6.467467084,0
21ur-2123,UUGGCUGUGAAAAAUACUAAC,7.282991141,122.170725,125.9615198,7.964565946,0.136909669
21ur-5197,UUGAUUUCGACAGUACUCAAA,3.506625364,242.9594283,16.32371235,4.910484267,0
21ur-3254,UACCUACCUAUUACCUAUGCG,1.888182888,155.8920564,61.41718593,6.108163357,0.136909669
21ur-3604,UGAAAGAAUGCAGAAAUUAUG,11.86857816,369.2762186,55.53814777,23.71404597,0.547638678
21ur-2882,UGAAACCAACUGUUAAUUAAC,0,4.422469684,3.252233878,0.239535818,0
21ur-1513,UAGGUAUCAAGGUAUCAAUAC,0.539480825,32.61571392,14.38488061,1.317446999,0.410729008
21ur-3237,UGUUGAGCAAAAAGUCUUUGC,0.134870206,1.400448733,1.444742357,0.15370215,0.006845483
21ur-2423,UUGCAACUUUGGUGUCAUAGU,21.3094926,267.5594159,306.7732149,17.12681098,0
21ur-1873,UGCUCGGGGUUUUUUGUAUCU,0,1.105617421,0.125085918,0,0
21ur-2702,UACAUUUCCUCAAUUUCAUCG,0.269740413,2.211234842,9.881787553,0.958143272,0
21ur-1000,UCCUCUAGACGCUCUCGUUUC,0.539480825,4.422469684,17.38694266,0.479071636,0.136909669
21ur-2296,UGGUGUUGAGGUAAAGCCAAG,0.539480825,6.080895815,5.128522654,0.359303727,0
21ur-2680,UUUCAGGUUAUGACAGCUCAA,0,1.105617421,0.250171837,0.718607454,0
21ur-628,UAUGAUCUUGGUUUGAAUUUG,1.07896165,12.16179163,12.75876368,6.587234993,0.273819339
21ur-408,UGGAGAUUACUUUAUCCGAGA,1.07896165,15.47864389,24.01649633,3.952340996,0