21ur-3963,CUGAAGAAACGUUAUUGAAAC,5.664548665,92.87186336,65.54502124,13.05470208,0
21ur-1093,UUAAACUGGUGUUUGAGAGAG,3.776365777,51.41121008,29.52027674,0.958143272,0
21ur-5395,UGAAUGUUGAUAUUUUGAAUU,75.39244533,1255.428582,494.7148072,80.12473109,0.205364504
21ur-2109,UGUUUGCUUUUGAGCCGUAGC,1.213831857,7.739321947,30.39587817,0.598839545,0
21ur-1066,CUAUUUUCACACCGUUAUUAU,2.697404126,22.11234842,164.8632404,8.743057354,0.136909669
21ur-5193,UAACGAUUUCAAUGAAAGUAC,1.348702063,17.13707003,27.39381613,5.150020085,0.547638678
21ur-256,CUGAAUAGCGCUAUUGUAAUU,1.348702063,32.61571392,21.89003572,5.389555903,0.410729008
21ur-328,GAACUUUUCAGUUUUUCAAAA,10.90081647,162.9083196,17.44755794,17.04173745,0.108394348
21ur-1798,UUAGGAAACCGAUUCCCUAAA,0,0.55280871,2.876976123,0.479071636,0
21ur-5045,UGCCAAACUCCAUUUAACGGC,17.53312682,226.6515713,551.5038142,49.70368222,2.053645042
21ur-4092,GUUAGAACUAUUGAGAGUUAC,2.427663714,46.98874039,43.15464184,1.916286543,0
21ur-3977,AUAUAUUCAUUCUUGGUACUU,4.855327427,22.66515713,16.26116939,3.113965633,0.273819339
21ur-2623,UCCACAAUGACUGUUUCCUUU,0.809221238,28.74605295,107.3862609,2.754661906,0.136909669
21ur-4722,UCCUAAUUCGAUAUACUUUAU,0.539480825,1.658426131,2.126460613,0,0
21ur-611,UGUCGAUAACCAUACGCAUGU,4.855327427,3.869660973,18.63780184,2.395358179,0
21ur-889,UGUGUUUCGUAUAGUAACUAC,0.539480825,13.82021776,14.88522429,0.359303727,0
21ur-4740,UUGAAAAACCACAUCAAGUUU,5.12506784,24.87639197,66.42062267,2.515126088,0.136909669
21ur-4727,UUAGGCCUAGGAUUUCUCUAG,1.348702063,33.72133134,19.13814551,0.359303727,0
21ur-1292,UUCUUUCGGUAUUAUUUUUAG,1.888182888,17.13707003,30.52096409,4.191876813,0
21ur-4569,CGGGUUAUUGAUUUACCACUA,10.25013568,57.49210589,51.53539838,4.311644722,0
21ur-603,UGUUUCGAACUUCAAUGCAGG,5.934289078,26.81122246,50.34708215,11.85702299,0.136909669
21ur-4576,ACUGUCAUUAUAAAUUAAGUA,12.67779939,335.0020786,455.4378289,34.97222941,0
21ur-2126,UAGUCGUUGAAUUGGCUGAAA,2.427663714,23.4943702,22.70309419,5.868627539,0.136909669
21ur-3936,GUACGUUUGCAAGUUUUAGCG,5.12506784,22.66515713,69.79794246,19.28263334,0.273819339
21ur-4501,UGCACAUGUACUUUCUUGUAC,0,0,0.125085918,0,0
21ur-5339,CCUACCAAUUAAAACUUUACA,0,0,0,0,0
21ur-3121,UUGGUCAUAUUAGGUGAGUAG,0.539480825,14.92583518,9.631615716,1.317446999,0
21ur-1312,UUGACCGAAGAUUUUGAGAAC,1.07896165,9.397748078,10.13195939,4.670948449,0.136909669
21ur-3586,UAAGUUGCAAUAUGCAAAAAU,2.697404126,107.2448898,109.0749208,5.269787994,0.136909669
21ur-4466,UGAAGCGACUAAAAUUACAAC,5.12506784,72.41794108,58.54020981,0.838375363,0
21ur-3783,CUAGUCAUAUUCUGCGCAAUU,0.269740413,0,3.12714796,0.119767909,0
21ur-5420,AUGCUUUUUUAGAAUUUUUCA,0,0,2.251546531,0.239535818,0
21ur-123,UUCAUCUGACACUUAGAUGCA,0.269740413,26.5348181,15.6357398,5.74885963,0.136909669
21ur-596,AAAUCACACAGAGUAAUGAAA,6.878380522,44.77750555,51.3477695,5.808743584,0
21ur-1352,UAUACAGAAGACGUCUUGUUA,4.585587014,13.26740905,25.26735551,8.862825263,0
21ur-3073,AUGCCUCUUCAAAAAAUGACA,2.157923301,33.16852263,3.87766347,0,0
21ur-20,UUUUCGAAAUAUUAGGUCUCC,0.284320975,10.5033655,7.129897348,0.961235058,0
21ur-365,GUUAACUCGAUCCAUGCUUUG,4.046106189,45.60671862,132.2783587,11.9767909,1.095277356
21ur-4215,UUUGUUACCCUGUUUGUUCAA,4.585587014,154.2336302,184.6685109,16.34831957,0
21ur-2930,AUUAGCAUUACGUAAUGCUUG,0.269740413,18.5190918,16.94914194,0.718607454,0
21ur-991,UGGAUAGUCUCACGGUAUACC,0,14.92583518,0,0.119767909,0
21ur-1704,AAAAUACUAUUUGAUGUGUCC,0.809221238,87.89658497,42.40412633,6.707002901,0
21ur-702,UAAUAAAAACUUCGACAGGAA,7.013250728,62.46738429,81.80619063,6.527351038,0.136909669
21ur-2255,UUCCAACAGGAGAGAAUUAAA,2.967144539,43.11907942,53.0364294,3.712805178,0
21ur-1276,UGGAUCUUUUGAAAUCGUACA,0,1.658426131,0.625429592,0.359303727,0
21ur-228,UGAAACUGUAAAAAUUAUGGC,0,1.658426131,9.881787553,0.718607454,0
21ur-3512,UUGAUCAUGUAAGUUUCAAAA,1.618442476,28.19324424,35.3993149,2.515126088,0.136909669
21ur-655,AUUGAUGCACGAUAUUUUUUG,0.539480825,60.80895815,5.128522654,0.958143272,0
21ur-1975,UGUUGAUUUUCUUUACGUAGC,2.697404126,55.28087105,34.0233698,4.611064495,0.136909669
21ur-5206,UAACUCCAUGUAUGCAAUUAG,0.539480825,3.316852263,2.626804286,0.838375363,0