21ur-13143,UGUGUAUCGAAACGAAUUCCC,0,0,0,0,0
21ur-15135,UCAAGUAGUAUGAAAUUAAAU,1.753312682,11.33257857,1.375945102,0.359303727,0.273819339
21ur-6284,UAUUAUUUGUGAUAGUUGAGA,0.539480825,33.16852263,13.88453694,3.593037269,0
21ur-7723,UAGACACUUUUCUUCUUUCUU,0.269740413,0,1.626116939,1.077911181,0
21ur-13891,UUUUAUCCUAAACCCGUUUUU,0,1.658426131,2.189003572,0.838375363,0
21ur-13524,UAUACACUUGUUUUCAAACAA,0,1.105617421,0.75051551,0.119767909,0
21ur-13632,UAAGUUAUGUUACCGAAUUGA,0.539480825,17.68987874,41.15326715,3.233733542,0.273819339
21ur-11535,UGUUGCAAAAUGAGGAAAAUG,0,1.105617421,1.000687347,0,0
21ur-5695,UUUGUUGUAUUUUUUCGGAGU,14.02650146,102.8224202,134.9677059,48.62577104,0.410729008
21ur-10968,UUCGUGGUAGAGCUUUGAACA,0,2.764043552,0.250171837,0.119767909,0
21ur-6169,UAUUUCGUUUAUGUUUUGAAC,140.534755,101.163994,143.7237202,27.78615488,0.136909669
21ur-5699,UUUCAACGGCUGUACAAAAAG,2.427663714,44.96177512,45.84398909,3.652921223,0.068454835
21ur-8361,UUCAAUGCUAGAAACAUUACA,1.07896165,4.422469684,12.00824817,2.515126088,0.136909669
21ur-9219,UUUUUCUAUAGGAUAUUCAAG,0.269740413,13.26740905,25.26735551,2.27559027,0
21ur-8702,UUUUGAAUCUGGCCUGAUAGU,0.269740413,6.080895815,5.003436736,0.479071636,0
21ur-8416,UUUUAUUGCCAAAAUUCCUGU,1.07896165,8.292130657,6.25429592,0.479071636,0
21ur-6065,UAUCAGAAUUGUUUUGGAUUU,1.888182888,5.528087105,8.005498777,0.119767909,0
21ur-12179,UGUUAUCGUUGGAUUAAAAAG,0,0,0.375257755,0.179651863,0
21ur-5480,UGAUAGAAUCAUUCUAUUUCA,0,8.844939368,0.875601429,0.239535818,0
21ur-11582,UGCCAAAAUUCCUGUAUCUGG,0,0,0.125085918,0,0
21ur-7231,UCGAUUGAACUUUUCUGUAAG,0.269740413,1.658426131,1.501031021,2.934313769,0
21ur-10087,UGUGAAUGUUUUUUACGAAAC,0,0,0.687972551,0.119767909,0
21ur-8234,UCCAGAUUUGAUGUUCAAAAU,0.134870206,3.869660973,0.250171837,0.119767909,0
21ur-9088,UUUAUCCUAAACCCGUUUUUA,1.07896165,3.869660973,10.5697601,1.437214907,0
21ur-13987,UUUCUUCUAUUUCUCCAUGGG,0.269740413,3.316852263,5.691409287,0.598839545,0.068454835
21ur-13687,GAUUGCUCUGCCGCAAUUAAA,0,0,0,0,0
21ur-13095,UUAAUGCUAUUUCGGUUAUAA,2.697404126,6.080895815,13.32165031,2.27559027,0.136909669
21ur-14172,UUGUAAUCAUGUUCCAAUUCA,0,0.644943496,0.604581939,0.299419772,0
21ur-8360,UUCAAUUCGCUCAGCUCUCGU,0.269740413,0,5.879038164,0.119767909,0
21ur-6282,UCUUCUUCAUGUAAUUCGGGG,0.809221238,1.658426131,20.01374694,8.503521536,0.136909669
21ur-12569,CGAAAAAAAAACCGAGUAAGG,0,0,1.626116939,0,0
21ur-8344,UUUAUCAUAGUUGAUGAAACA,0,27.08762681,20.88934837,1.317446999,0
21ur-6668,UUUAUUGAAAUUGGGUUGUAU,5.934289078,101.163994,122.3548758,16.58785539,0.273819339
21ur-7718,UAUGAACAUAAUGAAACAGUU,0.269740413,1.658426131,2.564261327,0.119767909,0
21ur-6646,UUGAUUUAGUCUGGUGGCUUC,0.269740413,6.633704526,100.1312777,1.077911181,0.136909669
21ur-9876,UCUUCUUCCAUUUUAUGAAUC,0.269740413,3.316852263,6.879725511,0,0
21ur-8469,UCCAUUUGUUCCCUUUAAUUU,0.539480825,5.528087105,2.501718368,0.239535818,0
21ur-13254,UGAGCUUUCCAAAAUUAUCAC,0,0,0,0,0
21ur-7962,UGAAAUGUGUCAGAACUAAAA,0.539480825,19.90111358,11.38281857,0.119767909,0
21ur-7531,UUUGAUUUAGUCUGGUGGCUU,0.539480825,3.869660973,19.82611806,0.479071636,0
21ur-9121,UUCAUAAUUUGCAUAUCCUCA,0.539480825,0,2.876976123,1.077911181,0
21ur-12678,UUUUACAAGUAUUACGCCUAA,0,11.60898292,9.381443879,0.718607454,0
21ur-8631,UUCUCAAAAUGUUUUAUAACA,0.269740413,1.658426131,1.876288776,0,0
21ur-6976,UCAAAAUUGUAUUUCGCAAAG,0,16.58426131,13.38419327,0.838375363,0
21ur-14213,UUGCUUCUGCAGUAGCGUGUU,0,0,0.312714796,0,0
21ur-10020,UUUCAACGGCUGCCCCAUAAG,1.618442476,69.65389752,20.70171949,0.778491408,0.136909669
21ur-9983,UUUUUAGAAGGAUAAUAUGAA,0.539480825,6.080895815,4.753264899,0.598839545,0
21ur-15453,UAAUAGGUACUACUUUGAACU,0,6.357300171,0.062542959,0,0
21ur-13295,UGAAAAAAAUACAGAAACAUC,0,1.658426131,0.625429592,0.119767909,0
21ur-15080,UCAUGAAUUCGAAAAUGUUCG,0,1.658426131,0.250171837,0,0