21ur-9072,UUUUUUCGUGAAAGCUUUACU,0.269740413,0,1.250859184,0.479071636,0
21ur-12111,UUAUAAACCUUUACAACCUUG,0,0,0.250171837,0,0
21ur-14636,UUAAACUGAAAUUUUCAAAAA,1.07896165,3.316852263,4.503093062,0.239535818,0.136909669
21ur-8179,UAAGAUAAAAAUUAUGACCGA,0,1.658426131,2.001374694,0.119767909,0
21ur-7735,UUUUGUUAUAAAAAUGAGGCG,0,11.60898292,1.626116939,0.119767909,0
21ur-12517,UAAUAUCAAAUGUUUCAAAUC,0.269740413,1.658426131,3.252233878,0.239535818,0
21ur-7786,UUGUGACUCAAUUUCAAGAUU,0,11.60898292,9.881787553,0,0
21ur-6296,UUUCGCAAGACAAAAAACCUC,0.809221238,0.829213066,19.63848919,0.239535818,0
21ur-10866,UUUUAAAAUAAAAAAAUUAAA,1.07896165,53.06963621,14.63505245,0.359303727,0
21ur-6181,UGUUCAAAAUUAAAAUUUGCU,0.269740413,8.844939368,1.751202857,0.119767909,0
21ur-14667,UGUUGUUAGAAACGUAAGCCU,0,1.105617421,0.375257755,0,0
21ur-8192,UUUCUGGCUCUACGGGUGUUG,0.269740413,3.316852263,15.38556796,2.036054452,0.136909669
21ur-7193,UGUAUAUGUAGUAACGAUAGU,0.539480825,4.422469684,13.75945102,0.598839545,0.136909669
21ur-10438,UAUCUUAUAAUUACUCACAAU,0,0,1.375945102,0,0
21ur-8536,UUACGUGAUCUAGUUCCGAAU,0,3.869660973,10.8824749,1.497098862,0
21ur-6622,UGAUGUUUUUUGCAAAAGCAA,0,17.13707003,0.625429592,0.119767909,0
21ur-11164,UCAGGAUACGAAUAUACGGAU,0,0,0,0,0
21ur-8929,UUUUUUACGCAUUCAACAAAC,0.809221238,13.82021776,12.13333408,0.718607454,0.136909669
21ur-9447,UGUGAUAGAAACUGUUUAAAA,0.269740413,13.26740905,5.253608572,0.718607454,0
21ur-6744,UUGGAACAAAGCAAAUUUAAG,0,11.60898292,4.190378266,0.119767909,0
21ur-13341,UCGUCAAAGAAGUUCGAAAAA,0,0,1.125773266,0.239535818,0.068454835
21ur-7413,UUCCAACGUAUCCUAAACUUA,0.269740413,8.292130657,0.75051551,0.239535818,0
21ur-6937,UAAGCGUAAUGUGUCGGACGC,0,0,2.251546531,0.119767909,0
21ur-9932,UAGUAGUAGCCGCAUCAUUCA,0.539480825,3.316852263,1.063230306,0,0
21ur-10519,UUUUAGAGACACAUUUCUAGA,0,0.55280871,0.81305847,0,0
21ur-10673,UGCGUUUCCAAUUCUGAGGAU,0,0,0,0,0
21ur-10318,UUAAAUUGAUUUCAGUACUUG,0.269740413,13.26740905,5.503780409,2.634893997,0
21ur-11393,UUGGGUGAAGUUUGGUCUUUG,0.539480825,4.007863151,0.562886633,0.179651863,0
21ur-5662,UAUCCUUUCUUAGAAUCCAAG,8.631693204,59.15053202,139.0955412,26.58847579,0.684548347
21ur-11439,UUCUACCACAACAGUACUUAU,0,0.55280871,0,0,0
21ur-15458,UAAUAGAAAGUUUGGACAAUU,0,0,0,0,0
21ur-15273,UAUCAAAUGUUUCAAAUCGCU,0,0,0.375257755,0,0
21ur-8968,UUGAAGUUUUGUUAAUUUCAG,0.539480825,12.16179163,0.375257755,0,0
21ur-8010,UUAUGUGGUUAUUUGAAUCAA,4.315846602,56.11008412,20.95189133,4.311644722,0
21ur-11108,UGAUCAAUCAAACCCAUUAAA,0.269740413,1.105617421,1.250859184,0,0
21ur-12270,UGAUGAAGGAUGCGAUACUCU,0,1.382021776,0.375257755,0,0
21ur-6186,UAAGGCAAGGAAACAAAAAAU,0.539480825,2.211234842,22.14020756,0.359303727,0
21ur-12653,UUUUCGAAAUAUCCUUGAUGU,0,0.092134785,0.562886633,0.059883954,0
21ur-10760,UAUAUUAAACACAUAUUGAAC,1.07896165,19.90111358,7.317526226,0.718607454,0
21ur-15193,UAUUCUGUGCGUGGUUUUCAA,0,7.094378451,0.250171837,0,0.068454835
21ur-11985,UUGGGUUUCGAAGCAAGAGCC,0.269740413,2.487639197,1.375945102,0,0
21ur-12921,UUGAAAGUGCUGUUGGGCUGA,0,2.487639197,0.500343674,0,0
21ur-6387,UUUUUUUCGAUUGAUGUGCUA,0,3.040447908,2.251546531,0.479071636,0
21ur-7095,UGUUCGUUUUUCGCCAUGAGU,0,0.55280871,11.38281857,1.437214907,0
21ur-6643,UUUUUACUCCUCAUUCAGAUC,3.776365777,24.32358326,65.41993532,5.389555903,0.410729008
21ur-12124,UUACGGUCGAUCUUGUUUUAG,0,1.750560917,2.063917653,0.059883954,0.136909669
21ur-5458,UGGGCGAAUAUUUUUUUUAAU,54.48756335,3201.868051,320.4701229,3.712805178,0.684548347
21ur-7535,UUUAGUUGUACAUCCACAAUG,0.269740413,1.105617421,2.626804286,0.359303727,0
21ur-8938,UUUUACUGGUUUUCAUUUUAA,21.3094926,970.4556913,279.0666839,55.45254185,0.684548347
21ur-11463,UUCAAUAUCCAAAAAAACUGG,0,0.55280871,0.938144388,0.299419772,0.136909669