21ur-14867,UGAUAGGCCAAGUCGGUUAGC,0,0,1.56357398,0,0
21ur-11626,UCUAAUUUUUCAAAUAUUUUU,0.269740413,2.211234842,0.375257755,0.059883954,0
21ur-8701,UUUUUAGAUUGAUAACAUUCC,1.618442476,80.15726302,21.70240684,4.01222495,0
21ur-10385,UCAUUGGAUCGCGGAAAUAUG,0,0,0,0,0
21ur-9939,UACGGCCAAAUCAGAUUUCUG,0,6.633704526,4.878350817,0.359303727,0.273819339
21ur-10217,UUUUAUUGUGAUGAAUGCAUU,0,2.211234842,7.00481143,0.359303727,0
21ur-15626,CGACGUUGUAUAGGAAUAAAA,0.404610619,6.080895815,0.187628878,0.059883954,0
21ur-10765,UAUAAUUUGAAAAUUGAAUAC,1.888182888,16.21572217,11.13264674,0.838375363,0
21ur-7914,UCUCCUCAUAAUUUCAACUAA,0.269740413,5.80449146,5.503780409,0.718607454,0
21ur-12104,UUAUGAACAUAAUGAAACAGU,0,0,0.062542959,0,0
21ur-15477,UAAGGCGAUUAGGUGAAUUAG,0,2.764043552,6.629553675,0.239535818,0.205364504
21ur-8672,UCUAAGCUUUAUUACAAUUUU,0.809221238,22.66515713,20.13883286,1.796518634,0.136909669
21ur-9074,UUUUGUUGUGUAUCGAAACGA,0,6.633704526,0.875601429,0.718607454,0
21ur-6052,UGCUUGAUUUAGUUUGAUUUA,0.269740413,12.9910047,8.130584695,3.47326936,0.273819339
21ur-15421,UAAUUAUGACAUUCCUUGUAG,0,0,1.876288776,0,0
21ur-14364,UUCCGUUGUUCAUUAUAGCUA,0.269740413,4.975278394,5.191065613,0.299419772,0.068454835
21ur-12737,UUUCUUAGCUUGUGUAUGAUU,0.134870206,0.276404355,2.126460613,0.419187681,0.068454835
21ur-9396,UUUAGUCACAUUCUUUUGUUU,0.809221238,3.869660973,7.380069185,2.395358179,0.136909669
21ur-13945,UUUGCUCAACGGACAGCUCAA,0,0,0,0,0
21ur-8679,UCAGGAAGAAGAGCCGGAUUU,0.539480825,0,4.127835307,0,0
21ur-15506,UAAAUUUGUUUUUGUCCAGCU,0.809221238,5.528087105,225.1546531,2.27559027,0
21ur-8263,UUUUAGAUUGAUAACAUUCCA,4.315846602,109.4561247,24.57938296,4.371528677,0
21ur-8917,UAAUUUUGCUGAAAAACAAAA,0.269740413,3.869660973,0.625429592,0,0
21ur-8456,UGAAUUUGAUGAGGUUAUAUU,0.809221238,56.38648847,6.629553675,1.077911181,0
21ur-10963,UUCUCAUUGUAUUGUAAAAUG,0.134870206,6.910108881,10.13195939,0.239535818,0.616093513
21ur-6094,UCUUAUUGAUCCAGAACUUUG,2.697404126,18.79549616,26.14295694,5.509323812,0
21ur-7946,UUCUUAGCUUGUGUAUGAUUU,2.292793507,11.33257857,10.63230306,3.772689132,0.068454835
21ur-9924,UAUCACAAUUUUUGUCAUCAU,0,0,1.375945102,0.359303727,0
21ur-8193,UUUCUAUCGUGUUGUAAUUUC,0,5.528087105,5.753952246,0.239535818,0
21ur-15686,AAUCUUUUCGAUCACGGCUGA,0,0,0.125085918,0,0
21ur-6006,UAGAGAAACAAUCGUAAUUUC,0.539480825,8.844939368,13.75945102,1.19767909,0
21ur-14798,UGCUUCCUCAAUUGCAAUGUC,0,1.382021776,0.062542959,0.119767909,0
21ur-11362,UUUCAAUUCGCUCAGCUCUCG,0,0,0.75051551,0,0
21ur-5519,UGAUCAUAUAUGAUCAAAAAA,2.427663714,962.9927737,148.5395281,2.754661906,0.205364504
21ur-7496,UUCAAAAAUGAAGCUGUCAAU,0.269740413,9.397748078,14.32233766,0.598839545,0.273819339
21ur-6695,UCGUUUUGUCCAAUUGUCUUU,0,1.105617421,8.756014287,0.718607454,0
21ur-6300,UGAGUGACAACUUUCCCGAUU,0.539480825,1.105617421,2.501718368,0,0
21ur-8052,UUUGUGUAGCGCAUUAAAUGU,0.539480825,5.528087105,6.379381838,1.077911181,0
21ur-15667,AUACCUACCAUGUUCUGAGGU,0,0.829213066,0.312714796,3.952340996,0.410729008
21ur-12983,UUCCAUUGCUGAAAGUUAAAG,0,0,0.500343674,0.119767909,0
21ur-8139,UUAAAUUUGUUUUUGUCCAGC,1.888182888,96.18871563,972.2928436,8.862825263,0.136909669
21ur-13836,UUUUGAUUAAAUUUUUUAAGG,0,0,1.125773266,0.239535818,0
21ur-7281,UUGGUAAUUAAAAAAAAAUAA,0.269740413,18.84156355,15.13539613,0.239535818,0
21ur-14542,UUAGGAAUUAACAGUUUGUAU,0,0,0,0,0
21ur-15254,UAUGACGAUUAAAAAAGAAGU,0,0.55280871,0.125085918,0,0
21ur-8061,UUCUUCACUCCUUUGAUUCUU,0.269740413,0.55280871,4.378007144,0.119767909,0
21ur-8079,UGACGUUUGCAAAUUAUAAGC,0.539480825,4.422469684,6.879725511,1.317446999,0
21ur-11448,UUCAUUGGUGCAUUGUUAAGA,0.944091444,14.37302647,19.95120398,0.53895559,0.342274174
21ur-14523,UUAGUUCGGUUGGUUUAGUUC,0,2.211234842,0.875601429,0.239535818,0
21ur-8241,UAUGAUUUUCUUGUCUUUUGU,0.269740413,0.55280871,3.252233878,0.479071636,0.136909669