21ur-4648,UACUCAAUUGAUGGUUUUUUG,0,1.658426131,1.501031021,0.479071636,0.205364504
21ur-3713,UGGUGCAUGUUGAUUUUUUGC,0.944091444,12.9910047,6.19175296,1.317446999,0
21ur-3863,UUGGACUGUUCCACGUGGAAA,3.776365777,14.37302647,36.90034593,3.233733542,0.410729008
21ur-3395,UUGAUGAUUGAAAGUUGUGCG,77.82010904,928.4422293,752.7670569,87.37068958,0.821458017
21ur-958,UUCAAAUUUCAUGUAGUUUGA,7.552731553,400.7863151,205.7663358,48.62577104,0.821458017
21ur-4285,UUGUCAAUGUUUACAGAUAAG,1.348702063,22.66515713,24.39175409,1.796518634,0
21ur-1795,UUAUAAUUUUAGUUAUGAAUA,0,12.16179163,1.000687347,0,0
21ur-1944,UUCGACAAGAUUUUUCUGCUG,1.07896165,4.422469684,32.52233878,8.623289445,0.205364504
21ur-1822,UGCUAUAGACGUUGUACCACC,2.157923301,10.5033655,42.77938409,2.874429815,0
21ur-4487,UCAUUGAAGUUUUUUAAAUCA,0.539480825,3.316852263,1.250859184,0.239535818,0
21ur-2476,UAGUGCAAUUGGUCCUCAAAA,12.13831857,246.5526849,122.5842,18.08495425,0.136909669
21ur-1044,UGAUUGUGCAUUUAAGACAAA,1.618442476,68.5482801,5.128522654,0.359303727,0
21ur-1805,UGUUUUGAAACCUUUAAUCAC,1.618442476,46.43593168,26.64330062,2.155822361,0
21ur-1233,UAUCGCUAAGCUUUUUCUGAA,36.4149557,30.40447908,605.5409309,34.25362196,0.889912852
21ur-2717,UCGAAAAAUUGGACUGAUUCA,0.269740413,6.633704526,2.668499592,0.798452726,0.045636556
21ur-84,UGAAAAAUUGCACCCGACAAC,0,0.55280871,3.12714796,0,0
21ur-2887,UCUUCGAAUCCAUGCAAAGCU,1.888182888,32.06290521,115.8295604,13.4140058,0.273819339
21ur-3221,UACGCUUGGUAAACUUUGAGU,4.046106189,38.14380102,66.17045083,4.431412631,0.136909669
21ur-747,UAGAAGUCGUAUACGCAGCCC,5.12506784,20.45392229,176.1209731,12.33609462,0.136909669
21ur-3415,UCAUUAGGUUGUAAGCAAACU,0.269740413,1.105617421,2.501718368,0.479071636,0
21ur-4012,UAUAACUUCACAAGAAAUUAU,2.427663714,77.39321947,16.26116939,1.077911181,0
21ur-3018,UCUUCUCGUUCAAUGCAUUUC,10.11526547,50.30559266,282.006203,28.8041821,0.616093513
21ur-1200,UGAACGGCUUUUUUCUGAUGG,40.73080231,401.8919325,302.8330084,53.05718367,0.889912852
21ur-4837,UCCUCUCGUUUUGCCAAUAUU,4.585587014,153.1280128,168.8659898,5.509323812,0.410729008
21ur-1155,UGACUAAUUUGGUACUUCAAC,4.990197633,110.5617421,116.0797323,4.850600313,0.136909669
21ur-1509,UCUACGUGUUUGUUUGUUUGU,0.809221238,2.211234842,6.25429592,4.670948449,0
21ur-3750,UCCAUGUGCCUUACAAGUUAG,12.13831857,217.8066319,33.27285429,4.072108904,0
21ur-3862,UGCCAUUUGGAUGAUAUAACG,1.348702063,17.68987874,57.03917879,2.634893997,0
21ur-5344,UGGGUUGUUUGCAUUUGAUUU,2.967144539,128.8044295,0,3.952340996,0.136909669
21ur-2962,UGUGACACAUGGUAAUUGAAU,0.809221238,49.19997523,76.1773243,0.119767909,0
21ur-3813,UGGGAUACGAAUACCAAAUUC,0,7.186513236,1.000687347,0,0
21ur-4461,UAUCAUGUCGAGUUCGUGCAU,0.269740413,0.55280871,0.75051551,0.479071636,0
21ur-5068,UUAUAGAAGUCAUUUUGCUCA,3.776365777,4.422469684,17.26185674,3.712805178,0.342274174
21ur-4455,UAUCAGUUCAAAUGAAGUCAU,0.539480825,0.55280871,1.250859184,0.598839545,0
21ur-13331,UCUAGUAUGAAAAUAAUAGGA,0,0.55280871,0.250171837,0.119767909,0.068454835
21ur-14007,UUUCUAAAAAUCGCUGACAAU,0,0,1.438488061,0,0
21ur-13308,UCUUGAGUUUAGGCGUUUUUU,0,0,0.125085918,0.119767909,0
21ur-14728,UGUAGUUGAUAUAAUGAAAAU,0.269740413,4.422469684,2.001374694,0.119767909,0.068454835
21ur-13039,UUAUCGCUAAGCUUUUUCUGA,0,0.55280871,11.63299041,0.718607454,0.068454835
21ur-9346,UACUCUUGAGUUUAGGCGUUU,0,0,2.501718368,0.239535818,0
21ur-7847,UGUUUAAGACAUAUAUGUGGA,0.269740413,0,5.253608572,0.359303727,0
21ur-10815,UAAAGUUUCUUUACAAAUAUC,0,3.869660973,3.002062041,0.119767909,0
21ur-15526,UAAAGCAUGAAGCUAUGAAAA,0,0,0,0,0
21ur-13402,UCAUUCCAUCUUUCUGCGACC,0,0,0.375257755,0,0
21ur-13712,CAAGAUUUUUCUGCUGAUUGU,0,0,0,0.239535818,0
21ur-9702,UAGAUUUACCACGAUCUCUUC,0,0,1.125773266,0.479071636,0
21ur-13454,UAUUUGAGAUUAUUUAUCUUU,0,0,0.187628878,0,0
21ur-11901,UUUGAAACGCUAGGGAAAAUU,0.134870206,0.55280871,2.001374694,0,0.136909669
21ur-7311,UACAGAGCAUAUCAAUUUAUU,0,1.658426131,0.125085918,0.119767909,0
21ur-11896,UUUGAGAUUAUUUAUCUUUAA,0,4.975278394,0.250171837,0,0