21ur-14105,UUUACAAUGUUCCAAAAAAAA,0.134870206,5.343817535,2.10561296,0.059883954,0.136909669
21ur-6058,UUAAUAGAGGAUUUUUGAAAA,1.894455921,87.62018061,25.64261327,5.150020085,0.136909669
21ur-10624,UUAGUUACGAAUUUGUCAAUU,0.539480825,7.739321947,6.441924797,0,0
21ur-9872,UGAAAUUCACAAAGCUGGAAU,0,1.105617421,3.189690919,0.598839545,0
21ur-10610,UUAUUUCAAUACGAGUUGAUU,0,0,0.625429592,0,0
21ur-11250,UAAUCUUAACAUUUGAUAAAU,0.809221238,31.5100965,10.63230306,0.598839545,0
21ur-11350,UUUCUUCCAUUAUAUCAACGG,0.539480825,1.105617421,4.378007144,3.652921223,0.342274174
21ur-8065,UUCACAAAAAACGAACAUGGA,0.674351032,1.382021776,3.690034593,0.059883954,0
21ur-11020,UUAGACGUGUUGAAAAAAUGC,0,0.414606533,0.312714796,0,0
21ur-9435,UUAGAUUUGGAUUUGAAAUUU,0,3.593256618,3.168843266,1.077911181,0.136909669
21ur-7310,UAGAUCUUGACAGAAGAACAA,0,0,0.75051551,0.239535818,0
21ur-14102,UUUACCUAAGAAUGCAUAUUU,0.269740413,46.43593168,3.87766347,0.479071636,0
21ur-11236,UACAGUUUUUCCAUAUUCUUU,2.157923301,0.55280871,2.376632449,0.838375363,0
21ur-13879,UUUUCAGGGAUUUGUCAUUGC,0,0,2.751890205,0.479071636,0
21ur-11036,UUAAUAGUUUUUAUCCGGACA,0,4.422469684,2.751890205,0.838375363,0
21ur-11874,UUUUAGGGUAUCUGGAAGAAG,0,0,0.250171837,0,0.136909669
21ur-12592,UUUUUUUUGGGAGAUUUGGUC,0,0.55280871,0.125085918,0.119767909,0
21ur-10860,UUUUAGUUUUGUAUCGAUGUU,0.539480825,10.5033655,10.13195939,1.437214907,0
21ur-8334,UUUUCAGUUGGAAUUUGACAU,0.269740413,3.316852263,1.876288776,0.838375363,0
21ur-7999,UUCUGUGAAAUUUCGAUUAUC,0,0.55280871,0.875601429,0.239535818,0
21ur-9015,UGAGCAUUUUAGUGAAAAGGC,0.539480825,6.633704526,18.01237225,0.958143272,0
21ur-10551,UUUAUGCACGGUCUUGUACAU,0.539480825,4.698874039,1.438488061,0.778491408,0.068454835
21ur-9680,UAUUGAUACUUUUGCUACACU,0,1.658426131,0.062542959,0.239535818,0
21ur-8373,UGGGAAACAAAAAUUCAAACG,0.269740413,3.316852263,6.129210001,0.239535818,0
21ur-15203,UAUUCAAGGUUUCCAACAUAU,0,0,0,0,0
21ur-12997,UUCAUAUGGUAGAAAAAAGCA,0.269740413,1.842695702,0.354410102,0,0.045636556
21ur-6382,UUACUGUCAGUGGCUUUGAUU,0.539480825,2.579773982,15.38556796,2.036054452,0
21ur-13994,UUUCUGAAAGUUUAGACUCUA,0.269740413,0,0,0.119767909,0
21ur-11044,UUAAAUGGAUUCUAAAAAAAU,0,11.88538728,2.31408949,0.059883954,0
21ur-13205,UGCUGCAUCGUUUUUAUUGUA,0,0,0,0.239535818,0
21ur-14518,UUAUAACAACCGUGUCAAUUU,0,0,0.125085918,0,0
21ur-8889,UCGACGGUUUAUGUUUUUUUU,0.539480825,0.55280871,4.002749388,1.437214907,0
21ur-11265,UAACAGAUGAUCUGUUUCACA,0.269740413,0,1.125773266,0.598839545,0.273819339
21ur-8073,UGGAAUAUCCUUUUUUUGGUG,0.269740413,1.658426131,1.501031021,0.239535818,0
21ur-7734,UUUUUCAUGCUCACCAUGCUC,0.269740413,0,2.439175409,0.239535818,0
21ur-15646,CACAAUGCAGCUAGAAUUAAA,0.359653883,1.658426131,1.167468572,0.239535818,0
21ur-9863,UGAUGCUUCGAGCGGAUAGUU,0.089913471,0.18426957,1.876288776,0.359303727,0.136909669
21ur-12156,UGUUUUCUGUAGUGAAGUUUU,0.809221238,3.316852263,2.626804286,2.27559027,0
21ur-9029,UCCGUGGUAUUAAACGUAUUU,0.269740413,1.658426131,2.251546531,0.119767909,0
21ur-5597,UGUGAUUGUGAUUUCCGAAUU,11.59883774,169.7122741,208.2680541,16.28843562,0.958367686
21ur-14259,UUGAGAUACAAUAUUUAAAAC,0,1.105617421,0.625429592,0,0
21ur-6279,UGGCUUUUUUUUUGUAAUGAG,5.12506784,98.39995047,9.756701634,0.838375363,0.136909669
21ur-5705,UGAAUCAGAUUUUCAAAAAAA,0.809221238,34.82694876,28.26941756,2.036054452,0
21ur-9664,UCAUUAACUUCGAUGUUCGUU,0,1.105617421,0.500343674,0,0
21ur-12620,UUUUUCCUACAUCUUCCAUUA,0.809221238,27.08762681,5.378694491,0.479071636,0.136909669
21ur-6218,UUUUGCCAACUUUAUACUUGC,1.07896165,0.55280871,5.003436736,1.377330953,0
21ur-15665,AUAUUUGAACAAUUUUAAAAU,0.539480825,0,0.125085918,0.119767909,0
21ur-11299,UUUUUGAAUGACGAAAAAUUU,0,0,0.375257755,0.239535818,0
21ur-14149,UUGUGUAAAGCGUGUACUUCA,0.134870206,3.869660973,1.938831735,0,0
21ur-10547,UUUCAAAAAAUUCAAUUUCCA,0.809221238,16.0314526,16.32371235,0,0