21ur-3723,UCUGUGCGGUUCACAUUUCGU,0.269740413,9.950556789,15.88591164,2.27559027,0.410729008
21ur-140,UGGUGUUGCCAGAAGAUAUAU,1.213831857,102.8224202,0.81305847,0.239535818,0
21ur-47,UGAAUCUCUGUUUGGACACUC,10.25013568,57.49210589,523.2343966,47.66762776,0
21ur-2662,UCAACUUGAAUUCAGAUUUAU,1.618442476,12.16179163,33.89828388,10.30004017,0
21ur-175,UGAGUGAGGAAUAUUCGUAGA,2.697404126,20.45392229,18.95051664,3.353501451,0
21ur-3183,UGCGAAGACUUUACAUAUCGU,0.809221238,12.16179163,13.50927919,0.119767909,0
21ur-4233,UUGGAUAGACUAAUUAGCAAG,0.404610619,50.30559266,11.75807633,2.395358179,0
21ur-3322,UGAGUGACACACACGGCGUGG,0,7.186513236,10.75738898,0.119767909,0
21ur-2173,UAAUGUCAGUUGAAAAUGUGC,1.07896165,13.82021776,69.92302838,2.036054452,0.068454835
21ur-286,UAUGUGUUCAGCUCUCAGAAU,1.07896165,10.5033655,6.25429592,2.27559027,0
21ur-88,UUGGGCAUCUGUAUUCAGAAC,13.62189084,255.6740286,654.8247828,7.006422674,0.547638678
21ur-539,UCCGAAAUAAUGGAUAUAAAG,0.269740413,12.71460034,47.28247715,0.479071636,0
21ur-2830,UCUCAAUGUAGUAGUAAAAAG,6.743510315,105.5864637,91.00000563,26.58847579,0.068454835
21ur-1797,UAUUUUGUGUGUUUUUGAAGA,5.799418871,80.98647609,49.03368001,16.4880488,0.068454835
21ur-961,UGCUAUUGGCAAAACAUCGAU,0.809221238,6.080895815,14.00962286,0.598839545,0
21ur-4467,UACUUGGAUAGACUAAUUAGC,1.753312682,30.95728779,29.64536266,4.191876813,0.136909669
21ur-4435,UUGUAUAGAUCAUCGUUUAAC,2.967144539,18.5190918,92.93883736,12.33609462,0
21ur-1644,UAUAAAUUGGAGAAAAUUGUC,1.618442476,13.26740905,32.39725286,0.958143272,0
21ur-2861,UACAUUAGAAUGAGAAAUUAA,5.934289078,123.2763424,54.53746042,2.395358179,0.136909669
21ur-283,UAAACUUGGAAACCAAAAAAG,14.83572269,108.3505073,342.8605023,9.820968534,0
21ur-5356,UGUUGCCAGAAGAUAUAUAGU,0,3.593256618,0.125085918,0,0
21ur-3959,UCCAACACAGAAAUUGCCAGG,1.07896165,10.5033655,280.5677149,3.952340996,0
21ur-581,UGUCAUAAUGUUGGGAGAAGU,19.69105012,370.381836,241.0405647,10.18027226,0.068454835
21ur-2891,UAAGACCGUGGUAAAUAUACG,32.36884951,49.75278394,48.78350817,12.0965588,0.136909669
21ur-5444,UGAAGUUGUGUGCAGUUUGCA,27.7832625,429.5323681,106.8859173,31.13965633,0.547638678
21ur-3789,UGGGAUUUCCUUUCCUCCACU,0.269740413,0.55280871,0.125085918,0,0
21ur-4840,UAGGAAAUUCGAGUUCUAUCA,0.269740413,1.105617421,3.002062041,0.239535818,0
21ur-1611,UGAAAGCAGAGGUGGGCGGAU,5.810426585,106.2774746,173.3190485,0.804191985,0
21ur-1783,UUUUGUUUUAAUUCGCCUUUA,8.092212378,53.06963621,48.90859409,8.862825263,0
21ur-3721,UGUAUAGAUCAUCGUUUAACA,1.07896165,1.934830487,4.127835307,1.556982816,0
21ur-208,UAUGUGUUCCUUAAGCAGAUG,0.809221238,6.080895815,7.630241022,3.712805178,0.136909669
21ur-138,UCUGCAAUCGAUUUCUGCAAU,0.809221238,12.43819599,9.694158675,2.694777951,0.342274174
21ur-660,UGAUUUCAAAAUUUGCAGCGA,4.585587014,25.98200939,50.28453919,7.904681991,0.136909669
21ur-1631,UGAAAUCAGUUUCAAUUAUUC,0,1.105617421,0.500343674,0.359303727,0
21ur-1981,UUCGUUUCUUGCCUAUUGUGC,0,0.55280871,15.01031021,0.479071636,0
21ur-672,UAUUGAAAGCAGAGGUGGGCG,2.697404126,63.020193,77.5532694,2.874429815,0
21ur-2151,UGGGCGAAUGUAAAACUUUCA,4.315846602,714.228854,88.93608798,2.155822361,0.821458017
21ur-4469,UUUCGGGCAGAUCCAUUUUUC,0,2.211234842,2.501718368,0.119767909,0
21ur-3469,UGGAUCGUGACAUUUCAAAAC,7.552731553,63.020193,0.437800714,22.99543852,0.456365565
21ur-3406,UAGUACGAUGUCCACUUAAAA,2.023053095,108.6269116,31.64673735,4.191876813,0
21ur-2971,UGAAGUGGGUGUGUAACAGAA,4.046106189,86.79096755,54.28728858,2.395358179,0.136909669
21ur-2166,UCAGUUUUGAAAUGUCACGAU,2.157923301,3.316852263,22.51546531,6.108163357,0
21ur-1521,UCUUGGUUUUUAUAUCACUGA,0,25.98200939,4.503093062,1.916286543,0
21ur-3343,UCAUUCAUAUUCCUAGUUGGU,1.618442476,4.422469684,34.0233698,2.994197724,0
21ur-2926,UUCGGUAAAUAUUGUCAUUUU,2.967144539,63.57300171,90.06186124,9.701200625,0.273819339
21ur-1055,UGUUAAGAGAAUUGCUUUCCC,10.51987609,74.07636721,29.52027674,7.186074537,2.190554711
21ur-4423,UCCGCAGAAAUCUCUCUUUGU,0.539480825,2.764043552,0.500343674,0.119767909,0
21ur-3878,UGAAAUUGAUAUUUGAGACAU,11.05935692,95.08309821,99.69347696,20.71984825,0
21ur-1062,UCAUAUUCCUAGUUGGUAUAA,6.743510315,124.9347686,178.4976055,47.90716358,0.273819339
21ur-1382,UCGAUGGUAAAAAUUAAAAAA,0.539480825,67.16625833,21.5304137,0.119767909,0