21ur-12240,UGGAAAUCAAAAUUUGUUAUU,0,0,0.125085918,0,0
21ur-9322,UCACUCACCAUUUGCACACGU,0,0,0.75051551,0,0.068454835
21ur-11515,UUAAAUGAAGUAGAAAAAAUA,0.809221238,11.33257857,5.316151532,0.299419772,0
21ur-9395,UUUAUUCUUCCCAAUGGACUC,0,2.764043552,14.82268133,0.359303727,0
21ur-10001,UUUGUACUUCUACAAUCUACA,0,0,0.375257755,0,0
21ur-6902,UCGAUUCUGGAUCCACAGUGG,0.539480825,0.55280871,0.562886633,0.838375363,0
21ur-14535,UUAGUAUUUCUUCCUCUGAUU,0.134870206,2.487639197,0.187628878,0.059883954,0
21ur-9337,UAGUAGUCAUGAAACCGUGUU,0,0,0.625429592,0.119767909,0
21ur-7356,UAAUAAACUUCUAAAUUGUAG,0,0,1.250859184,0.239535818,0
21ur-14433,UUCAAUUAAUAAGCAAAUUCG,0,0,1.751202857,0,0
21ur-11271,UAAAACUAACCAAUUCUCUCU,2.157923301,1.105617421,4.753264899,1.916286543,0.136909669
21ur-14337,UUCGUUUUUCACAUCAGAUAA,0,0.18426957,0.416953061,0,0
21ur-9845,UGUACUGUUUUCAAACAAAAA,1.348702063,18.79549616,17.26185674,0.119767909,0
21ur-11906,UUUCUUAUUUUUGUCAUUUAU,1.888182888,1.658426131,5.503780409,2.155822361,0.136909669
21ur-12049,UUCGCGUUUACUUCACGAGAU,0,1.934830487,0.375257755,0.119767909,0
21ur-5595,UUCAUUCUGAGUCGAAAAAAA,29.67144539,577.1322938,390.1429795,81.20264227,0.889912852
21ur-15147,UCAAAAUCUGAUCAAGUGCUA,1.753312682,29.0224573,28.08178868,3.413385405,0
21ur-14553,UUACUUUCAUUCCUCUUCGUA,0,0,0.062542959,0,0
21ur-6516,UCAUUCCAUACAUUUUAACAA,40.46106189,30.95728779,15.01031021,38.08619505,0.136909669
21ur-7644,UUACAAUCGAGUAUAUAGUUU,2.157923301,4.422469684,15.26048204,2.994197724,0
21ur-10572,UUGCAAUAAUCUUGCCACAAC,0,1.105617421,0,0,0
21ur-8706,UUUUAAGAAUGGUACAAUUUC,2.697404126,129.3572383,112.5773266,25.75010043,0.684548347
21ur-9010,UGCCUGUUAUGAGUUUUUUGA,1.07896165,20.45392229,17.38694266,1.077911181,0.136909669
21ur-7425,UGAUCUUUAUGAAACAAAAAA,0.539480825,88.17298932,37.90103327,1.796518634,0
21ur-6194,UAGCAAUUUCGAACACGUACU,0,2.211234842,5.128522654,0.598839545,0
21ur-12588,AACUCUUCUAUUCGAUUGGUU,0.269740413,0,0,0.179651863,0
21ur-11729,UAGAAGGGAGUACCAGAAAGA,0,0,0.125085918,0,0
21ur-10663,UGGAUUUUUGAAUAAUCUUGA,0,0,0,0.119767909,0
21ur-13365,UCCUGCUGUAGAAUAAAAUAA,0,0,0,0,0
21ur-12845,UUGGUCCUGCUGUAGAAUAAA,0,0.55280871,0,0,0
21ur-10125,UCCAGAAGUUGAAAUUCCUCA,0,0,0.500343674,0,0
21ur-13908,UUUUAAAAAAUAAGGACACAG,0,0.55280871,0.375257755,0,0
21ur-5461,GGAAAAUUAAAACGCAAAAAA,0.269740413,12.16179163,0.75051551,0.119767909,0.136909669
21ur-7419,UGUUCUGAACUACUUUUUUAA,0.269740413,48.09435781,28.51958939,0.239535818,0
21ur-13887,UUUUAUUCUUCCCAAUGGACU,0.269740413,0,0.938144388,0,0
21ur-9207,CGCCUAAACCCGUACAUAAUA,0,2.211234842,0.250171837,0,0
21ur-6933,UAUUAAAUGAAGUAGAAAAAA,0.269740413,62.19097993,20.82680541,1.317446999,0
21ur-7148,UUCGCAAGUGCCCCCAAAAAU,0.539480825,52.5168275,17.0116849,0.479071636,0
21ur-8074,UGCUAAACCGUAUGUAGUAAA,0.269740413,2.395504412,1.375945102,0.2195745,0.136909669
21ur-8119,UUUCAAAUAUUAGGAUUGAAA,4.855327427,212.8313535,61.29210001,7.665146173,0
21ur-10236,UUUCAUUCCUCUUCGUAUCUA,0,0,0.250171837,0,0
21ur-8110,UUUUGUACUUCUACAAUCUAC,0,0,0.375257755,0,0
21ur-6443,UAGAUCCAAAUUAAUCGGCAU,0.269740413,3.869660973,13.50927919,1.437214907,0
21ur-10557,UUUAAGGUAGUUAUUCUUCUA,0,0,0.375257755,0,0
21ur-7230,UCUCAUCACACUCCACACUCU,0,0,0.625429592,0,0
21ur-6841,UUUGAUUUCUAUUUCAAAUUA,0.134870206,26.25841375,2.063917653,0.239535818,0.068454835
21ur-8208,UUAUGAAAUGAUUUAUUUAUU,0,8.844939368,0.875601429,0.119767909,0
21ur-12617,UUUUUCUCGACGACUAGCUUU,0.809221238,0,0,0.359303727,0.410729008
21ur-15264,UAUCGCGGUGCCGAGAUGAAG,0,0,0,0,0
21ur-3101,UACGGACUGGAUAAAACUUGU,0,0.55280871,3.627491633,0,0