21ur-3060,AUAUUCAUCAAUUACAAUUAU,2.967144539,25.98200939,20.26391878,1.077911181,0
21ur-646,CUAUAAAUAACAAAUUUUGAG,2.157923301,64.12581042,55.16289001,3.47326936,0.136909669
21ur-2141,UGGUUAAGAACAUUUGGAAAA,68.64893501,1569.976738,772.1553742,124.3789735,0.889912852
21ur-3422,UCGAUUUCGCAAAACAUCGGA,0,0.55280871,1.063230306,0.119767909,0
21ur-4711,GUCUCACAAAUGGACUUUGGU,0,0.55280871,0.375257755,0,0
21ur-4420,UAACCCGACUUCUAUCUUAAC,0.269740413,2.211234842,16.26116939,0.359303727,0
21ur-1495,GUCAGGCUCAGUCUUAUCAUC,2.292793507,5.528087105,10.94501786,4.431412631,0.273819339
21ur-274,UCGGUGCGGUCACUACUCCAA,0.539480825,31.5100965,8.380756532,0.239535818,0
21ur-3384,UGUCAUUACGUCUCAUACUUU,0.539480825,6.080895815,15.26048204,0.718607454,0
21ur-4551,GCAUAACGGCUUGCAUUUUCU,1.07896165,3.316852263,31.64673735,0.359303727,0
21ur-463,UUACGAGAUUAAAGACAAUUU,0.269740413,14.37302647,16.88659898,0.359303727,0
21ur-700,AUACUGUAUUUGUAAGCCAUG,0.269740413,5.80449146,2.31408949,0.658723499,0
21ur-2997,AUUUCCGAUAUUUAGUUUCAG,9.171174029,27.08762681,49.15876593,17.54599866,0.136909669
21ur-1621,AUACGAACUCGAGCGCUUUUU,0.269740413,3.869660973,8.505842451,0,0.136909669
21ur-4221,AUAUAUAUGGUAUGAGACAAG,22.11871383,386.9660973,304.4591254,20.0012408,1.369096695
21ur-1881,UUUGAUUGCUUCUUGCCUUCA,1.618442476,26.5348181,7.129897348,0.239535818,0
21ur-4741,UGCCAAACACAUCCGCUCUUA,0,0,0.125085918,0,0
21ur-3761,AUUGAAUUUAGUCUGUGGAAG,1.213831857,57.21570154,55.91340552,10.06050435,0.068454835
21ur-4480,UAAAAAUCUUAGUAAAAGAAC,7.013250728,82.36849786,82.43162022,3.712805178,0.136909669
21ur-5404,UUAUUGGAAUGUAAAUCGCGC,0,1.105617421,0.500343674,0.119767909,0
21ur-734,UUCAUUUCAUAGCACAUUUGU,0,1.658426131,1.250859184,0,0
21ur-2746,UAGUUUCGAGUUUGGUUUUUG,0.809221238,6.633704526,4.503093062,2.215706316,0.410729008
21ur-2672,UGGGUAUUGGAAUUGAAUUGG,0.539480825,0,2.626804286,0.718607454,0
21ur-1236,UACCUACAUCACAUUUGUAAG,2.023053095,477.0739172,65.85773603,40.24201741,0.136909669
21ur-2837,UAAUUUUGCUGAAUUAAAAAA,25.89507961,1097.693829,661.3292505,31.13965633,0.273819339
21ur-1264,UUCGUCUUUGCACAAAAUCAA,5.12506784,30.40447908,158.1086008,31.25942424,0.410729008
21ur-410,UUGGUACUCCAUCAAUGGUUU,3.236884951,82.36849786,108.1993194,0.598839545,0
21ur-2455,UCAUUGUCAGUUCUAUGCUCC,4.046106189,5.528087105,50.03436736,14.13261326,0.136909669
21ur-2338,UUCAAAUUUUCAAUAUCUCUC,2.427663714,7.462917592,16.51134123,4.131992859,0
21ur-1650,UUCCCAUCACUUCCCCCUCAA,1.618442476,33.16852263,6.629553675,0.119767909,0
21ur-3809,UUGUUCUGUAAUUUCUGAUUG,10.38500589,33.72133134,40.21512276,13.65354162,0.136909669
21ur-2915,GUUGGCGUUUUUCAACCAUUU,0,0.55280871,0.500343674,0,0
21ur-1913,UUCCAGCCAUAUUUAAAUCAA,1.348702063,19.62470922,14.76013837,0.598839545,0
21ur-245,CACGAACUGAAACUACAUUUU,3.506625364,65.23142784,42.65429817,6.946538719,0.958367686
21ur-4319,CUAUCUCCGGAAAAUCUGCAG,1.888182888,3.869660973,18.57525888,6.227931266,0.273819339
21ur-1154,UGAUUGUGUUGUUCAUUGUGU,29.9411858,614.1704774,338.3574092,55.57230976,1.506006364
21ur-2871,UUCCUUACGAAAUCUCCAUAA,3.371755158,139.5841994,58.79038164,4.191876813,0.136909669
21ur-3062,CUACCGCUGCUUAUCACGUUU,0,1.658426131,52.41099981,0,0
21ur-4508,UGUUGAGUUCUCGUUAUUGAG,3.776365777,24.32358326,10.13195939,3.712805178,0.684548347
21ur-2720,AUGAUCCUUACAUCACUUUGA,15.10546311,260.9257114,128.5883241,13.29423789,0.273819339
21ur-5287,AUGUUCAUCAGCUGAACUUGA,0.809221238,3.316852263,1.751202857,0.838375363,0
21ur-3642,GGAACGAUGUGCAACGAAAAU,26.56943064,1091.244395,131.840558,77.13053337,1.095277356
21ur-5280,UGCAGUUGGUUCAAAUGCAAU,0,0,2.501718368,0.239535818,0
21ur-4475,UACUUUUUGAGGCUUGAAAAC,8.631693204,565.5233108,336.7312923,41.4396965,0.273819339
21ur-4401,AUAGAAAGGUUUUUCGCAAGC,9.980395267,14.92583518,49.78419552,11.73725508,0.136909669
21ur-4359,UUAUACCGAAUUCAAAGGGGG,1.888182888,4.422469684,14.13470878,3.832573087,0.410729008
21ur-937,CGUACUCUGUGCUCAAAUUUA,1.348702063,12.71460034,63.79381838,8.263985718,1.232187025
21ur-1545,UUCGUAUGUUGAGUUAAUGGC,1.07896165,14.09662212,37.33814664,5.329671949,0.068454835
21ur-2555,AUAGACUGAUCUGACUGUAAG,0.809221238,0.55280871,2.751890205,3.832573087,0
21ur-2860,UGAUAGUUUCUCUAUAUAGCG,0.269740413,3.316852263,1.000687347,0.119767909,0.136909669