21ur-3197,UUUUCUGCUGACCAUUUAAAU,0.809221238,71.58872801,35.77457266,4.431412631,0.410729008
21ur-3771,UUCGUUUAUUCUUUGCGGUAC,0.809221238,35.93256618,49.78419552,5.150020085,0
21ur-971,UCAGUUUUGGUUUCUAAACUU,0,0.55280871,2.001374694,0.239535818,0.136909669
21ur-67,UCUUCUUCGAAACGUUUGCAA,0.269740413,0,6.25429592,0.838375363,0
21ur-1163,UCGCAAAAUUGACUAAGUUGC,0.269740413,2.211234842,13.38419327,0.718607454,0
21ur-3011,UUGUACUAGUAUUUGGGUACA,1.07896165,17.13707003,5.879038164,0.119767909,0
21ur-886,UAGUGAGCUACAUGAUUCUGU,0,6.357300171,0.938144388,0,0
21ur-5402,UCGAUAGGGUGGCAAAUGAUC,1.348702063,8.844939368,31.02130776,0.479071636,0
21ur-525,UCUUGCGUAAAUGACUUUGAA,4.585587014,25.98200939,46.15670389,6.82677081,0.273819339
21ur-2650,UGAUAAGAACGUCCAAACAAU,9.980395267,106.9684855,295.3278533,25.69021647,0.638911791
21ur-2114,UAUAUAUGCAGAUGCUGUCGU,0.269740413,0,2.876976123,0.239535818,0
21ur-5240,UAUUCCGUGUUUGUAUGUAAA,1.888182888,11.05617421,9.256357961,1.018027226,0
21ur-1410,UGUGUUUGUCAAUUUCAUAAA,0.539480825,3.316852263,4.878350817,0.598839545,0
21ur-4170,UAUUGCAAGACUUCGAGUGCA,2.157923301,3.316852263,63.41856062,4.371528677,0.136909669
21ur-2258,UGAAUGCACAUAAACCUUCAA,0.269740413,12.71460034,2.001374694,0.119767909,0
21ur-1256,UUGGUAUCUGAUCGGUUGAAA,1.07896165,11.88538728,8.255670614,2.515126088,0
21ur-1677,UGAGUUCUACAUUGUAUGAAA,7.552731553,151.4695867,49.28385185,17.24657889,0.136909669
21ur-3310,UGAGCUACAUGAUUCUGUAUA,3.506625364,158.3796956,146.2879816,7.305842446,0
21ur-293,UCAUUCUUUCAAGUUUGUCAC,0.809221238,4.975278394,3.12714796,0.718607454,0
21ur-2735,UGCAGCCAAAUAUAGUUUGUG,0,0.55280871,0.250171837,0.119767909,0.136909669
21ur-4687,UAACAUCAUGGUAUCAUCGUU,0,0,2.376632449,0.479071636,0.136909669
21ur-4921,UUAAUUCAUCAGACCAGAAAA,0,2.211234842,9.256357961,0.119767909,0
21ur-2196,UACUGCUUCUUUGUAUAGGAC,2.967144539,5.528087105,13.50927919,11.85702299,0
21ur-1966,UUCCAGUGCGUUUGACAUCUU,0.269740413,4.975278394,71.86186012,0.838375363,0
21ur-4907,UAACGGUAUUGGUUGCUUUAU,1.483572269,24.32358326,17.63711449,1.077911181,0
21ur-1156,UAUGUAAAUGGUUGGCAAAUA,16.45416517,335.0020786,232.6598082,34.13385405,0.958367686
21ur-883,UGUGUUCACAAACAACCUAUU,0.539480825,1.105617421,0.875601429,0,0
21ur-2682,UACUUUUCUGCUGACCAUUUA,2.427663714,19.07190051,48.90859409,15.33029235,0.547638678
21ur-11798,CGGUAUUGGUUGCUUUAUCUU,0.134870206,1.105617421,0,0,0
21ur-6139,UCUUCCCAGAAUGUACGGAAA,3.236884951,65.23142784,83.6824794,38.44549877,0.684548347
21ur-13225,UGCAAGACUUCGAGUGCAUAU,0,0,0.875601429,0.059883954,0
21ur-5892,UUCCUGAUUGUUUGAGUAAGG,1.348702063,5.25168275,8.881100206,2.395358179,0
21ur-13086,UUAAUUGGUAUCUGAUCGGUU,0,0.829213066,0,0,0
21ur-11950,UUUAGAGCAUUUCUUUGAGCU,0,0,0,0,0
21ur-11507,UUAAUCGAUAGGGUGGCAAAU,0,0,0.875601429,0,0
21ur-6820,UUUUAAAAAAUCUCCUUAGCC,0.269740413,16.0314526,29.52027674,3.593037269,0
21ur-14228,UUGAUUUGUAUCUAAACUUGC,0,1.382021776,0.375257755,0,0
21ur-13995,UUUCUCUGAAGGCAUAUUUUU,0,0.55280871,0.375257755,0,0
21ur-11669,UCAAUCAAAUUGAAAAGUUUU,0,0,0.875601429,0,0
21ur-15223,UAUUACUCGGAUGAAAUUGAA,0,0.18426957,0.125085918,0.119767909,0
21ur-10398,UCACACCUCUCCUUAAAAUUG,0,2.211234842,18.51271592,0.838375363,0
21ur-11662,UCACUUUAAACAUGUUUAUCC,0,0,0.125085918,0,0
21ur-11752,UAAUUCGGUUACAUCCAAUAG,0,0,0.500343674,0.119767909,0
21ur-5477,UUCUAAGGGCUUUGAAAAAUC,3.776365777,260.3729026,418.6625689,15.21052444,0.821458017
21ur-10123,UCCAUUGAUUUUUUUGCCAGC,0,0,1.250859184,0.059883954,0
21ur-10111,UCUUUUUUCUUUUGAAAAAAU,0,0.55280871,0,0,0.136909669
21ur-14481,UUAUUCCGUGUUUGUAUGUAA,0,3.316852263,1.375945102,0.059883954,0
21ur-14633,UUAAAGAGAUAAUUGGAUCAA,0,0,0.875601429,0.119767909,0
21ur-10959,UUCUGAAUUGUGAAAGGAAAA,0,0,2.31408949,0.299419772,0
21ur-11394,UUGGGUCCCAUCCGCUUUUUG,0,1.105617421,0.125085918,0,0