21ur-7764,UCCGUGAUUGCCACCAGACCU,0,11.33257857,5.316151532,0,0
21ur-10747,UAUUCAAGAGUCGUUUAAUAA,0,2.211234842,1.250859184,0.239535818,0
21ur-11721,UAGUAAUCCAUGUGUAGUAAU,0.539480825,1.658426131,0.875601429,0.598839545,0
21ur-14324,UUCUCUGUGCAAAAAUUUUUU,0,0.55280871,1.000687347,0,0
21ur-9857,UGCAGACGGUGGAAAAAAUGA,0.539480825,1.105617421,5.128522654,0,0
21ur-9049,UAUACUCCUGCAGUUCAUUAG,0,0,1.125773266,0.479071636,0
21ur-12514,UAAUCAUUCUUCUAUUGUUUC,0.809221238,0,4.378007144,0.598839545,0
21ur-12872,UUGCCAUCUUCCUCUAUUAAU,0,0,0.125085918,0,0
21ur-7934,UAAUCCAUGUGUAGUAAUUUU,1.348702063,17.41347438,27.01855837,6.108163357,0
21ur-7284,UUCGAUUUUUUCUUUCAAUAG,1.618442476,7.186513236,14.38488061,1.676750725,0.136909669
21ur-10857,UUUUCCUUCCAAAAUUAGAGA,0,0,0,0,0
21ur-10164,UAGAGAGUUUAGCAAUAGAUU,0,1.105617421,1.000687347,0.119767909,0.136909669
21ur-8796,UAACUCAAACAUGACUUGCUC,0,1.658426131,1.250859184,0.239535818,0
21ur-2380,UACACAGUAAACAGCCAAAUU,0,1.105617421,1.250859184,0.838375363,0.410729008
21ur-97,UCAGAAUGACUAGAAAGUUGG,0,0,0.75051551,0.479071636,0
21ur-4302,UUGGUUUGUGAACAUCUCAUG,0.269740413,12.9910047,9.506529798,0.718607454,0
21ur-3568,UUUCACUUUUUUGCUUGCCUA,2.697404126,101.9932071,88.68591614,7.245958492,0.136909669
21ur-1221,UCCGGCAAUCAUAUUCUCUGU,0,0.55280871,1.250859184,0,0.136909669
21ur-3140,UCUGGGUGUUUCUCGGUUGGU,0.269740413,3.316852263,0.375257755,0.718607454,0.136909669
21ur-1829,UCCAUGUUCCUUUUUACACAU,0,0,0.75051551,0,0
21ur-4250,UAGACUACGAAUUCCAAAAAA,1.618442476,45.33031426,29.64536266,0.479071636,0
21ur-4293,UUCCAUAGUUUGGUUGACUAA,1.07896165,20.45392229,18.76288776,8.683173399,0
21ur-4913,UAUAAGGUGCAAUAGAUGAUU,0,14.92583518,2.063917653,0,0
21ur-141,UAUAUACGGUUAUUCCCAAUC,0.269740413,1.658426131,2.501718368,0,0
21ur-2478,UAAAUUCUAUGUUUGCAUUCC,1.348702063,18.24268745,50.78488287,7.545378264,0
21ur-5405,UCCAGUUCGCCUACAUGUCCA,0,13.26740905,3.002062041,0,0
21ur-13001,UUCACUUUUUUGCUUGCCUAC,0,0.829213066,0.625429592,0.299419772,0
21ur-11026,UUACUCCUACUCACUGAAAUU,0,24.87639197,6.629553675,0,0
21ur-7003,UCAGCAUAACUCAUUUUUUAA,1.07896165,3.316852263,10.8824749,0.598839545,0
21ur-14516,UUAUAAGGUGCAAUAGAUGAU,0,4.975278394,0.312714796,0,0
21ur-11544,UGUGAUCUCAGGAUCUCGCUG,0,1.105617421,0.125085918,0,0
21ur-7477,UACGGAAGUCGGCGCCUGUAU,0.269740413,4.422469684,2.876976123,0.119767909,0
21ur-14741,UGGUUUGUGAACAUCUCAUGU,0,0.276404355,0.125085918,0,0
21ur-6358,UUCUGACACGACAUUUACGAG,0.809221238,4.422469684,5.628866328,1.317446999,0
21ur-10906,UUUAUCCGAAAUUUUCCCAGC,0.269740413,0.55280871,15.07285317,0,0
21ur-9340,UAGGAAUACAAUUCAAACUCU,0,0,0.375257755,0,0
21ur-9898,UCCAUAGUUUGGUUGACUAAU,0,0,0,0.299419772,0
21ur-12107,UUAUCCGAAAUUUUCCCAGCA,0,0,0.687972551,0,0
21ur-10426,UAUUAUUAUGAUGUAAAUUUC,0,6.910108881,1.501031021,0.479071636,0
21ur-5929,UUAGAGAGAGUUUCGGAAAUU,1.348702063,13.82021776,18.13745817,2.27559027,0.410729008
21ur-12284,UGACACGGCUCUUGAUGAGAG,0,0,0,0,0
21ur-13651,UAAAUUUCAGAAGCUCCAAGA,0,0,0,0,0
21ur-13975,UUUGAAUUUCGCGGCGAUAAU,0,0,0,0,0
21ur-14279,UUGAAGAACAGCGCUCUUUAA,0,2.211234842,0.125085918,0.359303727,0
21ur-12485,UACGGAAGUUUUCAGAACAUC,0,0,0,0,0
21ur-14733,UGUACUCUAUACCUUUACCCU,0,0,0,0,0
21ur-5965,UGUUAUGAUUUAGUAGUAACA,1.07896165,20.45392229,1.751202857,0,0
21ur-9320,UCAUAAAUACGUACUGAAAUA,0.269740413,0,0.375257755,0.239535818,0
21ur-6236,UAUGAUUUAGUAGUAACACUA,0,8.292130657,3.002062041,0,0
21ur-14124,UUUAAAAUCGUUGUUGCUGGG,0.269740413,0.55280871,2.501718368,0,0