21ur-5887,UUCCGAUUCCUAUUUCAAAAA,9.710654854,245.4470675,57.91478021,11.37795135,0.136909669
21ur-14882,UGAGAAAAUAAAGUUUGAACG,0,0,0,0,0
21ur-12852,UUGGCAGGUUCUGAUUUUAAU,0.134870206,7.462917592,5.191065613,0.419187681,0
21ur-5826,UUUGUUUGGUCAUUAGAAUAU,65.20974475,1803.179092,1375.663659,133.3016827,1.369096695
21ur-5510,GGAAUAUAUAUUUAUUUGAUU,1.618442476,13.26740905,2.376632449,1.077911181,1.916735373
21ur-10899,UUUCAGAUCCUUGUACUACAU,0.269740413,0,0.125085918,0,0
21ur-14543,UUAGGAAACUCGGCUCCAGCG,0.134870206,0,1.438488061,0,0
21ur-11999,UUGAUUUGGAAUACGUUGAUU,1.07896165,22.94156149,34.83642827,1.856402589,0.136909669
21ur-11485,UUAUGUGUAAAUUUGAAAAUC,1.348702063,13.82021776,16.01099755,2.27559027,0
21ur-9242,UUUCUCAUAUUCUAAUGACCA,2.427663714,4.791008824,8.29736592,4.670948449,0
21ur-11458,UUCACUUCAUUGAUGCAAAUG,0,2.856178338,0.562886633,0.179651863,0.034227417
21ur-11936,UUUAUUUCACUUCAUUGAUGC,0.269740413,6.080895815,24.76701184,1.317446999,0.353683313
21ur-13928,UUUGGUCAUUAGAAUAUGAGA,1.011526547,3.233930956,0.302290969,0.838375363,0.045636556
21ur-6164,UUCAGAUCCUUGUACUACAUC,0.269740413,0,10.00687347,0,0
21ur-5859,UGCACUCCAGCCAGACUUGGU,0,0,9.756701634,0.239535818,0
21ur-11557,UGGUCUGUCUAGAUUCCAAUA,0,0.55280871,0.250171837,0.359303727,0
21ur-11577,UGCGAAGACUUCAAUUUCACA,0,0,0.375257755,0,0
21ur-15268,UAUCCGAAUCUCGGUGAGGUU,0,0,0.375257755,0,0
21ur-15198,UAUUCCGAUUUCUUUUCAUCA,0,1.105617421,2.501718368,0.718607454,0.136909669
21ur-6696,UCCGAUUUCUUUUCAUCAUCU,2.157923301,8.844939368,129.4639255,19.04309752,0.273819339
21ur-13467,UAUUGGUCUGUCUAGAUUCCA,0,0,0,0,0
21ur-15327,UAGUAAACGAGCGAAAGUAAA,0.337175516,0.138202178,0.125085918,0.449129659,0
21ur-6256,UCCGCUUGUAGCUUCACCAUG,0,1.105617421,2.626804286,0.119767909,0
21ur-14238,UUGAUGUGUUGCUAAAAACUU,0,1.658426131,0,0,0
21ur-9641,UGAAAAAUAAAAAGAAAAAAG,0.017982694,8.292130657,5.753952246,0.119767909,0
21ur-7017,UGUGUUGCUAAAAACUUUACA,0.539480825,69.65389752,1.375945102,0.239535818,0
21ur-13874,UUUUCCGCCACUAUUUGAAUU,0,0,0.375257755,0,0
21ur-13383,UCCCGGAACACUGGAUCAUCU,0.269740413,0,0.125085918,0.119767909,0.136909669
21ur-14218,UUGCCAGAAAAAAAUUGGAAA,0,0,0.500343674,0,0
21ur-11942,UUUAUGUACUAACAAGUUGGC,0,0,0,0,0
21ur-14689,UGUUCAGACUGAUCUGUUGGU,0,0,0.250171837,0,0
21ur-15146,UCAAAAUGUGUGUGACACUGC,0,0,0,0,0
21ur-14138,UUGUUCAGGGACUAUCAUAAA,0,1.105617421,0,0,0
21ur-14700,UGUGCUUGUACCGGGAGAGCC,0,0,0.125085918,0,0
21ur-13302,UCUUUCAGUAGUAUAUCGCCC,0,0,0.125085918,0,0
21ur-15270,UAUCAGAACGAACCUUCAUAG,0,0,0,0,0
21ur-12236,UGGAAGAUCCCAUUGAUUUGA,0,1.658426131,1.751202857,0.479071636,0.136909669
21ur-13877,UUUUCCAUUAAGAUCAAAAUC,0.539480825,0,0,0.479071636,0.273819339
21ur-12286,UGACAAGGCAAAGAACAUUAA,0,0,0,0,0
21ur-12386,UAUUUCUGAAUUUUGUAGGAA,0,0,0,0.119767909,0
21ur-12986,UUCCAUAUCUUUAUGAUAAUC,0.269740413,9.397748078,0.75051551,0,0
21ur-12489,UACCAUUGAAGUAACUGAAUA,0,0,0.125085918,0,0.068454835
21ur-10898,UUUCAUAUCUGUAUGAUAAUC,0,1.105617421,2.251546531,0.119767909,0
21ur-11320,UUUUAUUUUUGAAUGAUUGAA,0.539480825,22.96920192,4.503093062,0.838375363,0
21ur-15560,UAAAAAAGCUUGAUCGAAAAA,0,0,0.125085918,0,0
21ur-9905,UCAAAAAUUUCCAAUUUCCAG,0,0,0,0,0
21ur-12367,UCAAUUGCUUGACAGCAAAAU,0,0,0,0,0
21ur-4026,UGCGGUCAGAACUUUAUGAAA,2.967144539,49.19997523,26.76838654,0.239535818,0
21ur-5367,UAUUUCCAUUAUUCCCCUGUU,3.236884951,25.42920068,78.61649971,4.730832404,0
21ur-5085,UAGAUCGUUAUGGAAUGUUCU,3.776365777,7.186513236,91.93815002,22.15706316,0.136909669