21ur-12984,UUCCAUUAUCAAUGAAAACAU,0.269740413,0,0.250171837,0.359303727,0
21ur-14029,UUUCCAGUUCUAAUUACCUCC,0,0,0.375257755,0.119767909,0
21ur-8696,UACAUAUGUAGUGUCCACUAU,0.539480825,0,0.500343674,0.239535818,0
21ur-14146,UUGUUAAAUCUGCAAAAUGCU,0,0,0.125085918,0,0
21ur-14887,UGACAAGCUGAACACAGGAAU,0,0,0.250171837,0,0
21ur-15295,UAGUUUUCACUCUCCUUUGAA,0,0.55280871,0.375257755,0.119767909,0
21ur-14724,UGUAUGCUAGAGGAAUCUCAC,0,0,0,0,0
21ur-15026,UCGACUUUCAAAUGAAAUCAA,0,0,0.75051551,0,0
21ur-12112,UUAGUUUGGGCGUGAAUGAAA,0,0,0.125085918,0,0
21ur-12271,UGAUCUGAAUAGCCAACAAGA,0,0,0.75051551,0,0
21ur-13709,CAAUUUUCUAUAUCGGGUCAA,0,0,0.125085918,0,0
21ur-8863,UGGGCUAAAAUUUGGAAAAAU,0,6.633704526,1.375945102,0,0
21ur-15536,UAAAAUCGUAGAAUGCAAAGU,0,0,0,0,0
21ur-14459,UUAUUUUCUAAUCGAUCGAGU,0,0,0.125085918,0,0
21ur-13417,UCAGAAAAAAAAGAUUUUCGG,0,0,0,0,0
21ur-14330,UUCUCAUGAGACGCUUCUUGA,0,0,0,0.119767909,0
21ur-13164,UGUAAUUAGACGUUAAACGAU,0.269740413,0.55280871,1.125773266,0.119767909,0.136909669
21ur-14755,UGGGUCCAACUGUUCAACAAU,0,0.55280871,0,0,0
21ur-11264,UAACGUUGGUCUGUAUUUCAA,0,1.105617421,0.125085918,0,0
21ur-3280,UCUCAUUGUGAUGUAGACCAA,1.888182888,7.739321947,20.76426245,8.263985718,0
21ur-1257,UACUAAUGUGUUGUAGGGUAA,1.348702063,16.58426131,70.29828614,2.754661906,0.136909669
21ur-3510,UAUUCCUUCUAUUUCACUUGA,0,0,6.004124083,2.27559027,0
21ur-4454,UAAAUUAUCUUUCUGAUGUUC,2.157923301,71.86513236,64.29416205,18.20472216,0
21ur-3131,UCAUUUCUUGAUACAUUACUU,4.855327427,45.33031426,97.9422741,3.832573087,0.547638678
21ur-3433,UGAACGAGCCAUGAAAGUGUG,0,0,0.500343674,0.119767909,0
21ur-5074,UCUCAAUUUUGAAGCAUUAUU,0,1.105617421,0.625429592,0,0
21ur-1048,UCUUCACUUUUUCUAAAGGUU,0,0.55280871,0.125085918,0.119767909,0
21ur-3828,UGAAAAUUUGAGUCUAACAUC,0,6.910108881,16.63642715,0.718607454,0
21ur-2899,UAUGCAAAUUAUUAACCGAAA,1.348702063,21.55953971,40.27766572,3.353501451,0
21ur-618,UAUUGAUUCUGUAAAAUUUAU,2.697404126,54.72806234,49.78419552,2.395358179,0.136909669
21ur-1802,UCGAGAACGAUUUUUGUGGUU,1.888182888,17.68987874,22.89072307,9.701200625,0
21ur-535,UGGCACUACCACUCACCACUU,0.539480825,6.080895815,5.191065613,0.059883954,0
21ur-2138,UAUUUGCUGAUAUCUUUCCUU,0,2.764043552,11.75807633,2.036054452,0.136909669
21ur-14832,UGCAGGCACAAGUAUGAAGAU,0,0,0.125085918,0,0
21ur-8869,UGCAUUCGGCAUUUUUAUAUU,0,0,2.001374694,0.598839545,0
21ur-5498,UUCGUAAAAUUUUUAUAUUGA,3.776365777,98.95275918,133.7168468,29.58267351,0.136909669
21ur-11417,UUGAAAAUUUGAGUCUAACAU,0,2.487639197,0.375257755,0,0
21ur-8958,UUGGCACUACCACUCACCACU,0,0,0.687972551,0.059883954,0
21ur-9472,UCGCAUAGUUCCGAUAGUCUU,0,0.55280871,5.128522654,0.239535818,0
21ur-7428,UCUUCAUGUUUUUCGGUUUCU,0.269740413,2.211234842,1.751202857,0.239535818,0
21ur-7286,UUAUUUUGCUUUCCUUGGAUC,0.539480825,5.528087105,5.378694491,0,0
21ur-14836,UGCAAACUUUUUUUGAUGUCC,0,0,0.250171837,0.119767909,0
21ur-5538,UGACUGAAUUUUUUUGAUAGU,1.07896165,22.11234842,33.21031133,0.598839545,0
21ur-6335,UAGCUCUUGGUUUUUAGGAAA,2.427663714,5.528087105,19.20068847,3.652921223,0
21ur-11799,CGCAUAGUUCCGAUAGUCUUU,0,0,0,0,0
21ur-7437,UACGAUCACUGGUUUAUUUGU,0.809221238,3.316852263,13.88453694,1.556982816,0
21ur-14265,UUGACUGAAUUUUUUUGAUAG,0,0,0.312714796,0,0
21ur-15642,CACUACCACUCACCACUUAAA,0,0,0,0,0
21ur-6302,UGAAAUCUUGAUCGCAUGUUU,0,7.739321947,27.64398796,1.19767909,0.136909669
21ur-11670,UCAAUAGAAGGUGUGAAAAAU,0,0.55280871,0,0,0