21ur-7504,UGGAUGAAUUUUUUGAUUUUU,0.269740413,0.55280871,0.250171837,0.029941977,0
21ur-15423,UAAUUACUCCAUUAUUUUUCA,0.269740413,1.658426131,2.626804286,0.598839545,0.136909669
21ur-6499,UAGCUCAACUAUAAUUCGAGA,1.348702063,22.11234842,48.03299266,5.269787994,0
21ur-7375,GGUUUUAAACUUUAGGUUAAU,0.539480825,6.633704526,10.38213123,0.359303727,0
21ur-15231,UAUUACAAUAAAAUUUUAAAA,0.539480825,11.60898292,6.379381838,0.239535818,0
21ur-11341,UUUGGGAAAUUUUGUGACUUU,0,1.105617421,1.313402143,0.239535818,0
21ur-10079,UUAAAGCAGCCUAAGUAAACG,0,6.633704526,1.125773266,0.119767909,0
21ur-7201,UAUUAAAAAUCGAAAUAUGGG,0.134870206,6.633704526,24.72531654,1.836441271,0
21ur-6715,UAAUUUUUGCAAUCUUUGGAC,1.07896165,3.869660973,8.630928369,1.19767909,0
21ur-14261,UUGAGAAUCUGCGAAAAGAAU,0,0,0,0,0
21ur-11585,UGCACCUCGUGAGAAGUUAUG,0,0,0,0,0.136909669
21ur-14376,UUCCCAAUGCGACUCACCGAG,0,0,0,0,0
21ur-9836,UGUGUCAGUUUUAUUGUGGAA,0.539480825,3.316852263,0.75051551,0.598839545,0
21ur-14762,UGGGAGUAUCAUAAGUUUUCU,0,0.55280871,0.125085918,0,0
21ur-9918,UAUGUGAAGUUUUGGUGUUAC,1.07896165,8.292130657,8.380756532,0.359303727,0
21ur-12906,UUGACAAGUAUUCUACAACAG,0,0.55280871,0,0.119767909,0
21ur-8722,UUGGUUUAGAAGGGAAAUUGG,0,0,0.250171837,0,0
21ur-15093,UCAGGACAAAAAAAUUUAGAA,0,1.105617421,1.250859184,0,0
21ur-12994,UUCAUCUAAUUGUCUUGCACC,0,0,0,0,0
21ur-14715,UGUCCAUUUGAACUUUAAUCC,0,0,1.000687347,0,0
21ur-14216,UUGCGCGGAGCUGAAAAUAGU,0,0,0,0,0
21ur-12853,UUGGACUUUGAUUGGAAAUUG,0,0.55280871,0.125085918,0,0
21ur-6613,UGGACUUUGAUUGGAAAUUGG,0.539480825,3.316852263,9.131272042,0.838375363,0
21ur-11652,UCAUUGGACUUUGAUUGGAAA,0,1.105617421,1.250859184,0.479071636,0
21ur-10816,UAAAGUAUAGAUCUAUAGACU,0,0,0,0,0
21ur-10116,UCUCGGGAUGUUCGAUUCAAU,0,0,0.125085918,0,0
21ur-14582,UUACAACGUUGUUGCGGCAAG,0,0,0,0,0
21ur-14856,UGAUGAUGAUGGUAGAGGAGC,0,0,0,0,0
21ur-14375,UUCCCACCAACCUCUCUCAAA,0,0.55280871,0,0,0
21ur-10392,UCAGCGGAUAUGAAACUUUUA,0,0,0.531615153,0.119767909,0
21ur-9757,UUUGAGGUGAAUUGUAGUUGA,5.394808252,1.105617421,1.000687347,3.832573087,1.506006364
21ur-14934,UCUUUAAGCCUGGUAUCUUUA,0,0,0.250171837,0,0
21ur-13999,UUUCUCCACGAUUUGCAACUA,2.697404126,1.105617421,0.625429592,4.670948449,0.136909669
21ur-14682,UGUUCUGUCGAUCAAAAGUGC,0,0,0,0,0
21ur-11668,UCAAUUAUUAAUGGAGAAUGA,0,0,1.000687347,0,0
21ur-14273,UUGACAAAUACAUUGGAGUUU,0,0,0.250171837,0,0
21ur-13428,UCAAUUUGAUUAUAGUCGAAU,0,0,0.125085918,0.119767909,0
21ur-14221,UUGCAUGCAUUGAGUAUCGCU,0.269740413,0,0.125085918,1.317446999,0.273819339
21ur-14302,UUCUUGGAAUCAAAUUGUGAG,0,0,0,0,0
21ur-13324,UCUCGAAAUUCUACGGAAAAA,0,0.55280871,0.125085918,0.119767909,0
21ur-2426,UCGUAUGUCAACAAUUGUAAC,0.809221238,3.316852263,23.76632449,4.790716358,0
21ur-8284,UUAGGAAUAAUUUUAGGGAUA,0.269740413,7.186513236,4.127835307,1.377330953,0.068454835
21ur-6570,UUGGUGAAUCGGUCCCGGUUU,0.269740413,0.55280871,0.75051551,0,0
21ur-11970,UUGUUACUGCUAUGCUUUUCU,0,0,2.126460613,0.119767909,0
21ur-8157,UGACAUCUGAACAUUUCUUUU,0,4.422469684,5.378694491,1.018027226,0
21ur-8371,UGUUACUGCUAUGCUUUUCUU,0.269740413,0,26.33058582,0.239535818,0.136909669
21ur-8480,UAUGAAUUUAAUUGUGAGAUC,0,3.869660973,1.375945102,0.239535818,0
21ur-10587,UUCUAUUUUGUCAAGUUUUGC,0.269740413,6.080895815,19.51340327,2.754661906,0
21ur-6652,UGCCUCGUAUGAUACCUUUGU,0.539480825,102.8224202,3.940206429,0.479071636,0
21ur-7715,UAUUGCGUCAUUUGAUUUUGA,0.539480825,1.105617421,5.628866328,0.239535818,0