21ur-10839,UUUUUUUUAUCCGCUUAUACG,0,1.105617421,8.756014287,0,0
21ur-6149,UGUGACAUACUCUGUAAAAAU,1.348702063,6.080895815,30.27079225,0,0.136909669
21ur-14189,UUGGGCAAAAGUUAGGCAGGC,0,0.055280871,0,0,0
21ur-10257,UUGGAACAACCGUUUUAUCCA,0.269740413,0,0.250171837,0.239535818,0
21ur-6656,UGAAAAAUUCCUAAGAUGGUG,1.35111046,9.121343723,5.065979695,1.317446999,0
21ur-8822,UUUAAAGGUUUCUGAGACUUG,0,0.829213066,1.626116939,0.119767909,0
21ur-8171,UAUCAAACUUCUCUAUAAAUU,0,1.105617421,1.876288776,0,0
21ur-9622,UUAAAGGUUUCUGAGACUUGA,0,4.146065329,5.879038164,3.952340996,0
21ur-7489,UUGAUACUUGUUUAUUUGAUU,5.12506784,58.0449146,63.54364654,6.227931266,0
21ur-770,UAAACGAUUUGGCUUUUGUAC,0.809221238,14.37302647,27.8941598,2.155822361,0
21ur-5434,UCGUCAACAAAGUUUUUCUUC,0,0,0.125085918,0,0
21ur-1530,UCGCUGUGCAUUCAUCAUCAC,0.539480825,2.211234842,1.375945102,0,0
21ur-5257,UGAUUGAAGGACUCCUAGAUU,72.82991141,1594.576725,695.3526203,26.62839842,0.616093513
21ur-3434,UUAUGCGACAGUACGUAUGAA,1.348702063,0.829213066,0.625429592,0.119767909,0
21ur-3425,UCAUCGUUUUUUUUCACAGAA,45.04664891,311.231304,329.2261372,66.71072529,0.958367686
21ur-2903,UCCUAUAGAAAUCCGAGUCUG,1.07896165,150.3639693,127.8378086,12.21632671,0.547638678
21ur-2410,UUAACUCGUAUUGGUUUUUGG,0,0,8.756014287,1.19767909,0.068454835
21ur-2142,UGGUUCAUUUGUAGUCUACCA,5.934289078,150.3639693,23.1408949,21.07915198,0
21ur-3424,UAAUUCGUCGUAAAACCAAAA,0.269740413,1.105617421,7.880412859,0.598839545,0
21ur-3457,UGCACAUUUCAGAUCUUGAUG,0.809221238,5.528087105,8.881100206,1.676750725,0
21ur-3706,UAUGCGGUUUUUUUUGGGAGC,0.539480825,1.105617421,1.125773266,0.598839545,0.136909669
21ur-1403,UUCCCAUAUUUUUUGAUUUGC,0.809221238,62.46738429,11.88316225,4.910484267,0
21ur-3230,UAUCUAGUUCUUCAAUUAAUG,1.888182888,17.68987874,38.90172062,5.74885963,0.136909669
21ur-2978,UUGAAGGACUCCUAGAUUUCA,8.092212378,129.0808339,55.47560481,9.082399762,0.205364504
21ur-5439,UUACAUUUUCUGGAAAAUUUG,0,0,0.75051551,0.119767909,0
21ur-1139,UACUUAUUGUUCUUGUAAGUG,0,21.83594406,3.87766347,0.598839545,0
21ur-3939,UAGAUCUACCGGAGUUUUGAA,3.236884951,8.844939368,27.51890205,7.425610355,0
21ur-5034,UGAACUGGACGUUUUUCGAAU,0.809221238,13.82021776,7.505155103,3.233733542,0
21ur-3718,UACUGCGAUGGAUUUACAGAA,2.427663714,55.83367976,22.76563715,1.317446999,0
21ur-3849,UCUGUAUUUCGCUGCCAAUAA,8.76656341,223.8875278,58.03986613,20.0012408,0.136909669
21ur-4035,UAGUUGCAAGUUCUCGAAAAC,3.776365777,12.16179163,9.006186124,2.155822361,0.136909669
21ur-3117,UAGUGGAAAAUUUAUAGAAUU,3.776365777,68.5482801,13.50927919,4.910484267,0.136909669
21ur-5331,UGUUAUGUCGAUAGGCUUUUU,0,0,1.125773266,0.239535818,0
21ur-11959,UUUAACUCGUAUUGGUUUUUG,0,0,1.000687347,0.119767909,0.068454835
21ur-8558,UGAAAACAUUUUCCACUAAAU,0.539480825,17.96628309,32.02199511,1.077911181,0
21ur-9329,UAUGUCGAUAGGCUUUUUCAA,0.809221238,0,2.876976123,0.359303727,0
21ur-11441,UUCGUCAACAAAGUUUUUCUU,0,0.55280871,14.13470878,0.239535818,0
21ur-14044,UUUCACAAUUUUCCUAACGUU,0,0,0,0,0
21ur-9216,UUUUUGCGAUCACAGUACACA,0,0,0.687972551,0.119767909,0
21ur-5694,UUGAUAGACUAGAACAAAUCA,1.618442476,42.013462,27.8941598,0.838375363,0
21ur-12761,UUUCAUAGCGACGGUUGGAAA,1.07896165,0.55280871,0.250171837,1.796518634,0
21ur-6227,UUUUUUGCGAUCACAGUACAC,0.809221238,6.080895815,25.95532807,0.359303727,0
21ur-8844,UUAUUGUUCUUGUAAGUGUAA,2.427663714,142.9010517,59.54089715,8.383753627,0.136909669
21ur-13191,UGGAUCUAAAGAUUUUUCCUU,0,0,0,0.119767909,0
21ur-10469,UAAUGGAUCUAAAGAUUUUUC,0,0,0.250171837,0,0
21ur-8019,UGAAUCUGAUCUUCUCACUCC,0,0,0.250171837,0,0
21ur-8374,UGAUUUGAAUCUGAGUGAUUA,0,1.658426131,0.625429592,0.119767909,0
21ur-6665,UUUGUACACUGCAACAAGUAA,2.427663714,20.45392229,31.89690919,0.598839545,0
21ur-6212,UUUUCAUAGCGACGGUUGGAA,1.348702063,9.950556789,7.75532694,1.676750725,0.136909669
21ur-6469,UCUCUUACCAUUUCAAAAACU,0,13.26740905,21.26460613,2.515126088,0