21ur-121,UUCAACGGCUGCCCCAUAAGA,18.07260765,424.004281,167.5525877,16.34831957,0.136909669
21ur-5190,UGCGAGCUUCGCCAUUUUAGA,13.21728022,47.5415491,198.2611806,12.21632671,0.547638678
21ur-229,UCCGUGACCAACUUCCACUGU,1.07896165,27.08762681,26.39312878,2.994197724,0.136909669
21ur-3595,UCGGUUACAAAAGUCCAUUUA,1.348702063,2.764043552,12.13333408,2.395358179,0
21ur-1270,UCUGAUGAAUGUAAUUUUUCA,5.394808252,97.84714176,19.45086031,1.916286543,0.136909669
21ur-5011,UAACGAUUUAAGAUGUUUCAG,0,3.316852263,1.375945102,0.119767909,0
21ur-2590,UGCUUUCACCUUCUUCGUACA,0.269740413,5.528087105,5.003436736,1.676750725,0
21ur-2644,UUGAUUACGGCUCCAUUACAG,3.776365777,511.3480572,36.52508817,2.036054452,0
21ur-3964,UAGUGAAUUCGGAUUCGUUCU,3.326798422,10.22696114,21.38969204,10.83899576,0
21ur-3957,UAACGACGUUGUAUAGGAAUA,38.97748962,419.7660808,450.9972788,82.26059213,0.273819339
21ur-3484,UAUUGUAAUCAUGUUCCAAUU,0.269740413,9.766287219,4.544788368,1.556982816,0
21ur-4379,UAUGAUUCUUUUCAGUUCUUU,1.618442476,8.844939368,11.75807633,10.89887971,0.410729008
21ur-1578,UCAGUUCAUUAGAAAGCAGAA,3.236884951,59.15053202,9.506529798,3.353501451,0
21ur-4157,UACGCACAGGGCUUUUUUCAA,15.37520352,901.0781981,296.5787125,2.155822361,0
21ur-3576,UAACUCGUUUUCGAUCGGAAA,7.957342172,38.69660973,73.48797705,21.25880384,0.068454835
21ur-5122,UAGGCCAAGUCGGUUAGCUAA,10.7896165,69.10108881,97.6295593,5.389555903,0.273819339
21ur-1772,UGAAAUUGGGUUGUAUCCAAA,4.585587014,57.12356675,36.21237337,9.581432716,0.273819339
21ur-5101,UAGGUACUACUUUGAACUUGG,27.51352209,1755.44406,1150.852992,55.57230976,0.684548347
21ur-3342,UAAUUUAGUCAUUGGUGUUAC,2.157923301,66.61344961,126.5869494,1.796518634,0
21ur-5179,UGUAUCGUCGAAUGCUCCAUC,0.809221238,0,6.879725511,0.718607454,0.136909669
21ur-2496,UAGUCGAUUGAACUUUUCUGU,0.809221238,6.080895815,15.26048204,4.131992859,0
21ur-4376,UGAUCAUUAUUUUCAGAUGAC,0.269740413,34.27414005,4.878350817,0.598839545,0
21ur-1166,UGUAAUAAGUGGAGGUAGCUA,56.91522706,1081.293838,472.8247715,12.0965588,1.232187025
21ur-863,UAAUAGCCAAAUGAAAAAUGA,5.12506784,33.16852263,141.3470878,3.712805178,0
21ur-3867,UCUGAGACAUCUUCUAUUUUC,0.269740413,1.658426131,2.626804286,0.119767909,0
21ur-3506,UCUGACAGCCGUUCUAAUGAA,17.26338641,360.4312792,395.5216739,11.85702299,0.547638678
21ur-2026,UUAGUGAAUUCGGAUUCGUUC,0.899134709,18.5190918,21.63986388,4.730832404,0
21ur-841,UAUAGGCGGCCUCUUAAUUAA,8.631693204,492.5525611,118.7690795,1.19767909,0.068454835
21ur-2778,UGGUAUUCCUGCAUACAGAUC,1.07896165,45.88312297,21.63986388,0.239535818,0
21ur-1989,UCAAAUACUAAAUUAUCUUCA,1.348702063,17.68987874,42.77938409,5.269787994,0
21ur-185,UAACUUUAUGAUGAGUUCUAA,1.618442476,65.50783219,63.54364654,16.88727516,0.136909669
21ur-657,UCCGUUGUUCAUUAUAGCUAA,10.25013568,72.97074979,168.8034469,13.11458603,0.068454835
21ur-251,UUCGUCGGAAAUACUUGAAUC,0,1.105617421,37.15051776,19.04309752,0.273819339
21ur-1552,UGUUGAAGGUUCAAAAUCCAC,8.092212378,122.9999381,71.98694603,4.191876813,0
21ur-4946,UGAAGCCCUUGCGAACAGGAU,5.12506784,27.08762681,79.17938634,10.18027226,0
21ur-904,UGAAGGUUCAAAAUCCACUAA,0.269740413,0.276404355,0.562886633,0,0
21ur-626,UAUCGUUGGAUUAAAAAGUUU,1.07896165,1.658426131,29.01993307,7.725030128,0
21ur-5409,UUAGUGCAUUACCUCAUAUUC,3.776365777,171.923509,73.4671294,9.042477126,0.958367686
21ur-1577,UGGUGUUUUCAUUCAACAAUU,3.506625364,252.9099851,45.65636021,3.353501451,0
21ur-1179,UGCAUUGUUUUCAAUUAGGGC,0.539480825,9.950556789,13.75945102,0.598839545,0
21ur-5321,UUCCAUCAACUUACUAAUUCU,9.710654854,76.84041076,567.0144681,11.73725508,0.273819339
21ur-2823,UGCUAUUUCGGUUAUAACUGA,33.98729199,148.1527344,329.0385083,67.78863647,0.273819339
21ur-5310,UAGCACAUCCUUUUGUGUAGC,0.269740413,0,0.250171837,0,0
21ur-2314,UGUGUUGCGUUUUGAAUCAUG,6.743510315,152.0223954,225.1546531,6.946538719,1.232187025
21ur-425,UCACUAAGGCGAUUAGGUGAA,16.45416517,107.7976985,42.27904042,24.91172506,0.616093513
21ur-1023,UGAAUUUGACAUUGCAUUCUC,7.013250728,8.292130657,29.95807745,2.754661906,0
21ur-3490,UAGAAAAACAUAAAAUCGACA,0.809221238,18.79549616,24.14158225,1.077911181,0
21ur-3030,UUAUGACAUUCCUUGUAGAAA,29.26683477,141.5190299,118.5189077,7.305842446,0.136909669
21ur-5114,UCAUUUGUUUUAUUACAGUUG,0.539480825,50.85840137,4.378007144,2.155822361,0.136909669
21ur-840,UACGCCCCCAAUUUGUAUUGC,1.348702063,12.71460034,22.51546531,0.479071636,0