21ur-11375,UUUACAUCUUUCAUCUUUCUC,0,0.55280871,6.629553675,0,0
21ur-9927,UAUAGAAGUCAUUUUGCUCAG,0,0,1.000687347,0.718607454,0.205364504
21ur-14464,UUAUUGUGGAAAAGAAAAACA,0.134870206,2.211234842,0.625429592,0.119767909,0
21ur-8209,UUAUCCUAGUCUAUAAAAGCC,0.539480825,0.55280871,2.751890205,0,0
21ur-9204,UAAAAAUUCCCAGAGUUUUUG,1.07896165,3.869660973,1.000687347,2.215706316,0
21ur-10071,UUAUCUCUCGAAAUUUAAUGU,0.269740413,1.105617421,1.626116939,0.239535818,0
21ur-15471,UAAUAAAUUUGAAGUGACAGA,0.134870206,6.357300171,0.312714796,0.119767909,0
21ur-10680,UGAUUCACAUUUUUCCAUUUC,0.539480825,4.422469684,4.62817898,0.838375363,0
21ur-7374,UGUAUACACAAAAAAAAACUA,5.12506784,56.11008412,82.36907726,1.317446999,0.547638678
21ur-14227,UUGCAAGCGAUUUUCAAACAA,0,1.934830487,0.375257755,0,0.068454835
21ur-14514,UUAUAAUUUGAAACGCUAGGG,0.404610619,1.934830487,17.69965745,1.018027226,0.068454835
21ur-7846,UGUUUUGUCUUUCGGAAGCUU,0.539480825,2.211234842,16.13608347,2.994197724,0
21ur-8021,UCUUUCUCCUACAUUUUAAUC,5.12506784,509.6896311,65.67010715,14.01284535,0
21ur-11317,UUUUCAAUUUUAUUAGCUGUU,0.539480825,8.292130657,5.003436736,5.103823892,0
21ur-12038,UUCUCUCUUUUCCUUUUCAAU,0.539480825,6.633704526,4.002749388,1.19767909,0
21ur-9248,UUUAUUGUGGAAAAGAAAAAC,2.023053095,17.68987874,12.00824817,1.19767909,0
21ur-9028,UCGAAAUAACUCGUUUAAUGU,0,1.658426131,5.378694491,1.19767909,0
21ur-8495,UAAAACUUAUAUAUACGAUUU,3.236884951,90.10781981,181.7498394,14.37214907,0.136909669
21ur-6070,UUGAUUUUGGCAAGAUAAACU,7.103164199,190.7190051,146.9342588,18.80356171,0
21ur-14008,UUUCGUUUUGCACCAAGAAAU,0,0,0,0,0
21ur-12450,UAGGUUGUAAGCAAACUAUUC,0,0,0.125085918,0.119767909,0
21ur-5806,UCUAAAUUUAAAAACAAAGGU,1.348702063,16.0314526,41.27835307,0.598839545,0
21ur-10415,UAUUGCUACCAUUUUUGAGCA,0,1.105617421,0.875601429,0.598839545,0
21ur-11479,UUAUUCGAAAAAUUGGACUGA,0,0,0.166781225,0.379265045,0.319455895
21ur-7924,UAUUCCAAAAAUUGUAACUUU,0,4.422469684,11.63299041,1.317446999,0
21ur-8689,UAUCUCUCGAAAUUUAAUGUU,0,0.55280871,2.251546531,0,0
21ur-8761,UCUUGUAACUUUAAAAAUCGU,1.888182888,6.633704526,14.63505245,1.556982816,0
21ur-7292,UGUGGCUCCUGGUUUUAAAUU,2.157923301,138.2021776,18.76288776,0,0
21ur-6307,UUCUCUGAAAUUUGCAUCAGU,4.315846602,39.80222716,54.34983154,7.186074537,0
21ur-11961,UUUAAAGUUUUUUAGUUUCAA,4.855327427,87.89658497,34.83642827,10.30004017,0.273819339
21ur-6289,UUGGAGUCUCGCUAACGAUUC,0.269740413,25.98200939,10.38213123,0.119767909,0
21ur-12295,UGAAACUCCAAUAAACAUUUC,0,1.658426131,0.75051551,0.239535818,0
21ur-7542,UUCGUAAAAUCUAUACAUCAC,0.809221238,4.975278394,11.13264674,0.239535818,0
21ur-7265,UAUGAUAUCACGAUGUAUUUU,0.269740413,34.27414005,17.51202857,2.994197724,0
21ur-12748,UUUCGGUUUGUAACUUUGCCA,0.809221238,0.276404355,0.375257755,0.239535818,0.068454835
21ur-5492,UUGUGUUAAAAAAAGUAGAAU,7.282991141,204.5392229,109.7003504,32.45710333,0
21ur-14564,UUACUCAAUUGAUGGUUUUUU,0,0,0,0,0.068454835
21ur-6852,UGAAACAUGCACUGGAAUUAU,0.539480825,11.05617421,10.25704531,0.359303727,0
21ur-6356,UUGAGCAGUGAUUUAAAUUGG,2.157923301,10.5033655,26.45567174,17.12681098,0.273819339
21ur-13371,UCCUCUAUAUCUCUGACUUUG,0.134870206,0,0.125085918,0.239535818,0
21ur-6423,UUUGUAGUUCAAUUUCAUUGU,4.585587014,3.869660973,21.26460613,5.509323812,0.273819339
21ur-5485,UGGGAAAAAUUCUAGAAAUUU,3.506625364,185.4673224,63.85636134,8.263985718,0.045636556
21ur-14287,UUGAAAAUUUAAGAUGAGAAU,0,0,0.062542959,0.179651863,0.136909669
21ur-6848,UGAGUAAUUGUAAUGCAUGUU,0.269740413,8.292130657,7.75532694,0.838375363,0
21ur-8728,UUCUAAAAAUCGCUGACAAUA,0,2.211234842,7.942955818,0,0
21ur-9683,UAUUCGAAAAAUUGGACUGAU,0,0,0.667124898,0.259497136,0.182546226
21ur-6221,UUUACCAAACUUCUUCAGACG,0.809221238,5.528087105,45.40618838,3.593037269,0.547638678
21ur-10320,UUAAAAAAUUUUCAGAUGUUC,0,7.555052377,9.423139185,2.036054452,0
21ur-6685,UUUUGCACGCACGAGGUUCAA,0.539480825,2.211234842,5.879038164,0.239535818,0
21ur-5789,UACAGAAGAGAUUUUAUAAUU,0,3.316852263,0,0,0