21ur-3914,UCAACAAGCCAAUUUUGUUCU,0,0,0.75051551,0.359303727,0
21ur-10718,UCCUUCAAAGAAUUUACCCGG,0,0,1.125773266,0,0
21ur-6243,UUCAAUAGCAACACGGGUAAU,0.539480825,3.316852263,27.08110133,0.419187681,0.068454835
21ur-5469,UCCCAUUGAUUUUUUUUUGAA,3.776365777,74.85708828,44.05986889,25.3907967,0
21ur-7822,UAGGGAAGUUGAUCCACACCU,0,1.105617421,1.125773266,0,0
21ur-10130,UCACUACUCCAACCGGAAAAU,0,0,0.500343674,0.239535818,0
21ur-7554,UGCAGCGGUUUGAUGAUUUCA,0.539480825,6.080895815,0.75051551,0.239535818,0
21ur-11642,UCCCUGAUAAUUUCCAGGUGC,0,0,0,0,0
21ur-8884,UCUAGAGGUAUUUGAGAUAUG,0.269740413,1.105617421,3.252233878,0,0.136909669
21ur-12075,UUCAGCAUUAACAUUUUGCUG,0,0.55280871,0,0,0
21ur-7564,UCGUACAAUGCUAUGCCCAAA,0,1.658426131,23.26598082,3.113965633,0
21ur-15446,UAAUCAACCAACUAAUGCAAA,0,0,0,0,0
21ur-5803,UGUAUGAUCAAUAAAAAUAGA,0.539480825,12.71460034,23.39106674,2.754661906,0.273819339
21ur-10461,UACAAACAGGAAGAUACGUCA,0,0,0.250171837,0,0
21ur-8677,UCAUGUGAAUUGUAUUUCUAA,0,0.55280871,1.000687347,0.239535818,0
21ur-5499,UGGAUACCUAAACUUAGGAAA,28.05300291,561.6536499,33.52302613,45.63157331,0.547638678
21ur-7943,UUUCGUUUCGUUAUUCUCUUC,0.809221238,0,4.753264899,1.077911181,0
21ur-8105,CGAACUCAAAUAUAGUCAAUA,0,0,0.500343674,0,0.136909669
21ur-14135,UUGUUGCAGCGGUUUGAUGAU,0,0,0,0,0
21ur-15131,UCAAUAGCAACACGGGUAAUG,0,0,1.063230306,0.059883954,0.068454835
21ur-12682,UUUUAAAACGAUGUUUUCAGA,0,0,0.250171837,0,0
21ur-7234,UCACAACACUUGAAUAACUUA,0,0.55280871,0.75051551,0.119767909,0
21ur-14672,UGUUGCAGCGGUUUGAUGAUU,0,0,0.125085918,0,0
21ur-10185,UAACAGCCUUCCCUUAAAACU,0,0.55280871,0.375257755,0,0
21ur-10297,UUCAAACAACACAUACGGUCA,0,0,0.75051551,0.119767909,0
21ur-9180,UAUCUCUGUUGAAAUUAACAU,0,0.55280871,2.001374694,0,0
21ur-8501,UUUUGUAUUUGAGGUAACAAU,0.809221238,15.47864389,18.38763,1.317446999,0
21ur-11407,UUGAUCGAUGUUGUCAAGGUA,0.269740413,1.105617421,1.000687347,0.598839545,0
21ur-14758,UGGGCUCACAGUUUUUUACGA,0,0,0,0,0
21ur-13240,UGAUGUACUCGGAACUUCAGA,0,0,0,0.119767909,0.136909669
21ur-13219,UGCAUUCCACUUUCAAGCACC,0,0,0,0,0
21ur-14779,UGGAUAUGAUGUGGAUUUGAU,0,0.55280871,0,0.119767909,0
21ur-14870,UGAUACAGGACACGGACGGAU,0,0,0.125085918,0.119767909,0
21ur-13258,UGAGAGCGCAAUUGAUGUCAG,0,0,0.500343674,0,0
21ur-10237,UUUCAUGUGACCUCAAAUUCG,0,1.105617421,0.250171837,0,0
21ur-13514,UAUGAAUUUCAGAAUGUUCCG,0,0,0.375257755,0.359303727,0
21ur-13319,UCUCUUCUCUUUCUAAGAUGU,0,0,0.500343674,0.239535818,0
21ur-12229,UGGAUUUUCGAAUUCAUAGUG,0,0,0,0,0
21ur-14628,UUAAAUUCGCAGUGGCUGGAA,0,0,0,0,0
21ur-13027,UUAUUGUGGUUUAGGAAGUGG,0,0,0.250171837,0,0
21ur-248,UCGUGAGACUCCUGUCACAGC,0.269740413,1.658426131,0.250171837,0.239535818,0
21ur-4966,UGAUGCCUUGGUACUUCUUGU,0.404610619,2.764043552,1.626116939,0,0
21ur-2624,UUGUACAAUGUUACUUGUUGC,0.269740413,2.211234842,0.875601429,0,0
21ur-4381,UGAAUUAAGAUCCAAUACCAA,0.539480825,7.739321947,13.88453694,1.077911181,0
21ur-1340,UGACUAAACGUUAACUAUUAC,0.269740413,1.658426131,6.129210001,0,0
21ur-3658,UAUUACAACUAUAAAGUGAUA,0.269740413,3.593256618,0.250171837,0,0
21ur-1812,UCAAAUGAAGCAUUAUUAAAA,25.08585837,550.5974757,345.9876503,23.23497434,0.684548347
21ur-3189,UGAGUAGCAUCCGAAGAAAAU,2.157923301,18.79549616,34.77388531,4.491296586,0
21ur-81,UAGUGCUAAUUAUUCCAACCC,0,44.77750555,6.754639593,0.598839545,0
21ur-3332,UGUACUUCUCCUUAUCAGAGG,0.539480825,0,1.938831735,0.239535818,0