21ur-6178,UAUUAUGGACUUUUUAACUUG,2.427663714,56.93929718,31.77182327,8.263985718,0.273819339
21ur-9383,UUUGAUUCUAGCUCUAAAAAU,0.269740413,5.528087105,3.627491633,0.359303727,0
21ur-9940,UACCUUUCUCGAUUUAAUUUC,0,6.080895815,3.377319797,0.718607454,0.136909669
21ur-15495,UAACCACCAUUUUCCAAAAUU,0,0,0,0,0
21ur-8683,UAUUUUACAUUUGCACAAUAC,0,4.975278394,0.500343674,0,0
21ur-11409,UUGAUACCAUGGACAUUACCA,0,0.276404355,0.187628878,0,0
21ur-7813,UCACUUAGUGACAAAAUAAUU,0,1.658426131,0.875601429,0.119767909,0
21ur-9110,UUCUUCGUUCUUUCGUAUAUU,0.539480825,0,3.377319797,0.479071636,0.136909669
21ur-8134,UUAUUUCAUGUCUUCGGUUUC,0.539480825,8.844939368,8.505842451,0.059883954,0
21ur-12812,UUGUUUCUUUAAAUGACAUAC,0.269740413,1.658426131,0.250171837,0.119767909,0
21ur-11820,UUUUUGACUAUACUCUGUGAA,0,2.764043552,2.251546531,1.916286543,0
21ur-8054,UUUGGUGUUUGAAUUGAGUUU,0.539480825,23.21796584,6.629553675,0.239535818,0.136909669
21ur-15584,GAUUAAGUGUAGGCUAUGACC,0,0,0.375257755,0,0
21ur-8695,UACUAGCGAUACUUUUUGCAG,0,1.658426131,1.876288776,0.239535818,0.136909669
21ur-12702,UUUGGAUCCAAAAUGAUGGAA,0,0,0,0,0
21ur-9919,UAUGGAAUCUCAAAAACCUGC,0,0,0,0,0
21ur-9537,CAAAUCGGCAAAACAAAUUGA,0,1.105617421,0.250171837,0,0
21ur-13593,UACAAGAAGAAUUUUUUUAAA,2.697404126,19.34830487,10.00687347,1.077911181,0
21ur-9778,UUGGCAUCUCCGGAAAAAACG,0.269740413,2.579773982,0.875601429,0.309400431,0.068454835
21ur-7621,UUUCCGAAGUUGCAAAACAAC,0.269740413,0.55280871,1.375945102,0,0
21ur-14498,UUAUGAAAAGAAACAAGCAGC,0,0.829213066,0.125085918,0,0.136909669
21ur-7035,UUUAAUGAAGACAAGAAAAAA,1.348702063,15.47864389,4.002749388,0.958143272,0
21ur-11962,UUUAAAAGUAUAAACCACUAG,0.134870206,0,0.75051551,0.359303727,0
21ur-7763,UCGUUUUUGAGAAUAAUUCAU,7.282991141,19.90111358,25.26735551,10.77911181,0.410729008
21ur-8275,UUCUUGCACUGGAAAGUUGAA,0,0,0.250171837,0,0
21ur-6520,UAAGUCCUGGAUUGAAAUUUU,3.236884951,24.87639197,30.39587817,3.113965633,0
21ur-12209,UGUAUUCAAUUUUAAAAUUGC,0.809221238,9.950556789,2.876976123,2.874429815,0.136909669
21ur-7979,UAAUACUUCUGGAUAAAAGUU,0.809221238,7.462917592,4.815807858,3.054081678,0.136909669
21ur-12771,UUUAUUUCACAGGAGAUUUUG,0,0,0.250171837,0.239535818,0
21ur-14918,UGAACAAAUGACUUAAAGCUG,0,0,0.375257755,0.119767909,0
21ur-8060,UUGAUUGUUAAAUUGGAUACA,3.776365777,18.5190918,4.878350817,3.353501451,0
21ur-13668,UAAAAUCUCUGUCUCUCACAA,0,0,0.187628878,0,0
21ur-13756,UUUUUUGAGAGCAAGGUUUUU,0.674351032,7.739321947,7.025659083,1.018027226,0.136909669
21ur-12814,UUGUUUCCUUUUUGCGAUAAA,0.359653883,4.422469684,0.687972551,0.419187681,0.068454835
21ur-14388,UUCAUUUUCAACAAUGGGUUU,0,1.105617421,2.001374694,0.718607454,0
21ur-15623,CGAUAAGCGUUUCAACGAAGA,0,0.55280871,7.067354389,1.317446999,0.068454835
21ur-5760,UGACCAAAACUCUCGGCAUUU,0.539480825,8.844939368,61.66735777,8.293927695,0
21ur-12011,UUGAUCACUACGUGGUACAAU,0,0.55280871,0.375257755,0,0
21ur-8725,UUCUUCUCUUUUUCUGCCAAG,4.855327427,32.06290521,139.8460568,7.066306628,0.136909669
21ur-6452,UUUGUGGCACACAUGUAAAUU,0.269740413,14.37302647,9.756701634,0,0
21ur-11378,UUUAAUGUUACCAACCCGUCA,0.809221238,6.080895815,159.6096319,0.479071636,0
21ur-11304,UUUUUCAGACUCCUUGCUAUC,0.269740413,1.105617421,1.501031021,0,0.136909669
21ur-15043,UCCGUUUGGCAAUAGAUUGUU,0,0,0,0,0
21ur-10905,UUUAUUGAAAUCUUUAAAAAA,0.269740413,1.105617421,0,0,0
21ur-9139,UGUAAUUGUGAGUCACUGUAU,0.269740413,12.16179163,15.76082572,0.958143272,0.136909669
21ur-6316,UUUUACGAACAAUAACAAAAG,1.888182888,54.72806234,65.98282195,1.257563044,0
21ur-14281,UUGAACCUGAAAUAAAUUUUA,0,0,0.375257755,0,0
21ur-7037,UUAUUAUUAUAGAACGGACGA,1.348702063,4.422469684,13.50927919,1.856402589,0
21ur-6395,UGGAAAAAUGGGAAUUACCAC,0.269740413,2.764043552,0.625429592,0.239535818,0
21ur-12654,UUUUCCUAUCAAAUUAUGUGC,0,1.105617421,1.501031021,0,0