21ur-1895,UAGAAAGUUUGGACAAUUUUU,2.157923301,38.69660973,48.90859409,11.49771926,0
21ur-1481,UGCCAUUAAUUCAUCCGAUAU,6.743510315,122.4471294,59.97869787,3.233733542,0.136909669
21ur-2725,UCCUGUUAGCAAUGAUUAUUU,9.710654854,126.5931947,2533.802906,15.21052444,0.342274174
21ur-4985,UGGACGACCUGGAGUAAUAGA,8.361952791,140.9662212,94.81512614,19.28263334,0.547638678
21ur-5274,UUGGAGAGCGAAAUAGUCUCU,1.348702063,47.81795346,13.69690806,0.778491408,0.136909669
21ur-5172,UCAAAAAUUGAAGGUGUUCAC,6.20402949,350.7571268,110.4508659,23.29485829,0
21ur-5194,UAAUAAAUUUAUAUGAUUGUG,0,5.528087105,0.875601429,0.718607454,0.136909669
21ur-3246,UGAGUGAACUUAUCAGCAGGC,0.539480825,9.674152434,7.192440307,3.772689132,0
21ur-3577,UCUUAUCAUUUCUUUGACAGA,6.20402949,272.5346943,72.17457491,23.11520643,0.136909669
21ur-2825,UAAUGUUUCCUUCCAUUUUGC,0,1.105617421,0,0,0
21ur-2812,UAAUUGUUUUUCAGCGUGUCC,0.809221238,13.54381341,17.51202857,2.754661906,0
21ur-5048,UCGGGCCUUGAGUUUCUUUAA,1.618442476,38.14380102,1.56357398,0.119767909,0
21ur-4126,UAAUUUGGUUGGUGUAUGAAG,0.809221238,13.26740905,7.00481143,0.838375363,0
21ur-1441,UGCAUCAUUUGAUCUAAGUCA,1.348702063,17.68987874,25.1422696,7.066306628,0.136909669
21ur-584,UCAAUCAGUCAACAUCAAACU,0.269740413,0,22.76563715,1.556982816,0
21ur-533,UAAUAACGAAAUUCUGCUGUU,3.64149557,51.41121008,48.34570746,9.701200625,0.068454835
21ur-4243,UCAGCCAAGUGCAUUAACAGU,0,4.975278394,9.381443879,0.718607454,0
21ur-2801,UAAACCAUAUUACAAUAAAGU,0,0.55280871,1.000687347,0,0
21ur-3478,UAAAGUCGAUAGUGAACUGAU,2.157923301,12.71460034,25.89278511,6.467467084,0.273819339
21ur-2362,UACAAUAUACACUUUUUCGUA,0.269740413,2.764043552,4.190378266,0.778491408,0
21ur-963,UGAACUGUACUAACACAUAUA,0.269740413,0.55280871,3.377319797,0.119767909,0.136909669
21ur-2945,UGAUCGCAAUAAAUUAAUAAA,2.427663714,122.170725,62.91821695,7.784914082,0.136909669
21ur-505,UAGAGAUAAUAUUCAACCUGU,7.822471966,28.74605295,31.52165143,4.55118054,0.136909669
21ur-2794,UGCUGAAUAAAUUUGAAAUAG,14.56598228,391.6649714,122.9594578,5.030252176,0.410729008
21ur-5303,UGGAAUGUAUGGAACUGUCCG,9.710654854,114.4314031,142.7230329,26.82801161,0.821458017
21ur-1696,UUAGCAACUUUUCAUCAUGAA,8.496822997,80.71007173,35.58694378,7.066306628,0.273819339
21ur-1837,UCUAUGUCUUGUUUAUUGUUG,7.552731553,54.17525363,81.80619063,24.67218924,0.547638678
21ur-3570,UGCCGAUGAGUCUCUAUCCAA,14.56598228,1038.174758,135.2178778,4.910484267,0.547638678
21ur-2391,UGGUUUAUUCAGUCGUUGUUA,19.69105012,289.1189556,307.8989881,37.54723946,1.642916034
21ur-4653,UAACUAGUGCAGUACACGGUG,0,0,0.062542959,0.059883954,0
21ur-3327,UAAGUACCGAUAGCCUUCAAC,6.473769903,394.7054193,187.5037917,31.85826378,0
21ur-3797,UGCAUCAUCAUUUGUUCCCUU,0.539480825,0,2.001374694,0.718607454,0
21ur-3554,UGUGAAAGAUAUUCUUGUAGA,1.888182888,4.422469684,13.75945102,2.395358179,0
21ur-3158,UUAGGAUUUCACUAGAAGAAG,0,2.764043552,7.942955818,0.419187681,0.136909669
21ur-2319,UAAGUUUUUAUUUAACCAAAA,5.934289078,278.6155901,31.89690919,2.155822361,0
21ur-3233,UUCAAUGCUACCCAUUUCUCG,0.539480825,11.05617421,7.567698063,2.754661906,0
21ur-498,UAAAUUCUUCCUAAAUAUUCC,0.539480825,6.080895815,5.628866328,0.718607454,0
21ur-2890,UCCUUCAAACGUGUCCAUUAC,1.07896165,60.25614944,24.64192592,0.479071636,0
21ur-3271,UUUGGGUGGUUCAAUUUAUUU,13.75676104,1184.392662,271.5615288,10.53957599,0.136909669
21ur-692,UAUGGAGUAGUAUAACCAAAA,73.09965182,712.0176191,64.91959164,41.31992859,0.273819339
21ur-1835,UAGACUUCGAUUAAUGUCCUC,1.07896165,0.55280871,18.51271592,1.19767909,0
21ur-3516,UGCAGUGCUUUUUUCCAAACC,0.269740413,43.67188813,0.500343674,0.119767909,0
21ur-4581,UACGCCAUAAAAAGUAACAUA,15.37520352,19.62470922,268.0591231,1.317446999,0
21ur-1273,UACGUACUUAUUUUGCCCAGA,12.67779939,84.026924,220.4013882,47.18855613,0.410729008
21ur-3635,UCGAGAAAUAAACUUGAUAAU,1.07896165,27.64043552,19.13814551,2.994197724,0
21ur-610,UAGUCCAACGAGAUGUCAAGG,1.348702063,1.105617421,5.378694491,2.27559027,0
21ur-2442,UUACGUGCUUAAAAAAUUGAA,3.236884951,59.15053202,44.53058695,2.395358179,0
21ur-606,UUAAAAUGACUUCUUUUAUCC,2.157923301,23.21796584,25.89278511,1.556982816,0
21ur-1079,UAUACAGCUUAACUACCGAUC,1.618442476,106.6920811,153.23025,1.19767909,0.410729008
21ur-2530,UCGUUCCUGUUCAAAAUCCAA,4.585587014,29.29886166,65.92027899,24.55242134,0