21ur-8713,UUUAUCUUCUUUUUCGCCGAA,0,0.55280871,0.375257755,0.119767909,0
21ur-13807,UUUUUAAUUAAUUAAUUUCUC,0,1.105617421,1.375945102,0.239535818,0
21ur-12523,UAAUAAGGGCGUGUUACCAUG,0,0.276404355,0.125085918,0.119767909,0
21ur-6401,UACUGGUUGUGAAAUUGAAAA,1.888182888,63.57300171,1.125773266,2.634893997,0
21ur-10069,UUAUUCUAUUUUUCACAAACA,1.348702063,29.85167037,14.88522429,1.556982816,0.136909669
21ur-8014,UUAAAACAGUGAAUUUCGAAG,2.427663714,17.68987874,24.39175409,6.82677081,0
21ur-13187,UGGCAGUAGUUAUUUAGUUUU,0,1.105617421,0,0,0
21ur-13248,UGAUAUAACGGUUAACUUAGA,0,1.105617421,0.375257755,0,0
21ur-8424,UUUGCCUGUAAAAAAUUUUCA,10.25013568,149.5347562,103.1958827,2.994197724,0.136909669
21ur-8265,UUUUAACCACUAAACCACAUU,0.269740413,7.739321947,4.127835307,0.718607454,0
21ur-8705,UUUUAUUAGGAAUCUUCAACA,0,7.186513236,3.627491633,0.359303727,0.136909669
21ur-13276,UGAAUGUUUCAAUACCUCUAA,0,1.105617421,0.562886633,0.059883954,0
21ur-6399,UCCACUCCCAAUUUCUCGCCA,0.539480825,49.19997523,47.40756307,0.359303727,0
21ur-11003,UUAUUACUGUUUUAUUGAGUA,2.56253392,4.975278394,2.251546531,2.575010043,0
21ur-6807,UAGAGAAGUUUUUGAAAAAAU,2.967144539,54.72806234,26.64330062,8.144217809,0
21ur-6347,UAUAUCAGACCGUUUCAAAUA,0.809221238,13.82021776,30.77113592,0.718607454,0.136909669
21ur-10154,UAUCUUACAUAUAGGGCUGUA,0,0,1.125773266,0.119767909,0
21ur-5876,UUCGUUUGUCGUCAGCGAAAG,1.348702063,1.658426131,62.35533032,0.239535818,0
21ur-10513,UUUUCGCGUCGUCAUCACAAA,0.269740413,0,3.252233878,0.359303727,0.410729008
21ur-13384,UCCCACCGGCGUAGUUGGUUG,0,0,0.500343674,0,0
21ur-15061,UCCAUACGAACCUACACUCAA,0.077068689,1.658426131,0,0.254506807,0.017113709
21ur-9378,UUUUAAAAAUUCACACUCUCC,0,4.422469684,6.129210001,0.598839545,0
21ur-7385,UCUCGUUUCUUUUUGCUGAUU,0,2.211234842,2.126460613,1.317446999,0.136909669
21ur-5467,UCAUUUGUUUUUUUAAUAUGA,12.67779939,451.6447165,88.56083022,28.62453024,0
21ur-11756,UAAUUACAAUUUUCAAUACAA,0.269740413,4.422469684,1.751202857,0,0
21ur-7976,UAGUAUGUCUGAUAUAAAACA,0,6.080895815,2.126460613,0.239535818,0
21ur-11283,CGAUCAACAUGUACACCUUUU,0,0,7.00481143,0,0
21ur-13398,UCAUUGUCGAUUAUCAUUGCU,0,0,0.375257755,0.059883954,0
21ur-6113,UAUUACCAGAUCUUGAACGUU,1.07896165,7.048311059,24.8295548,1.916286543,0
21ur-13573,UACUACCUGAUGUACUGACUC,0,3.040447908,0.125085918,0,0
21ur-8586,UAGGAAAUGCUUUGAAAAAAU,0,8.844939368,6.25429592,0.598839545,0
21ur-6232,UGACUAAGUCAUAUUUUUCCA,0,1.658426131,3.752577552,0.838375363,0
21ur-7643,UUACUUUUGAUCAAUGUCCAA,0.269740413,2.764043552,1.313402143,0.718607454,0
21ur-8581,UAUGUUAUGAUAUGUUAUGUU,0.269740413,5.528087105,3.377319797,0.479071636,0
21ur-9796,UUCUACGAUACGUAAAAAACU,0.269740413,3.316852263,4.62817898,0.059883954,0.273819339
21ur-6962,CGUAAUCGCAUAUUUAUUCCA,0.809221238,3.869660973,4.878350817,1.137795135,0.273819339
21ur-7687,UUCCCAUUUAUUUAGAAUUGA,1.213831857,13.26740905,11.25773266,0.598839545,0
21ur-14522,UUAGUUCGUUAGUGAGAAGGU,0.269740413,1.658426131,1.000687347,0,0
21ur-13978,UUUGAACCUCUUGCCACCUUA,0,0,0.125085918,0,0
21ur-13947,UUUGCGUACAUAUUGCCAGUG,0,0,0.125085918,0,0
21ur-7424,UGAUGAUUGAUAUCUAUUGAU,1.348702063,12.43819599,2.001374694,0.598839545,0
21ur-7068,UGAACGAGAAUCAGUAAGGAA,1.348702063,6.633704526,6.129210001,4.55118054,0.136909669
21ur-13650,UAACAAAUCAUUCAAAUUUGG,0,0,0.375257755,0.119767909,0
21ur-10525,UUUGGAUAUCUCAAAGAUAAA,0.539480825,2.487639197,1.313402143,0.958143272,0
21ur-14308,UUCUUCGACUAAACCCAAUCA,0,0,0,0,0
21ur-11696,UAUUACUGUUUUAUUGAGUAC,1.618442476,9.397748078,8.505842451,2.215706316,0
21ur-10854,UUUUCUGGUUAUAACCCACCG,0,0,0.250171837,0,0.136909669
21ur-13894,UUUUAGCUUAUGAAUCCGACC,0.269740413,0,0.625429592,0.479071636,0
21ur-8351,UUGAAAAUGAACUUCUUUUCU,0,0.18426957,0.375257755,0.119767909,0
21ur-9653,UCGGUGAUCAAAUCAAGUCCA,0.269740413,2.211234842,1.751202857,0.479071636,0