21ur-15197,UAUUCCUGCGAAUUUCCGGUU,0,0.36853914,0.250171837,0,0
21ur-13784,UUUUUCGUAUUCAUUUCCGGA,0,0,0,0,0
21ur-13067,UUAGAAGCUCAUGCAGUCAGU,0,0,0.375257755,0,0.136909669
21ur-8319,UAUCCUAUUUUUUGUAUUGUU,0.539480825,11.88538728,7.75532694,0.838375363,0.136909669
21ur-9534,GAAUCCAAUAUUCGGUAAAGU,9.171174029,80.43366738,77.30309757,8.862825263,0.136909669
21ur-6737,UCUCUCUGCAUAUAUCUCAUU,0.269740413,4.422469684,8.380756532,0.718607454,0
21ur-14950,UCUUCAAAUAUUACAUGAAAU,0,0,0.500343674,0,0
21ur-7254,UUCAUACAUAGUCAAUAAAUU,1.618442476,19.90111358,92.56357961,3.593037269,0.136909669
21ur-13104,UUAAUAAAUAUUCUUUCGGCU,0.269740413,0,0.75051551,0.179651863,0
21ur-11882,UUUGUUUCCCACGUAAACACC,0,1.105617421,0.125085918,0,0
21ur-11428,UUCUUAUUGCAUUCUCUUUCA,0,0,0.187628878,0,0
21ur-12609,UUUUUUAAGGCUUUAAAACUA,0,2.764043552,1.56357398,0.359303727,0
21ur-10049,UUGACUCGUAUUGGACUAAAA,0.134870206,7.462917592,5.92073347,1.19767909,0.136909669
21ur-13635,UAAGUAAAAAACUCGAACAUU,0,0.55280871,0.125085918,0,0
21ur-6729,UUACUCUAUAGAAUUUACAAU,2.157923301,40.35503587,4.878350817,0.479071636,0.273819339
21ur-9209,CGACGAAACUUUUUAAAUUCC,0,0,0,0,0
21ur-7176,UUUGUAGUUGUAUCACUAUAU,2.157923301,24.87639197,15.88591164,3.593037269,0.136909669
21ur-7525,UAAAAAAUUUUUCGUUUCAAA,0,20.45392229,13.75945102,0.958143272,0
21ur-7742,UUGGGUUUUCAUAUUUGAAAU,0,4.975278394,0.875601429,0,0
21ur-11633,UCGCAAAAAAUAAAGUAUAUC,0,0.55280871,6.19175296,0.359303727,0
21ur-11051,UGUUUUAUCAUCCCCACAGAU,0.134870206,1.658426131,5.128522654,0.479071636,0
21ur-8923,UAAAUAGUUGAAAAAAAUAAU,4.855327427,158.195426,85.55876818,4.311644722,0
21ur-13746,UUUUUUUCUGCAGCAAAGAAU,0,1.382021776,4.252921225,0.119767909,0.068454835
21ur-15222,UAUUACUGUGUGUCCGUUAGG,0,1.934830487,0.437800714,0,0
21ur-14275,UUGAAUAGGCUGGCUUGAUGG,0,1.382021776,0.125085918,0,0
21ur-7905,UGCAGUUUUUGAAAAAAAUCU,0,1.658426131,0.250171837,0,0
21ur-7431,UCGUUUGGUUUUUUAAAUCUG,1.07896165,4.975278394,1.751202857,4.790716358,0
21ur-6097,UUCUCAUGCCAGCAAACAUUU,1.618442476,82.92130657,44.65567287,2.036054452,0.273819339
21ur-15697,AAACACCAGUAACUUGUUGUU,0,0,0.375257755,0.119767909,0
21ur-5780,UGUCUGUCUGAAAAAAACAAU,9.171174029,77.39321947,149.2691959,11.85702299,0.547638678
21ur-15433,UAAUGAAACACAAAUGUUUGU,0,0,0.250171837,0,0
21ur-8149,UGCUUAUGGAGAUAAUAAAAC,0,2.211234842,3.627491633,0,0
21ur-5926,UGCCCAGAUCCAUCAGAGUCC,0.539480825,0,1.876288776,0.119767909,0
21ur-10496,CGAACUGUUUUUGAAAAUUAU,0,0,0,0,0
21ur-14057,UUUCAAAUCCCUUAAAAAGAC,0,0,0.875601429,0,0
21ur-8440,UUCCUUCCUUUUCAAUCGGAA,0.809221238,5.528087105,4.753264899,1.077911181,0
21ur-10794,UAAUUAAUGACGUGCUCCUUA,0.269740413,11.60898292,3.502405715,0.359303727,0
21ur-11325,UUUUACCAAAUUUCUGAAUAA,0,0,1.125773266,0.119767909,0
21ur-15482,UAAGAUACCUCCCGCUACUCC,0,0,0.75051551,0,0
21ur-7911,UCUGUUUUGUCGGAAACUGUC,0,0,0.250171837,0.119767909,0
21ur-14611,UUAAUAAGACUAGCCUAUAAU,0.539480825,3.040447908,2.001374694,0.359303727,0
21ur-9502,UAUGCAUUUUUUCUGCUUUAU,0.539480825,21.55953971,11.50790449,8.383753627,0
21ur-10151,UAUGGUUGCAUACUGUUGCGC,0,0.55280871,0.125085918,0.239535818,0
21ur-14206,UUGGAAUUAAAAUUGGUGUCG,0.269740413,0,0.375257755,0.119767909,0.205364504
21ur-8197,UUGUGAGUUGAAUUUUGGAAC,0,3.869660973,0.875601429,0.598839545,0
21ur-6671,UUGAUCUUCUGUUCUCUCUUC,0,2.211234842,3.564948674,2.27559027,0.068454835
21ur-7014,UUAUUCAUUCGGACAAAAAUU,0.539480825,9.397748078,39.52715021,16.40820353,0
21ur-15170,UAUUUGAAGUUUUUUUGUCGA,0,0,0.375257755,0,0
21ur-10294,UUCAAUUAUUAACUGAAAAUU,0.269740413,6.080895815,4.065292348,0.119767909,0
21ur-12051,UUCGAUUUCGCAAAACAUCGG,0,0.55280871,5.316151532,0.239535818,0.136909669