21ur-1528,UGAAUCGAUUUGUAAAAUUAA,3.506625364,94.53028949,36.65017409,9.22212899,0
21ur-3388,UUUUUGAGUCACGGUGAUUAA,17.66799703,392.4941845,211.2075732,9.880852489,0.273819339
21ur-3858,UCCUAACUUCAAAUUAUCUCA,0,1.105617421,0.875601429,0.119767909,0
21ur-4288,UAAAUAUCGAGUUCUUGAGAG,16.18442476,57.49210589,115.7044745,21.01926802,0.410729008
21ur-4630,UUGAGGUGAAUUGUAGUCCGU,0,3.316852263,1.438488061,0,0.068454835
21ur-4809,UACGUAGGGUUUCGAAACUAA,0.539480825,7.739321947,14.76013837,1.077911181,0
21ur-2340,UAGAAUGGAGAAAUUUAAGCC,0.269740413,12.16179163,17.13677082,2.27559027,0
21ur-853,UGUGCUACUCUUUGGUCAUAG,0.539480825,13.54381341,5.879038164,1.018027226,0
21ur-1947,UCAAUUAGUGUUGAAGGUACA,11.86857816,960.7815388,1030.895596,82.69974113,1.779825703
21ur-2110,UGGUUGGACCACACCCAAAUU,13.89163125,380.3323928,365.3134247,42.7571435,2.60128372
21ur-3822,UAAUAAAUCUUUUGGACCAGU,0,5.528087105,41.40343899,0.838375363,0
21ur-933,UCUCUUGCGUUUACCUGUAGA,0,9.397748078,26.89347245,1.317446999,0
21ur-1549,UGUAUUAAUGGCUAUAUUGAU,14.56598228,290.7773817,181.7498394,11.9767909,0.136909669
21ur-2516,UAGGAAAGCCCCACUAUGCUG,2.157923301,21.006731,38.40137695,4.072108904,0
21ur-1780,UCUUUUCUAAUAAUGACGUCA,6.20402949,24.32358326,200.762899,40.48155323,0.547638678
21ur-1540,UCUUAUCGAACUUUAUUCACC,0,2.211234842,3.502405715,0.359303727,0
21ur-118,UGACACCGGCAAAAAUCAGAA,6.743510315,48.37076217,119.519595,4.191876813,0
21ur-1401,UGCGUGAGGUUUCACCAUUUC,0,0.55280871,0.625429592,0.119767909,0
21ur-2367,UGCUAUAGCGAAAUCUUUCAA,15.91468434,213.6605666,151.2914183,13.77330953,1.095277356
21ur-2803,UCAACUAUUGCCAUAGCACAG,0,11.05617421,8.255670614,0.359303727,0
21ur-4918,UACUCGGCCCGAUUUAUGAUU,0.269740413,16.0314526,14.88522429,0.239535818,0
21ur-2325,UAUUAGAAGGAACGGCGGACA,0,0.55280871,0.625429592,0.119767909,0
21ur-4439,UACCAAAAAUCGCUUUCAAAU,5.664548665,181.8740658,282.2980702,20.69988693,0.410729008
21ur-303,UGAAACGAACAACUACUAAUA,0,3.316852263,0.375257755,0.239535818,0
21ur-1231,UCUGUGAUUAAAUUGUGGUUA,4.315846602,39.80222716,5.003436736,1.437214907,0.273819339
21ur-2857,UCAGGCUUCGCUUCUAGUUGG,0.269740413,4.422469684,26.64330062,1.796518634,0
21ur-2118,UGAAGCUAGUGUCUUUGCAGU,7.013250728,4.975278394,63.41856062,30.66058469,0
21ur-4998,UGUGAAUAUCACAAAUGACAA,2.697404126,193.4830487,73.92577777,3.712805178,0.273819339
21ur-837,UAUACCGAACUGGUCCAAGUU,4.855327427,66.33704526,59.79106899,3.353501451,0
21ur-427,UAAGUAGUGUUUAUAAAAUAA,114.3699349,1780.596857,321.2206384,47.90716358,0.547638678
21ur-3898,UGAGUAGGGCAUUGGAUUACU,5.934289078,59.70334073,84.05773716,1.916286543,0
21ur-4530,UGUCAGUUUUGAAUUAACAGU,1.888182888,4.422469684,19.0130596,0.479071636,0
21ur-3170,UGAUUGACGACGUGGCUAUCA,1.213831857,35.93256618,11.07010378,0,0
21ur-4571,UGUAUUUUGAUAUCUGGAAGA,17.80286723,158.1032912,312.9649678,45.63157331,0.547638678
21ur-3171,UUAAUGCAUGGGCGGAUUUCA,0.539480825,32.33930956,9.006186124,0.479071636,0
21ur-1025,UUCGUAUCGAUUAUUUGUGAC,68.24432439,1019.932071,1299.142348,225.6427405,2.122099877
21ur-2684,UAGAGGUGCACUGUGAGUUAA,0.539480825,40.07863151,10.00687347,0.658723499,0
21ur-3489,UAAAGUGGACAAUAAUAUCAU,0.809221238,0.55280871,5.003436736,0.239535818,0
21ur-5306,UCGCAUCCGUGUGUCAACUUC,0.809221238,1.658426131,4.503093062,0,0
21ur-4306,UCUCACUCAAAAAUAGGCACU,7.013250728,39.80222716,264.6818033,16.0488998,0
21ur-3993,UUCUUUUCUGAAAGGUGUCCA,2.427663714,147.8763301,108.5120342,3.47326936,0
21ur-522,UCCACGCGGUAAUUUCAUUUU,0.539480825,0,3.627491633,0.119767909,0
21ur-4903,UCUACGGUUCAUUUUACAUCA,4.585587014,39.80222716,22.26529347,0.479071636,0.136909669
21ur-2843,UGCGUAACCGUUUCUGUGUGA,4.855327427,97.29433305,125.4611761,30.42104887,0.136909669
21ur-1903,UUGGAUCCAUUUAAAAGAAUA,20.77001177,557.7839889,37.52577552,44.1943584,0.958367686
21ur-696,UCACUCAUUUGUAUGUUAAGA,1.618442476,7.186513236,13.13402143,2.754661906,0
21ur-801,UGAGACGAGAAGAAAAGAUUU,0.269740413,14.92583518,13.50927919,0.598839545,0.136909669
21ur-2927,UAAUUAGUGCUAAAUAAAUAG,4.315846602,546.7278147,128.0879804,21.79775943,0
21ur-3823,UGUUCAGUUUAUCGUACAAAU,4.046106189,92.87186336,150.5409028,24.25300156,0.136909669
21ur-1535,UCACAAUAAAUUCACUGAGGG,4.180976396,119.1302771,525.6110291,26.82801161,0.547638678