21ur-6712,UCCAGGAACUCAAGGGACGAU,0.539480825,3.316852263,3.12714796,0.479071636,0
21ur-8881,UCUCAAUUACAAUACCUUUAA,0,3.316852263,1.751202857,0,0
21ur-12103,UUAUGAAUUUUACCGAGUUGG,0,0,0.500343674,0,0
21ur-8602,UUUUUGCUCUACGGAGAAUGA,50.17171675,4.422469684,1.626116939,48.26646731,1.506006364
21ur-15523,UAAAGUGGAGAAUGCCUUGAU,2.427663714,0,0.125085918,0.119767909,0
21ur-14363,UUCCGUUUUGGUUUGCGUUCA,0.269740413,0,0,0,0
21ur-13239,UGAUGUUGUUUUGAUAGUAAG,0,0,0.125085918,0,0
21ur-13581,UACCGCAGUUUUUAUUCUGAA,0,0,0,0,0
21ur-116,UGGGGUUGUAGAUAUAGAAGA,4.855327427,29.29886166,23.51615266,4.670948449,0.273819339
21ur-2397,UGCGGUAAACUUUCAGCAACA,0,2.764043552,0.75051551,0.119767909,0
21ur-506,UUACGCUGGAUCUAUCAAAAU,0,1.105617421,1.375945102,0.359303727,0
21ur-4622,UCGAUCUUCAAAACAGUUGCU,0.269740413,18.79549616,127.212379,14.19249721,0.068454835
21ur-2058,UCACACGGCGACUAUUUUGAC,0.539480825,18.79549616,19.51340327,1.19767909,0
21ur-4870,UUCAAACCAUUUGGGAUUAAU,0,2.211234842,3.002062041,0.479071636,0
21ur-4588,UACUUGCUUAAAAUAAAAAAU,0.269740413,15.47864389,17.26185674,0.239535818,0
21ur-5324,UACAGAAGUAGAAUUCGAACC,0.269740413,0,0.125085918,0,0
21ur-5430,UGAGUUUGUGGAAGUAUAUUC,0.809221238,6.080895815,1.876288776,0.479071636,0
21ur-2481,UUAAAGUUCUCUCGCAUUUCU,0.269740413,0,1.501031021,0.598839545,0
21ur-3953,UAAAAUAGUCACCAUUACAAA,0.539480825,21.55953971,96.44124308,2.754661906,0
21ur-12,UGGUUUUGUCCUCUUUGUACC,0,3.316852263,0.75051551,0.359303727,0
21ur-3719,UCAUCUUACGAAAUUCUUUUA,0.809221238,4.975278394,10.75738898,2.634893997,0.136909669
21ur-2121,UGGAUACGCUCUUCUUGGUUA,0,0,0,0.479071636,0
21ur-62,UAAGACGUAAACGUAUAUAUU,0,2.211234842,1.000687347,0.479071636,0
21ur-5230,UAGGAGUUCAGUACUGUUUGA,2.157923301,14.37302647,32.6474247,6.587234993,0.136909669
21ur-3444,UUAUGAGAAUUUUAAUUAUGC,1.348702063,13.26740905,8.630928369,4.191876813,0
21ur-4280,UCAUGAGCGAAUUUAGGCAGC,0.269740413,2.764043552,27.14364429,2.036054452,0
21ur-950,UAAUUGUGACUAAAUUUUUGA,0.809221238,21.55953971,11.88316225,1.556982816,0
21ur-4762,UAACAUUAUGCUUUCUGCAAU,0.269740413,1.105617421,5.128522654,0.119767909,0.136909669
21ur-2943,UGCGACCGCGAUACUUCUAAA,3.776365777,103.9280376,154.856367,14.85122071,0.136909669
21ur-3428,UAAAUUUGCCAGUUAUAGGAA,0.269740413,7.739321947,50.28453919,2.395358179,0
21ur-778,UGACGAUUCAGAAAAGUCGAC,0,0,1.876288776,0.239535818,0
21ur-10576,UUGAUAUUUUUUAUUUUAAGC,0,1.105617421,0.250171837,0,0
21ur-6198,UCUCAAGUGUAAACUGGCAUU,0,0,1.375945102,0.239535818,0
21ur-6371,UGAAGAAUUAUGUACAAAAAU,0.809221238,7.186513236,4.002749388,0.479071636,0
21ur-9336,UAGUUAUGCCAAAACUUCAAA,0,3.869660973,4.002749388,0,0
21ur-12642,UUUUGAAUAAAAUUGUUUGAA,1.07896165,20.45392229,6.129210001,2.395358179,0
21ur-9085,UUUCAAACCAUUUGGGAUUAA,1.618442476,17.13707003,14.63505245,4.55118054,0.136909669
21ur-11788,GGUUUCUUAAAUAAUGUCAUA,0,0,0.125085918,0,0
21ur-14120,UUUAAAGUUCUCUCGCAUUUC,0.269740413,0,1.125773266,0.239535818,0
21ur-10249,UUGUCCCAGUAUACCAAUAUU,0.269740413,1.105617421,1.000687347,0.119767909,0
21ur-10277,UUCGAUCUUCAAAACAGUUGC,0.269740413,0.55280871,2.376632449,0.059883954,0.068454835
21ur-15226,UAUUACGUCUUGGUCCUCAAG,0.269740413,0.55280871,0.687972551,0.239535818,0
21ur-5783,UCCAUUUAUUGAUAAUGGGAA,1.07896165,18.24268745,8.130584695,1.077911181,0
21ur-13854,UUUUCUUAACUCCAUGCUUCU,0,0,0.500343674,0,0
21ur-9076,UUUUGCUCGUAGUUAGAUUUG,0,1.105617421,3.752577552,0.479071636,0
21ur-9197,UAAUCGUCAGGUUGGUGCUUU,0,0,1.250859184,0,0
21ur-9225,UUUUGUCCUCUUUGUACCCUG,0,0,0.375257755,0,0
21ur-9442,UGUUUUGAUUAUUUUAUCAAG,0,0.55280871,0.375257755,0,0
21ur-5726,UCACACCUUAAUAAAUAAUAA,1.07896165,16.0314526,45.78144613,2.27559027,0.136909669
21ur-6396,UGCGCAACUCAUAUUUAUCAA,0.539480825,5.528087105,7.75532694,0.239535818,0