21ur-10821,UAAAAGAUUUAGGGGCCAAAA,0,0.55280871,0,0,0
21ur-7432,UCGUUGAACACUAUAUGUUUU,0,0,1.501031021,0.119767909,0
21ur-5989,UAAUGCUUCUCUAACUGUAAU,0.269740413,9.950556789,10.50721714,1.077911181,0
21ur-11126,UCUUUUGAAUUUUCGUAAUUU,0.269740413,6.633704526,1.000687347,0,0
21ur-9634,UGCUUCUCUAACUGUAAUAAC,0,0,0,0,0
21ur-14311,UUCUUAUUUUGGGGUCAGUGU,0,0,0.687972551,0,0
21ur-6472,UCACAUCAGAUCUACAUAUAU,0.539480825,29.29886166,32.89759654,0.479071636,0
21ur-6351,UUUGGACUUUUGAAUGAAAUU,4.046106189,63.020193,50.53471103,2.754661906,0
21ur-7145,UUGUUGAUCUCCUGGUAAUUC,0,3.040447908,2.439175409,0.119767909,0
21ur-14378,UUCCAUCAUAUUUUUAGAGAG,0.539480825,0,0.500343674,0,0
21ur-15283,UAUAAUUUUGAAAACUCGAAA,0,0,0.250171837,0.239535818,0
21ur-10444,UAUAAUCUUUUACUUCCAUUU,0,0,1.501031021,0.239535818,0.136909669
21ur-11943,UUUAUGGACUUAACUUCAGAA,0,0,0,0,0
21ur-7728,UAAAGCAGAAAUAUUUACCAU,0,1.658426131,0.250171837,1.19767909,0.068454835
21ur-9315,UCGAAACCGUAAAAUUUGGUU,0,0,1.250859184,0,0
21ur-15348,UAGAAAACCGGCUCUCAAAGU,0,0,0,0,0
21ur-14810,UGCUAACACAUUUAAAAAAUA,0,0,0,0,0.136909669
21ur-5794,UUUAAAACGAAGUUUAGGAGA,5.394808252,41.46065329,102.3202812,9.461664807,0
21ur-8940,UUUGAAAAGUUCAUUUGGAAA,0.269740413,5.528087105,4.252921225,0.718607454,0
21ur-11254,UAAUAAUUUGGUCGUUGACUU,0,0,2.501718368,0.359303727,0
21ur-12913,UUGAAUAAAUCUAAAUCCCUG,0,0,0.75051551,0.119767909,0
21ur-5685,UCUGCCUAAAAAAAAUCAUCU,0.539480825,120.7887032,105.5725151,1.077911181,0
21ur-10332,UGUAUCGCAGGUCCCAAAUUU,0,4.422469684,1.250859184,0.239535818,0
21ur-12454,UAGGUAAUCUCCCUCAUAUAU,0,2.211234842,1.375945102,0.718607454,0
21ur-8103,UAAAGGAUUAAUAAUAAAAUG,0.809221238,14.92583518,7.129897348,0.479071636,0
21ur-15669,AGUACCGUGAUUUGAUUUGGU,0,0,0.250171837,1.137795135,0
21ur-9260,UUGAGAGAACGCAAUUGAUAC,0,3.132582693,0.562886633,0.059883954,0
21ur-11563,UGGAGAGUUUUCAAUUAAUUU,0,0,0,0,0
21ur-8666,UGAAACAGUGGAUUUUUGGGC,0,0,0.125085918,0,0
21ur-13130,UGUUGAUCUCCUGGUAAUUCU,0,0.276404355,0.062542959,0,0
21ur-7710,UCGCAUACAAACUAGGAGCUU,0.269740413,2.211234842,2.876976123,0.598839545,0
21ur-12532,UAACACAUUUAAAAAAUAAAC,0.539480825,1.105617421,3.002062041,0,0
21ur-7415,UUAGAAUGAACUUCAAAAAAU,0.539480825,7.739321947,19.63848919,1.916286543,0
21ur-9205,CUCAUGAUGAAUCAUAUGUAC,0,0,0,0,0
21ur-15660,AUUCCAGACACACAGAAGGAA,0,0.829213066,0.792210816,0.119767909,0.136909669
21ur-14599,UUAAUGGAUUCCCAACAGAAA,0,0,0.375257755,0,0
21ur-7889,UUGGAGACGGAUCCUAUUGUU,0.269740413,1.658426131,1.000687347,0.718607454,0
21ur-13142,UGUUAAAGCAGAAAUAUUUAC,0,1.658426131,0.125085918,0,0.068454835
21ur-9307,UCUGUUCAAAGAAUAACAACU,0.269740413,0,5.879038164,0.239535818,0
21ur-14645,UGUUUUUUAUCAGAUUAGAGG,0,0,0.125085918,0.119767909,0
21ur-6400,UCAGAUCAAAAAUUUUUAAAG,4.046106189,121.341512,175.7457153,0.119767909,0.136909669
21ur-4032,UCAAGAAUUCUCCGACGUACU,0.269740413,0.829213066,1.751202857,0.239535818,0.068454835
21ur-4925,UGAGCAUACUCGAAGUGCAUC,0.269740413,6.633704526,3.252233878,0.239535818,0
21ur-1986,UGAAGGCGAAUAAAUUUAAAA,19.69105012,457.7256123,133.4666749,11.9767909,0.958367686
21ur-3347,UCAGGCUUUCAUUUGCUUUUC,0.269740413,6.080895815,2.126460613,1.19767909,0
21ur-1620,UACUACGAUAUUAUUUUUUGU,0,40.90784458,4.753264899,0,0
21ur-986,UCUCGUCAAGCGAUGAAUCAA,0.404610619,0.829213066,10.94501786,1.976170498,0
21ur-3545,UCAUAGAGUAAGAUUUGUUCU,9.980395267,135.9909428,147.7264696,16.52797144,0.136909669
21ur-514,UGGAUCAGUCAUUUCAUUAUU,3.776365777,14.92583518,0.625429592,7.305842446,1.095277356
21ur-804,UGUAAUUAGGUCUAGCUACAU,0.269740413,5.528087105,4.753264899,0.119767909,0