21ur-14745,UGGUGACUAACAACAUCUAGC,0,0,0,0,0
21ur-13952,UUUGCAUCUGAGUGAAGUGAA,0.269740413,1.105617421,0,0,0.136909669
21ur-13747,UUUUUUUCCGAUCCAAAUGCG,0,0,0,0,0
21ur-12607,UUUUUUCCGAUCCAAAUGCGU,0,0,0,0,0
21ur-14304,UUCUUGCAUCAUGCCUCCGAA,0.269740413,0,0,0,0
21ur-12110,UUAUAUCCCGGAAUAAGUGGU,0,0,0,0,0
21ur-13555,UAGAGGCUAUGAUCGAGAUUA,0,0,0,0,0
21ur-12269,UGAUUAUAUAAGUAGGAACAG,0,0,0.250171837,0,0
21ur-12375,UCAAAUGUUGAAUUUCUGAUC,0,0,0,0,0
21ur-5354,UGUCACGUUUUGUUGUAUUUA,0.269740413,4.422469684,4.503093062,0.479071636,0
21ur-1242,UAUGAAAGGAUACAGCUGCGC,0.539480825,42.013462,143.7862632,1.077911181,0
21ur-237,UUGGUUGAUGUUUCGUCUUUA,1.618442476,36.48537489,20.45154766,3.652921223,0.136909669
21ur-3638,UAAAUUAUGUAUGUUGUCAAA,0.539480825,23.77077455,3.502405715,0.359303727,0
21ur-4161,UCACGCGAUAGUUCUCUAUAA,0,0.55280871,0.375257755,0.239535818,0
21ur-4114,UCGUUGGUCUCCUUCAUCUUC,0,1.105617421,7.75532694,0.838375363,0
21ur-3796,UGCCUUUAGCAUUUUUCGUAA,0.539480825,31.5100965,30.52096409,5.030252176,0.273819339
21ur-4758,UGUGAUUCAAGCUGGUAUAAU,0.809221238,12.16179163,11.32027561,1.018027226,0
21ur-2612,UCCAGUUAUAAUCGCAAGAAA,8.901433616,122.170725,121.8336845,30.7803526,0.410729008
21ur-1064,UAAACACCUCGUUAUUUGUUC,0.269740413,0,8.505842451,0.598839545,0
21ur-4856,UUGUUCGAGCAAACACUUUUC,1.618442476,7.186513236,261.5546554,3.353501451,0
21ur-874,UAACUGGUCGAAGCUUGUCGA,0.809221238,0.55280871,3.12714796,2.036054452,0
21ur-746,UUAGACUCUUUUAUGUGCUAU,0,1.105617421,2.751890205,0.958143272,0
21ur-4818,UUAUUGCUUUAUUGAAUCCUG,0.809221238,3.869660973,9.506529798,2.395358179,0
21ur-1635,UCUGCAGGAGUAUCGAUUGAA,0.539480825,2.764043552,7.380069185,0.838375363,0
21ur-12460,UAGGAAUAAAAACUGAUAUUC,0,0,0.125085918,0,0
21ur-11121,UGAACAAUUGAAAGUAAUUGA,0,0,0,0.359303727,0
21ur-5927,UGAUACUCGUCGAAUCGCAUA,0.944091444,0,15.323025,1.29748568,0
21ur-9942,UAAUUUCUUCAAUUUCUUCAA,1.416137166,12.71460034,18.76288776,4.55118054,0.136909669
21ur-8466,UCGAAUAAUUGUGAGUUCGAC,0,2.764043552,1.375945102,0,0
21ur-12895,UUGAUACUCGUCGAAUCGCAU,0.134870206,0,2.689347245,0.2195745,0
21ur-10704,UCUGUCAAAUUCCAUAGAAAA,0,0.55280871,2.501718368,0.598839545,0
21ur-6506,UUCACUUAGAAUUUUCUGACU,0,3.869660973,15.88591164,3.712805178,0.136909669
21ur-8365,UUAGGAUUGAUCAGGAAGUUG,0,7.739321947,7.505155103,0.598839545,0
21ur-9133,UGUUUCACUUAGAAUUUUCUG,0.269740413,0.55280871,9.131272042,2.27559027,0.136909669
21ur-10479,UAACGUAGUUUUUGUCUUUUU,0,0,1.000687347,0.239535818,0
21ur-8207,UUAUUACAUAUGCAUAACCAA,1.348702063,18.79549616,26.64330062,2.515126088,0
21ur-12440,UAGUUUGUUUUUGUUUUAAAU,0.269740413,0.55280871,1.501031021,0.598839545,0
21ur-11664,UCACGACUUUUAUUUGAACUU,0,1.105617421,0.125085918,0,0
21ur-10915,UUUAAGAAUCUUUUUUAUAUU,0,4.422469684,0.75051551,0.119767909,0
21ur-10682,UGAUGAGCGCACAAUUUUCAU,0,6.633704526,0.375257755,0,0
21ur-14525,UUAGUGGUGUCUGCUUCACAC,0,0,0,0,0
21ur-9043,UAUUGAUACUCGUCGAAUCGC,0,0,2.501718368,0.998065908,0
21ur-8295,UGCGCCAUCAUCACUUUCGGA,0,0,0.125085918,0,0
21ur-12145,UUAAAUAAGGUUGAUUGGAAA,0,2.211234842,2.251546531,0.119767909,0
21ur-11742,UACAGAUCUUCGAUUUAUUGA,0,0,0.125085918,0,0
21ur-15452,UAAUAUGAAAGGAUACAGCUG,0,0,0.062542959,0,0
21ur-13517,UAUCCUAGAAUGACAAAUCAA,0.269740413,2.487639197,5.566323368,0.598839545,0.136909669
21ur-11814,UUUUUUUAGAGAUUUUGAUGU,0,10.5033655,8.630928369,0.239535818,0
21ur-10114,UCUUCCUUUUUUACUCUCUCU,0.269740413,0.55280871,2.876976123,0.119767909,0
21ur-6512,UCGUUCACGACUUUUAUUUGA,0,1.105617421,6.25429592,1.796518634,0