21ur-7626,UUUACGUGCCCGUUGUCUUCA,0.539480825,28.74605295,15.88591164,0.119767909,0
21ur-13489,UAUUAUAGAAACGUUUCCCUC,0,0,0.500343674,0,0
21ur-7699,UGAUUUUUCAGAUCUAAAUUG,0.539480825,4.975278394,8.255670614,3.47326936,0.684548347
21ur-5462,UUAUUUUUCAGAGAGUCAGGA,0.809221238,12.16179163,15.6357398,0.359303727,0.136909669
21ur-10043,UUGGAGAGAAUAUUAUAGAGA,2.157923301,1.382021776,0.125085918,0.718607454,0.136909669
21ur-10890,UUUCGUGAAAUUUCAAAGUUU,0,0,0.75051551,0.239535818,0
21ur-11611,UCUUUACGAAGUUUCUAAAUU,0,1.658426131,0.625429592,0,0
21ur-10427,UAUUAGACGUGUUGAAAAAAU,0,1.796628309,1.56357398,0.479071636,0
21ur-15333,UAGCUCUUCCGAGCGAGUUUU,0,5.528087105,3.627491633,0.598839545,0
21ur-7316,UUUCAGUGUUUUCUCGAGAUU,1.708355947,11.05617421,13.82199398,3.892457041,0.319455895
21ur-6449,UAAGAUAAUUCUGCCUACUUU,0,10.22696114,0.75051551,0.119767909,0
21ur-12995,UUCAUCGUACACAAUGCCAUU,0,0,0.437800714,0,0.136909669
21ur-8367,UUAAAUACCGAAAAAAUCAAA,0,12.16179163,4.002749388,0.119767909,0
21ur-13547,UAGCAUAAAUUUCUGAACUAA,0.809221238,4.975278394,5.128522654,0.838375363,0.136909669
21ur-10403,UCAAAAAUAGGCACUUUCAGA,0,1.105617421,0.625429592,0.119767909,0
21ur-10147,UAUUAAUCUUAGGCUGUGAAA,0,3.040447908,3.002062041,0.658723499,0
21ur-5588,UUUGAUUCCAUUAGGUCAUCA,0.809221238,22.11234842,10.00687347,6.82677081,0
21ur-5621,UGAAUUGUUCCUUCGUAAAAA,15.64494393,289.6717643,128.2130663,24.19311761,0.547638678
21ur-11776,UAAAUAUUUGAACAAUUUUAA,1.888182888,107.2448898,19.26323143,0.718607454,0
21ur-8349,UUGGGCGAUGUGUGAUCAAUU,0.944091444,13.26740905,13.38419327,0.239535818,0
21ur-10186,UAACAAAUCAAAAAAAGUUUU,0.539480825,15.29437432,6.504467756,0.838375363,0
21ur-8025,UCUGUCAAAGAGUUAUGAAAA,1.07896165,13.82021776,25.89278511,2.395358179,0
21ur-10505,UUUUGUGAAAUUUUCGGUUCA,0,0,0.437800714,0.299419772,0.205364504
21ur-6564,UGGUACUCCCAUAUAAUGUUU,0.539480825,8.844939368,52.78625756,0.239535818,0
21ur-12061,UUCCGGGAAUUCAAAUUUUAA,0.809221238,8.015726302,1.250859184,0.499032954,0
21ur-10463,UAAUUUUGACAUUAAAUGUUA,0,1.105617421,0.375257755,0.239535818,0
21ur-7366,UUCUGGGAGACGGAGAAUAAG,0.404610619,6.080895815,1.063230306,0.359303727,0.136909669
21ur-10764,UAUACAUUUUUUGCAAUUGCU,0.269740413,6.910108881,8.881100206,2.036054452,0
21ur-9463,UCUCGAGAAAACACUGAAAAU,0.539480825,0,1.375945102,0.119767909,0
21ur-11871,UUUUAUGAUUUCUGUUGUCGA,0,0,0.500343674,0.239535818,0
21ur-12081,UUCAAGCACCGUAUCUAACGA,0.269740413,0,0,0,0
21ur-10641,UGUUUACAAUGUUCCAAAAAA,1.07896165,30.22020951,11.5495998,1.556982816,0
21ur-11039,UUAAGAUUCACACAUAAUCUC,0.539480825,3.869660973,3.87766347,0.958143272,0
21ur-8393,UAUACAUAGGGUUAUUAUAAA,2.157923301,12.16179163,15.6357398,0.239535818,0
21ur-8757,UGAUUCCUAAAAAUAAAAUUA,5.394808252,152.5752041,41.40343899,0.958143272,0
21ur-14153,UUGUGCUACUUUCCCACAAAU,0,0,0,0,0
21ur-7213,UUGUGAAUUGAAGUUGCAUCA,1.888182888,8.292130657,8.255670614,2.874429815,0
21ur-11207,UAUAAGAAAUUAAAAAAAAAA,1.07896165,51.871884,41.36174368,0.119767909,0
21ur-5788,UCUUGCCGGUAUUGAUGUUGA,0.269740413,0.55280871,4.753264899,0.359303727,0
21ur-13595,UACAAAUUUUAAAGUAAAAAU,0,9.397748078,1.626116939,0.119767909,0
21ur-14614,UUAAGUGUGUUUUCUGUUUUU,0.134870206,16.86066567,8.56838541,1.377330953,0
21ur-5544,UGAUUCCGGGAAUUCAAAUUU,3.64149557,105.3100593,102.2577383,6.427544447,0
21ur-8575,UAUUUUUGAUUUUUUGACAUU,2.173790384,9.397748078,2.876976123,2.634893997,0
21ur-14488,UUAUUACAAGUUUGAUUUUGU,0,0,0.125085918,0,0
21ur-13528,UAGUUUGAUAUGAUUACUUAA,0.404610619,2.487639197,1.313402143,0,0.136909669
21ur-8670,UCUAUUGGUUUUAGAAACUGA,0.539480825,7.186513236,6.004124083,0.359303727,0
21ur-14831,UGCAGUCUGAAAUUUAUGAAU,0,0,0.75051551,0,0
21ur-7941,UUUCUUUUCGAAAGGUAUUUC,1.348702063,3.869660973,5.253608572,2.515126088,0
21ur-14485,UUAUUAGACGUGUUGAAAAAA,0.269740413,2.34943702,1.313402143,0.119767909,0
21ur-11625,UCUAGCGGAACAGUAAAAAAU,0,0,0,0.119767909,0