21ur-4627,UCAUAGAAAAGAACCUAUUUU,0.539480825,13.26740905,3.87766347,0.598839545,0.273819339
21ur-3668,UGAUCUGUUCUUUUCAUUUCA,14.83572269,609.195199,84.18282308,36.40944432,1.095277356
21ur-275,UGAUAUAUAAUUAAAGAACAU,6.608640109,313.9953476,119.2694232,0.958143272,0
21ur-3300,UUACUUAGGCAUUGGUGUACU,1.07896165,37.49885753,51.3477695,2.036054452,0.136909669
21ur-1130,UGUAAUUGGAAGAAUCGUUGC,0.809221238,10.5033655,32.52233878,1.19767909,0
21ur-3989,UCGGAUUUCGACAAAACGAUU,1.07896165,15.47864389,7.630241022,2.155822361,0
21ur-2217,UGGGGCAACAACAAUUUCGUU,2.427663714,116.6426379,16.26116939,0.239535818,0
21ur-2288,UUAUCGAGUCAAAAUAAGUCA,0.269740413,0.55280871,3.252233878,0.479071636,0
21ur-511,UAACCAAUCUUUCCAUUUCUA,1.888182888,17.13707003,53.66185899,5.629091721,0.273819339
21ur-3281,UAGACAUAAAAUGCAUUUGAA,0.809221238,2.211234842,5.879038164,0.359303727,0
21ur-4633,UCGUACUUCUGCAAUAUUUUC,1.618442476,9.397748078,127.5876368,6.227931266,0
21ur-2047,UGUUACAAAUUUUUAGGAAAA,31.28988786,1130.033139,664.0811407,39.463526,0.205364504
21ur-3550,UCGACCUAUAAACCUUUGUGU,4.585587014,487.3008783,93.1890092,8.144217809,0
21ur-2133,UCUUAGCAUGUAACCGUAUCA,1.618442476,16.58426131,25.01718368,2.155822361,0
21ur-4775,UAUCUGAUCGACAUUGAUUGG,1.618442476,3.316852263,3.002062041,4.55118054,0
21ur-3212,UAAAAAUUUGCAUUAAUGAAC,0.269740413,4.422469684,9.131272042,0.479071636,0
21ur-4880,UACUCUGGCACAUGAUUUAAA,0.269740413,8.015726302,9.256357961,1.437214907,0.205364504
21ur-404,UUGCUUUAGAACGCUCACAGA,1.618442476,0,3.502405715,0.719817231,0
21ur-4082,UGUGUGAUGCGAAAUAUUUUU,0.809221238,107.2448898,6.692096634,0.479071636,0.136909669
21ur-2806,UAGACGAAAUUCUCCUUGUAC,2.697404126,2.211234842,7.254983267,0.718607454,0
21ur-3057,UAGAGGCAUUCCUGAUGUUUU,1.618442476,33.72133134,7.75532694,0.958143272,0
21ur-2634,UUCUUGCAAGUUGUCACGAUU,3.236884951,16.0314526,95.56564165,20.24077661,1.369096695
21ur-1476,UGACUAGUUGCUGAUCCUCGC,0.269740413,0.55280871,5.253608572,0.958143272,0
21ur-3124,UCAGAUACUGGUCCUUGGAAA,86.67658592,2841.344637,991.1599697,103.6591252,1.506006364
21ur-2607,UCUGUCUCUUAUGAUGAUAAC,2.697404126,9.397748078,19.26323143,0.838375363,0.273819339
21ur-1160,UAAAAAUGACAAUUAAAAAAA,1.888182888,57.21570154,47.47010603,0.239535818,0
21ur-4303,UAGAAGCCAUUGACAAAAUCG,0,4.422469684,0.875601429,0.239535818,0
21ur-3980,UGUGAAUAUUUUUUUCACGAC,1.07896165,97.29433305,11.13264674,0.598839545,0.410729008
21ur-1639,UGCUUGUAUGUAUACUUUGUG,0,2.764043552,4.503093062,0.359303727,0.068454835
21ur-2054,UCGGAGGAUUCAGCCUGCAAU,0,0,0.375257755,0.119767909,0
21ur-4881,UGAUGGACUUCUACUUGGAAA,71.75094976,1765.671021,581.0240909,5.74885963,0.821458017
21ur-1657,UAAGCGCCCUUUCUUUGGUGA,0.269740413,0.55280871,4.753264899,0,0
21ur-2755,UUAAAAGAAAUAGAUUUGAUG,0.809221238,82.92130657,52.28591389,5.509323812,0.273819339
21ur-5082,UCCUCGACUAUUUCGCCAAAA,11.73370795,55.83367976,164.5505256,39.58329391,0.821458017
21ur-5411,UAGUAAUGCUCACGUUGAUCA,1.618442476,10.5033655,18.76288776,1.916286543,0
21ur-149,UGGUGUUGAAAAAAAUAGUUU,0.269740413,3.316852263,0.75051551,0,0
21ur-2333,UAUGUAUGUCUUUGAUCUCAU,0.809221238,3.869660973,1.250859184,0.598839545,0
21ur-5030,UAACAGAAGACUUGAAAAAGG,5.12506784,8.844939368,35.14914307,17.60588262,0.136909669
21ur-4110,UGAGUGGUUGUAAUUUGGUUG,14.02650146,134.0561123,45.34364542,18.80356171,2.46437405
21ur-2378,UGAGGUCUGCAACUUGUUCCA,74.17861347,1811.554144,759.8969542,60.36302611,0.547638678
21ur-4690,UAUUGCAUUACCGACUCAACA,4.270889866,87.15950669,52.91134348,7.665146173,0.045636556
21ur-602,UUGGCGAUAGGAAUUGGUAGU,20.77001177,288.5661469,255.5505313,44.31412631,1.095277356
21ur-3066,UCCUUAUUUUCUACGACAUCA,0,8.292130657,15.26048204,0.718607454,0.136909669
21ur-2316,UUCGGAUUUCGACAAAACGAU,1.348702063,6.633704526,9.881787553,2.994197724,0.136909669
21ur-1892,UAUAUAAUUAAAGAACAUUGA,2.56253392,52.5168275,74.86392216,5.030252176,0.410729008
21ur-3439,UCCCUUUCCGACGUAGAAUAU,4.855327427,43.11907942,131.2151284,11.73725508,0.136909669
21ur-1350,UAAUAACUGCAUGUUCAAUUC,0,1.105617421,3.12714796,0,0
21ur-4781,UCAAUCGUAAAUUUGAAGUGU,12.13831857,112.7729769,580.0859465,26.7082437,0.479183843
21ur-1173,UUUUGAUUGAAAUACAAAACA,8.631693204,218.4515754,103.9255505,11.49771926,0.136909669
21ur-1507,UCUGAUUGCACAACUUUAAUU,24.54637755,1431.221751,413.6591321,74.37587146,0.684548347