21ur-103,UGCACCUUGAGGGGAACUAGA,2.427663714,43.67188813,207.7677104,1.317446999,0.136909669
21ur-3648,UUACCUAAAGAUAUCAACUUC,1.07896165,3.316852263,14.63505245,1.317446999,0
21ur-1855,UUGCGAAUCAGGUGUUUUCGA,0.269740413,2.211234842,7.630241022,0.718607454,0
21ur-1320,UAUCAUAUUAGAUGUCACGUA,0.269740413,0,0.375257755,0.119767909,0
21ur-5268,UGCAACAUCAGCACCUUAUUA,0,6.633704526,2.376632449,1.916286543,0
21ur-2692,UAACAUGUUAUCUAACUGUAC,0,1.105617421,0.875601429,0,0
21ur-5006,UGCGAAUCAGGUGUUUUCGAA,3.236884951,26.5348181,62.29278736,3.353501451,0.273819339
21ur-5162,UGGUGUAGAUUGCCUAGCUUG,0,2.211234842,1.56357398,0.359303727,0
21ur-1381,UACUGCUUUUGGAUGUUACAG,0.809221238,7.186513236,4.753264899,0.598839545,0.136909669
21ur-233,UAAACUUUUGAUCCGGUUGCC,0.269740413,6.633704526,18.88797368,1.676750725,0
21ur-4047,UCAUAAUGCCUUAAUGUAUGC,0,4.975278394,2.001374694,0.119767909,0
21ur-1940,UUUGGUAGAUCAGAUAUAACA,2.697404126,23.21796584,68.79725511,4.910484267,0
21ur-3256,UGCAAUUUGUCAUGUUGAUGA,1.618442476,21.55953971,35.64948674,2.874429815,0
21ur-4056,UAAUGCUUUACGAAAGUCAAA,5.12506784,22.66515713,25.76769919,9.940736443,0.068454835
21ur-4504,UAGUGCAGCAAUGUAUGGAAA,0.269740413,0,0.75051551,0.239535818,0
21ur-9649,UCUCAGUUGUUGUGAAUCGAC,0,0,0.500343674,0,0
21ur-8591,UACGGCUGAAUCAAGUACAGC,0,0,0.75051551,0,0
21ur-9573,UUGUUCCCGUCACCGUUUCCG,0,2.487639197,4.69072194,0.119767909,0
21ur-9276,UUAGUUGAAGUUAUGGCUAGU,0.809221238,11.60898292,13.50927919,4.611064495,0
21ur-13101,UUAAUCCACACAGAAACAAAC,0,0,0,0.239535818,0
21ur-13074,UUACUCUUGCAGUCAAAAAAA,0,0.55280871,1.250859184,0.53895559,0
21ur-15441,UAAUCCACACAGAAACAAACU,0,0,0,0,0
21ur-9921,UAUGAACGCGUUUUUGUCAUU,0.269740413,1.658426131,2.001374694,0.479071636,0
21ur-12548,UAAAAUAUAUAUACUUAUGGG,0,4.422469684,9.006186124,0.479071636,0
21ur-6750,UGAAUACAUAUCUCAAUAGGC,1.07896165,5.528087105,30.02062041,4.790716358,0
21ur-10158,UAUAAUGGAGAUAAUACCCCU,0,0.55280871,0.125085918,0,0
21ur-10046,UUGAUUAAGAUUGCCAUUUCU,0.269740413,12.71460034,9.881787553,4.55118054,0
21ur-13380,UCCGGAACCAGAAAUUUUAAA,0,0,1.000687347,0,0
21ur-7358,CAGAUGGUUAUAUAAUUUGAU,0,3.316852263,0.75051551,0.119767909,0
21ur-9093,UUGUAUUCGACAGUGGAGAAA,0.539480825,0,1.375945102,0.239535818,0
21ur-7492,UUCGUUUGAAAAAAUCGCAUU,0.269740413,1.658426131,3.690034593,1.19767909,0.273819339
21ur-5552,UGGAAUUCACAUGUGGAAUUU,0.269740413,9.397748078,4.252921225,0.479071636,0
21ur-11954,UUUACCGGUGCAUACAUUAAG,0,0,0.125085918,0,0
21ur-8225,UGAGUGUUUAAAAUGAGCAAA,0.269740413,9.397748078,4.878350817,0.598839545,0
21ur-11859,UUUUCGGGCAUAAUUUGAACA,0,0,0.125085918,0,0
21ur-9646,UCUGAUUUAUUUAGCUCAAUA,0,1.658426131,1.375945102,0.479071636,0
21ur-13082,UUACACGCGCAUAAGUUUCUU,0,0,0,0,0
21ur-7652,UGGAGAAAAUGGUUGGAAGUU,0,3.869660973,0,0.179651863,0
21ur-15037,UCCUUCCUGAGAUAUUGUGAA,0,0,0.125085918,0,0
21ur-14292,UUGAAAAAAUCGCAUUGUUUC,0,0,0.062542959,0,0
21ur-6713,UAUUUGCGGCAAAACUCUAUG,0,1.658426131,2.376632449,0.239535818,0
21ur-14047,UUUCAAUGGAAUUCACAUGUG,0,0,0.75051551,0.239535818,0
21ur-12825,UUGUUAUCUCCCAGGAAAUUU,0,0,1.751202857,0,0
21ur-9886,UCUAUAUACGAUGUUCUUGCG,0,0.55280871,0.625429592,0.119767909,0
21ur-14795,UGCUUUACGAAAGUCAAACAU,0,0,0.375257755,0.239535818,0.068454835
21ur-8485,UACUCUUGCAGUCAAAAAAAU,0.269740413,17.13707003,51.6604843,6.28781522,0
21ur-8467,UCCUGGUAAAUAAGAAAUCUA,1.07896165,19.90111358,1.000687347,0,0
21ur-14721,UGUAUUUUACGAAAACUCAAA,0,1.105617421,1.000687347,0.119767909,0
21ur-8317,UAUGUUGAUUUUAUAAUCAGU,0,0,1.250859184,0,0
21ur-11367,UUUAUUCUCCAUCUAAGCCAU,0,0,5.191065613,0,0