21ur-8535,UUACUUUCUUUCCCUGUCUUU,0,0,2.501718368,0.239535818,0
21ur-9094,UUGUAGUCGCUCAAUGUGAAU,0,0,1.000687347,0,0
21ur-5750,UUCGUCUUUUAUUUUUUUAAA,25.38556994,340.5301657,251.1725241,37.12805178,0.273819339
21ur-8646,UUAAAAAUCGACAUGUAUUUC,0.269740413,1.658426131,7.380069185,0.718607454,0
21ur-14300,UUCUUUCCUGUCCUCUAGUCA,0,0.55280871,0.125085918,0,0
21ur-15604,CUCAAUUGAAAAAAACAGGAA,0.089913471,2.026965272,0.375257755,0.2195745,0.5248204
21ur-9106,UUGACUUCCUUUAAACUUCUU,0.269740413,0,4.002749388,0,0
21ur-8911,UAUCGGUAUUAUAAAAGGGGU,0,3.869660973,2.001374694,0.239535818,0
21ur-7070,UCCGUUGUAUUAUUCAGAAAA,1.348702063,38.69660973,21.38969204,2.934313769,0
21ur-15304,UAGUUAGCUUUGCUCUUGCUA,0,0,0,0,0
21ur-11897,UUUGAAUUGAAUUUUAUGAAU,0,0.55280871,4.252921225,0.718607454,0
21ur-13904,UUUUAAAUGAAGAUUAAAAUG,0,0.276404355,0.062542959,0,0
21ur-10835,AUUGUUAUUUGAUUGGCAUGU,0,0.737078281,0.54203898,0.479071636,0.079863974
21ur-6865,UGUUAUUUGAUUGGCAUGUAC,3.506625364,94.99096342,68.96403634,4.431412631,0.034227417
21ur-5609,UCAAUUGAAAAAAACAGGAAU,4.675500485,86.05388927,115.5168456,8.842863945,0.456365565
21ur-6740,UAUCGAGUUUCUAUACUUAUU,0.539480825,25.98200939,11.63299041,3.712805178,0
21ur-8893,UCAUUGGUUCUAUUUUUCCAA,0.269740413,2.487639197,2.063917653,0.239535818,0
21ur-8313,UCCAUCAUCUUUCUCCCAAAU,0,2.764043552,5.128522654,0.119767909,0
21ur-10518,UUUUAGCGGUAGAUUCGUUUU,0,0,0,0.119767909,0
21ur-9224,UUUUUAAAUGAAGAUUAAAAU,0.269740413,14.64943083,1.688659898,0.119767909,0
21ur-15271,UAUCACAAAGUUGGAUCAGUG,0,0,0.250171837,0,0
21ur-11686,UAUUCCGUUGCUCAAAUCAGG,0.269740413,0,1.751202857,0,0
21ur-7287,UUAUUCACUCUAAAGGAAACU,2.967144539,21.55953971,35.7120297,9.042477126,0
21ur-6005,UUCACGAAUGAGAAAAUUUGA,0.809221238,4.422469684,11.00756082,1.437214907,0
21ur-5974,UCUUCUGAGCGGGUUAGAUCU,0,0.829213066,3.627491633,0.958143272,0
21ur-8955,UUGGUCCGUUGUAUUAUUCAG,2.56253392,76.28760205,10.13195939,1.317446999,0.205364504
21ur-10166,UACUGCGAUUUGAGUUGCAUC,0,0,0,0,0
21ur-14643,UUAAAAAAGCACUAAAAUAAA,0.539480825,19.34830487,14.50996653,0.359303727,0.136909669
21ur-7212,UUGUUUUCGUAUAAUACAACA,0.809221238,5.528087105,6.379381838,0.598839545,0
21ur-8202,UUCGUAUCUUGCGCUUUCACU,0.809221238,0,7.00481143,1.556982816,0
21ur-11793,GAAAUCUUCAUGGUCGACGAU,0.809221238,1.105617421,0.312714796,0.359303727,0.479183843
21ur-11688,UAUUCACUCUAAAGGAAACUG,0,0,0.187628878,0.179651863,0
21ur-14390,UUCAUUGGUUCUAUUUUUCCA,0,0.276404355,0.062542959,0,0
21ur-9577,UUGGUCCGUUGAACAUUUGUC,0.404610619,28.74605295,15.82336868,0.878297999,0.228182782
21ur-6777,UCUUUCCUGUCCUCUAGUCAG,0.269740413,0.55280871,6.629553675,0.239535818,0
21ur-11565,UGGAAGCAUUCGUUUGAGCCA,0.809221238,0,0.125085918,0.598839545,1.095277356
21ur-14662,UGUUUCAACUGAAAAACGCAA,0,0,0,0,0
21ur-457,UUAUUUCACUUCAUUGAUGCA,4.315846602,33.53706177,63.66873246,21.31868779,0.079863974
21ur-1691,UAGGAAACUCGGCUCCAGCGA,1.213831857,12.71460034,38.08866215,1.676750725,0
21ur-1786,UGUGAAUUACAGUAAAGCUGC,0.269740413,3.316852263,0.75051551,0.239535818,0
21ur-370,UUGAUCUUACUAUGUACGUAU,0.269740413,8.292130657,18.38763,2.036054452,0
21ur-3250,UGGCAGGUUCUGAUUUUAAUC,1.213831857,32.89211827,10.44467419,0.898259317,0
21ur-2908,UGAUUUGGAAUACGUUGAUUU,88.20511493,2363.533642,1677.464709,156.4767731,1.369096695
21ur-166,UACAUCAAUGACAGAAAGAUC,0.539480825,3.316852263,17.63711449,0.479071636,0.273819339
21ur-6874,UAACACAUGUAUAAAAAAUGA,4.315846602,28.74605295,48.03299266,2.634893997,0.136909669
21ur-8250,UACCUCGGUCGGUCAAACAUU,0,0,0.250171837,0.239535818,0
21ur-14648,UGUUUUUCGAGAACAAAAUUC,0,4.422469684,0,0,0
21ur-5873,UUCUCAUAUUCUAAUGACCAA,3.236884951,29.20672687,22.80733245,4.810677676,0
21ur-14039,UUUCACUUCAUUGAUGCAAAU,0,5.06741318,0.938144388,0.059883954,0.079863974
21ur-12846,UUGGUCAUUAGAAUAUGAGAA,0.606915928,9.314826772,7.140321175,0.479071636,0.114091391