21ur-3997,UCCAGAUAUUAUAAUCCCAAC,1.07896165,54.72806234,35.77457266,1.317446999,0
21ur-648,UAUUAGAUUGCCCGGUACAUG,7.552731553,813.5501523,574.8531856,18.48418062,0.136909669
21ur-2727,UUCCGAAGUAUUCAACAUUAG,0.539480825,0.55280871,2.126460613,0,0
21ur-2814,UUUGUCGAUCCACGUGGGAUU,1.348702063,10.5033655,66.04536491,8.144217809,0
21ur-1187,UCUCACUACCUGUUUUAAUUU,5.664548665,470.4402126,298.7051731,9.102361081,0.410729008
21ur-673,UAGUGUACAAGGAUAUUUUAA,8.631693204,132.6740905,157.858429,8.982593172,0
21ur-1570,UAAAAAAUGAAUGUCCAAAAA,34.79651323,1121.648874,275.3141064,40.00248159,0.547638678
21ur-4857,UUCGAGUAGCAUUUGAGUGGC,5.259938046,41.73705764,119.1443373,21.55822361,0.684548347
21ur-3397,UAAAUUUGCAAUAUAUGUUAC,0,3.869660973,8.130584695,0.718607454,0
21ur-1460,UCGAAACUUCAAGUUUGAAAA,3.371755158,88.44939368,93.75189583,4.311644722,0
21ur-4330,UGAAACCUUGAGAACUAUGAG,0,0,3.752577552,0.239535818,0.136909669
21ur-2285,UCUGAAGGUUUUUUAUGCUCC,2.157923301,5.528087105,6.004124083,3.233733542,0
21ur-5109,UAGGAUUUCACUAGAAGAAGC,18.34234806,432.2964116,1828.81867,47.12867217,0.273819339
21ur-2030,UAAUUUACCCCUGGAGAUGGC,2.427663714,28.74605295,222.277677,4.670948449,0.273819339
21ur-4004,UGAAUCGGUAAUACUAGAAUU,7.822471966,83.47411528,85.18351042,4.311644722,0.273819339
21ur-701,UUACUUACAUUAAGUCGGUGU,0,1.658426131,0.250171837,0.299419772,0
21ur-2731,UGGAGCGUUUGAUUUGUUCAA,11.05935692,93.42467207,1.000687347,4.55118054,0
21ur-5125,UAGACUCCAAAGUGUCAAAGC,0.809221238,8.292130657,4.503093062,0.359303727,0
21ur-1976,UUCAAUGUUUCAAUGUUGGAA,0.809221238,26.5348181,5.753952246,2.634893997,0
21ur-876,UUCCUGCCAUACCUUUACAAC,2.697404126,55.28087105,13.19656439,1.077911181,0
21ur-4310,UGUGGCGCUGUCUUGUAUUCC,1.348702063,8.844939368,2.126460613,0.119767909,0
21ur-2355,UCGUCGUUGAAGUUGUUCAAU,0.269740413,0,3.87766347,1.916286543,0
21ur-1726,UGAAUUUGCGAAAUGAGUGAA,1.348702063,3.869660973,7.75532694,0.838375363,0.136909669
21ur-2708,UGGGUGAAGUUUGGUCUUUGU,9.440914442,61.7763734,15.94845459,10.47969203,0.136909669
21ur-1461,UCAAAUAUCCUUGUUGACUAA,0.539480825,5.528087105,6.129210001,2.395358179,0
21ur-1585,UGAUGGGUAGUUGAUUUUGGU,3.506625364,15.75504825,6.379381838,0.479071636,0
21ur-807,UUUUAAGGUAUUGAUCAUGUG,0.809221238,21.28313535,81.80619063,10.71922785,0.273819339
21ur-1368,UGUUAUUUUGUCUAAAAUUUC,0.269740413,18.97976573,2.501718368,0.359303727,0
21ur-14,UCGGAAACCAGAUAUAUUUUG,0.539480825,55.83367976,158.9842023,16.58785539,0.410729008
21ur-4610,UGUUUGGUAAAAUAUAUCUAA,0.269740413,3.869660973,4.002749388,0,0
21ur-4289,UCAAGAAGAAUUUCAAAUACA,6.20402949,76.84041076,70.67354389,7.066306628,0.273819339
21ur-680,UGACAUGAAUCACCUUUACCA,1.348702063,163.6313783,54.16220266,4.191876813,0.684548347
21ur-4372,UACCGUCAGCUUUUUUUGGAA,28.59248374,25.42920068,346.4879939,7.066306628,0.547638678
21ur-4062,UGACAGGCGUAAACGUAAGAG,0.944091444,9.950556789,18.7003448,0.53895559,0
21ur-5299,UGUAUACCAAUUUUUGAUCUA,4.046106189,82.92130657,51.53539838,3.353501451,0
21ur-5397,UGCUGUCGCUUGUAAUAAACG,0.809221238,16.58426131,34.89897123,3.952340996,0
21ur-1836,UUGCGUUUCCAAUUCUGAGGA,0,0,0.75051551,0.119767909,0
21ur-3546,UUCGUUUUGGCUCUCUUUUUU,0,7.186513236,7.880412859,2.036054452,0.547638678
21ur-182,UCCGAGAUGUAAUACAAGAAG,4.315846602,95.63590692,97.9422741,3.832573087,0
21ur-4261,UUAGUAAUGGUAUUUCUAAUA,0.674351032,115.2606161,31.20893664,3.233733542,0
21ur-3566,UCAAGUUUCCAUCUACCUGCA,0,0,3.627491633,0.119767909,0
21ur-2228,UGUGAAACUACAAAUAAUGUA,4.315846602,65.78423655,26.01787103,0.718607454,0.136909669
21ur-3369,UCGGUGUAGUUUGAGGUAGGU,0,0,0,0,0
21ur-964,UCGGCGAGUGGCUGAAUUUGA,0.269740413,0,1.626116939,0.479071636,0
21ur-1209,UAAUAUAUCCUAUCAACUGAA,1.348702063,22.94156149,11.38281857,1.916286543,0
21ur-2016,UUCAAGACUGUGCCAGUUAAA,35.60573447,846.9029445,392.2694401,19.88147289,0.684548347
21ur-4120,UACUCAGUCAGCGAUCGAGAA,0,1.658426131,21.13952021,0,0
21ur-3375,UUAUUUGUGUGCCGUCGUUGG,16.72390558,93.14826772,265.3697759,37.06816782,0.547638678
21ur-1447,UUGCUUGUUGAGACGAAUUGA,14.29624187,64.12581042,139.470799,56.41068512,0
21ur-5271,UAACUUUGAACAUGAAGUAAG,1.618442476,7.186513236,2.751890205,0,0