21ur-9793,UUCUCUGAGUCGGUGAAAAAA,0.269740413,12.16179163,7.067354389,1.19767909,0
21ur-8606,UUUUAUCAGAUUUUAAGUACC,2.157923301,80.71007173,57.28935062,18.32449007,0.410729008
21ur-13882,UUUUCAAGAAAAAAUCUUUAA,0,0,0.125085918,0,0
21ur-15287,UAUAAUCAAUUUUGUCUAAUU,0.269740413,3.869660973,2.001374694,0.119767909,0
21ur-11494,UUAGACAGAUUGGCCUGUAAU,0,2.395504412,6.567010715,0.778491408,0
21ur-14964,UCUGCUCGAUAGAGAUACAUA,0,0,0,0,0
21ur-9151,UGAGCUUACGAGGGCAUUUUU,0,1.658426131,2.876976123,0,0
21ur-9987,UUUUCCUCCCAACGGACACUU,0,1.658426131,15.76082572,0.359303727,0
21ur-5729,UUUAGAUCCGAACUCCCCCCU,1.348702063,12.16179163,18.76288776,0.838375363,0
21ur-11404,UUGAUUUGAUUACAACAAUUU,0.49452409,18.5190918,1.626116939,0.299419772,0
21ur-14615,UUAAGUCACUGCUUCUGAAUU,0,0.36853914,0.187628878,0,0
21ur-14942,UCUUGAAAACAUGUCGAUUUA,0,0,0,0,0
21ur-14936,UCUUGUGUUGGAUAAUCAUUA,0.269740413,0,0.125085918,0,0
21ur-14408,UUCAGCAAGUCUAAUUGAAUA,0.269740413,1.105617421,8.130584695,0.479071636,0
21ur-9766,UUUAGCAAUCGUUCUACAAAU,0.404610619,0.55280871,6.629553675,0.419187681,0
21ur-5776,UGAAAUUUUAUUAUUUAAAAA,6.743510315,421.2402374,73.55052001,1.19767909,0.136909669
21ur-8813,UUUCGCGAAUUGGUUUCUAAA,0.404610619,9.121343723,4.065292348,1.257563044,0.068454835
21ur-11112,UGAGUUCCAAAAUCUUCUUUU,0,0.55280871,1.125773266,0.239535818,0
21ur-8694,UACUCGGUAAAAAAAAACUGU,0,0.55280871,0.500343674,0,0
21ur-14572,UUACGAACACAAUUAAAUUUU,0,0.55280871,0.500343674,0,0
21ur-15189,UAUUGAUUUCAAUCUUAUUGG,0,1.658426131,0.250171837,0.718607454,0
21ur-7119,UGAUUUUUAUUUUGUCUGAUU,0,4.975278394,15.6357398,1.556982816,0
21ur-7856,UCAUUAGUAUUCAAAAUAUCG,0.674351032,4.975278394,5.378694491,1.077911181,0.273819339
21ur-15196,UAUUCGAUACACUGUUUCAAA,0,0,0.625429592,0.658723499,0
21ur-7183,UUGCACUAAAACAUUCGUAUA,1.07896165,2.764043552,2.751890205,0.239535818,0
21ur-9881,UCUCUCAGGUGGAAGUUAUAU,1.07896165,7.462917592,14.76013837,0.718607454,0
21ur-12869,UUGCGAACUAUGUUUCCUUCC,0,0,0.75051551,0.239535818,0
21ur-10766,UAGUUUUUACAUUUGACAGUU,0,2.764043552,0.875601429,0.359303727,0
21ur-8473,UCAGACUUUCUUGUUCUGAUU,0.269740413,4.422469684,0.250171837,0,0
21ur-10144,UAUUAGACAGAUUGGCCUGUA,0,0.737078281,0.375257755,0.179651863,0
21ur-9961,UAACGUUUGAAAUCUGUACAU,0,0,0.500343674,0.119767909,0
21ur-9068,CGCAUUUGAUUAUUUGAUUUU,0,2.211234842,0.125085918,0.119767909,0
21ur-12495,UAAUUUUUUUGAAGAUUUACG,0.539480825,0,0.500343674,0.598839545,0
21ur-15582,GAUUUACUGGUGUCGAUUUAA,1.034004915,4.514604469,0.81305847,0.179651863,0.045636556
21ur-7470,UCGGUUCCAUGCUGCAAUUUU,0,0.55280871,0.375257755,0,0
21ur-6228,UUUGUACUGUGAGACAUGAGU,0.539480825,6.633704526,16.76151306,1.556982816,0
21ur-13820,UUUUGGUACGAAUGGGAAAAA,0,1.105617421,0.75051551,0,0
21ur-8862,UGGUGCAUUGACUUCUAAAGC,0.269740413,3.316852263,0.81305847,0.119767909,0
21ur-15557,UAAAAAAUGUUGCAACGCAGU,0,0,0.125085918,0,0
21ur-12665,UUUUAUUUUCAAAAAUGAAUG,0,0,0.125085918,0,0.205364504
21ur-9856,UGCCUUUUUGUAUGAAAUUUU,0.809221238,16.0314526,3.518041455,0.239535818,0.273819339
21ur-11386,UUGUGUUUGCCGCGAGAGAGA,0.269740413,7.094378451,11.67468572,0,0
21ur-11836,UUUUGUCAAUUUCUCUCAAAA,0,2.211234842,1.626116939,0.838375363,0
21ur-10775,UAGACGGUUUUCGUUGUGAAA,0,0,0.125085918,0,0
21ur-7247,UUUGAUUUUUUUCCAUCUUCA,10.7896165,170.8178915,101.0694221,18.20472216,0.410729008
21ur-14178,UUGGUUUCUAUCAAUCUGACA,0,3.316852263,1.125773266,0.359303727,0
21ur-7769,UAUUGAUCUUCUAAACGUUUG,0.269740413,0,1.501031021,0.239535818,0
21ur-8000,UUCUCUUCUCAAAAGUAGUAG,0,1.658426131,1.000687347,0,0
21ur-10106,UGAUUCUCUGAGUCGGUGAAA,0.539480825,2.764043552,7.817869899,1.916286543,0
21ur-8450,UUAAGAGAUUGAAAAAUAUAA,0,1.658426131,6.004124083,0,0