21ur-13386,UCCAUUGUAUCAAAUUCAAAC,0,4.422469684,0.625429592,0.119767909,0
21ur-7041,UGAGAUGAGUGCAUCAAUUCA,0.269740413,2.764043552,0.500343674,0.239535818,0.273819339
21ur-14134,UUGUUGGCGUACUCUCUAAGA,0,0,0,0,0
21ur-13165,UGUAAUAGCGGACUUCAUUGC,0,0,0.625429592,0,0
21ur-9135,UGUGUGUAUGUUGAAGCAACA,0,3.316852263,0.625429592,0,0
21ur-6375,UUUCUGAAUUGUGAAAGGAAA,4.315846602,70.20670623,33.46048317,6.28781522,0.136909669
21ur-13158,UGUAUCCUUCCGUCAUUGUGC,0,0,0.500343674,0,0
21ur-12388,UAUUUCCCGUGUCUUUUAAAA,0,7.739321947,1.751202857,0,0
21ur-12829,UUGUCCUUCUUUUCUUAUUAA,0,14.37302647,3.12714796,0.239535818,0
21ur-11919,UUUCCUGAUUGUUUGAGUAAG,0,1.934830487,0,0,0
21ur-11945,UUUAUGAAAGGAGACAAAAAA,0.269740413,2.395504412,1.125773266,0.059883954,0
21ur-7824,UACGUCUCUAGCCAUACAUUG,0,0,1.000687347,0,0
21ur-11104,UGAUUUACUGACUUAUAAGUU,0,4.422469684,3.12714796,0.239535818,0
21ur-12646,UUUUCUUGAUUCCAGAAGACA,0,0,1.000687347,0,0
21ur-9867,UGACAGUUACAUUUGGGUUCA,0.269740413,1.105617421,1.626116939,0.359303727,0.136909669
21ur-13699,CGCAGUAGGUGGUCUAGGAAU,0.269740413,3.316852263,0.75051551,0.119767909,0
21ur-13592,UACAAUUUGUUUAUUUCAGUU,0,3.316852263,1.751202857,0.718607454,0
21ur-15046,UCCGGAAAACUAAGUUUACUG,0,0,0.250171837,0,0
21ur-9804,UUCAUACGCCAAUGGUUUGUA,0,0,3.627491633,0.239535818,0
21ur-12164,UGUUUAUGAAAGGAGACAAAA,0,0.737078281,1.000687347,0.119767909,0
21ur-8518,UUUAGAAUUUUCAAAGAACCA,1.618442476,12.16179163,28.01924572,3.593037269,0
21ur-8682,UCAAUUCUUGUAUUCCACCCA,0,0,0.375257755,0,0
21ur-13714,CAAACGCUCGUUUCCCUUUGA,0,0,0.625429592,0.119767909,0
21ur-13505,UAUGUUAUCUUUGAGGGUUUC,1.07896165,14.37302647,9.006186124,1.796518634,0.136909669
21ur-7223,UGUUCCAUUGUAUCAAAUUCA,1.07896165,2.211234842,3.377319797,0.598839545,0
21ur-9621,UUAACCUUUCCUAUCGUAUUU,0,0,2.376632449,0.359303727,0
21ur-13280,UGAAGCAGCAGAUUGAGGGAA,0,0,0.250171837,0,0.136909669
21ur-9893,UCCUCGGCAUUAACUGAGACG,0,0,0.125085918,0,0
21ur-9060,UAAUGAUAUAUUUUGUGGCGA,1.07896165,15.47864389,26.64330062,1.437214907,0
21ur-5924,UUAUGAAAGGAGACAAAAAAA,1.618442476,25.61347025,25.1422696,1.73663468,0
21ur-9596,UUCUCUGAAGGCAUAUUUUUG,0.269740413,9.950556789,5.753952246,0.119767909,0
21ur-8002,UUCGUCUCUUUCUUACGAAGA,0.269740413,3.869660973,25.64261327,3.353501451,0
21ur-9685,UAUUAUCGUUAUGUGUAAAUC,0.269740413,2.211234842,1.375945102,0,0
21ur-7458,UUCCAUUGAUUUUUUUGCCAG,1.07896165,6.633704526,15.13539613,0.53895559,0
21ur-9747,UUUGUUUUGAGUAUUACUAUG,0.269740413,0.55280871,2.501718368,0.119767909,0
21ur-8181,UAAACGCUCAAAAUCACCAAA,0,0,0.250171837,0,0
21ur-9552,UUUUAGAGCAUUUCUUUGAGC,0,0,1.000687347,0.239535818,0
21ur-11786,UAAAAAACGAGUUACCGAUUU,0,4.422469684,7.75532694,0.958143272,0.136909669
21ur-5966,UAAAAUUGUCCCAAGAGAAAC,0,10.5033655,25.64261327,1.317446999,0
21ur-13076,UUACUCGGAUGAAAUUGAAAU,0,1.566291346,1.125773266,0,0
21ur-7494,UUCAUCCGCGAUUCCGUUUUU,0,0,2.376632449,0,0
21ur-10540,UUUCCAGUGCGUUUGACAUCU,0,0,0.938144388,0,0
21ur-15285,UAUAAUCUUUAUUUUUAUCGC,0,7.186513236,0.625429592,0.119767909,0
21ur-10504,UUUUUAAAAAAUCUCCUUAGC,0,11.60898292,8.630928369,0.598839545,0
21ur-12437,UAUAAACUAAAAAUAGUGUAU,1.348702063,53.06963621,20.13883286,0.598839545,0
21ur-12233,UGGAGUUCAAUUUCUAAGAAA,0,3.316852263,0.250171837,0.239535818,0.547638678
21ur-10359,UGAAUAUCUUCUCCUCUUUUC,0,1.105617421,2.251546531,0,0.136909669
21ur-6505,UUGCGUUUGUUAAAAAAACAU,0,0,0.125085918,0,0
21ur-13005,UUCAAUUCUAAGGGCUUUGAA,0,0,1.000687347,0.479071636,0
21ur-12014,UUGAUAAGAACGUCCAAACAA,0,2.211234842,1.751202857,0.059883954,0.091273113