21ur-9662,UCAUUUGUCUUUCUUUACGUU,0,0,3.252233878,0.239535818,0
21ur-7270,CUCACAAAGUAGAUCGAUUCC,0,0,2.501718368,0.838375363,0.273819339
21ur-12545,UAAAGAAUAAGAACAAUUUUA,0.539480825,1.658426131,2.501718368,0.359303727,0
21ur-15332,UAGGAAAAGAAUUUUAUUACU,0,0,0,0,0
21ur-6926,UGAGUUUUUUGAUAAAGAAUA,0.539480825,13.82021776,4.878350817,1.19767909,0
21ur-9736,UUUUUGCACUCACUAAAUAAU,1.618442476,37.59099231,31.2714796,3.593037269,0
21ur-5494,UUCCAAAAGAAUUUCAUUGUU,7.282991141,86.23815884,95.44055573,8.503521536,0.136909669
21ur-10096,UGGAAUUUGGCUGAAUGGAAU,0,1.105617421,0.250171837,0,0
21ur-11086,UGGCUCAAAGAAAUUUUAACA,0.449567354,2.948313123,0.250171837,0,0
21ur-12811,UUGUUUUCAGAAGCACAAUUU,0,0.55280871,1.250859184,0.359303727,0
21ur-7134,UAACAGAACUGUUUCAUAAUU,0,1.105617421,5.378694491,0,0
21ur-9001,UGUGUUCACUUUUUGUACUAU,0.269740413,1.658426131,0.875601429,0,0
21ur-12473,UAGAAACACAUUUAGAAUAAA,0,0,0.75051551,0,0
21ur-12956,UUCUAAACCAGAUUUUAAAAA,0,0.55280871,0.375257755,0,0
21ur-7390,UAUUUUUGUCAAAAGUAACCA,0,3.316852263,2.126460613,0.359303727,0
21ur-6333,UUAUCAGGUUCUGUGGAAAAA,1.07896165,7.186513236,15.13539613,3.712805178,0
21ur-12874,UUGCAUUUGCUACCAGAUCUC,0,0,1.56357398,0.239535818,0
21ur-13951,UUUGCAUUUGCUACCAGAUCU,0,2.211234842,0.81305847,0,0
21ur-14949,UCUUCAGGACAAUAUGGGCGG,0,0,0.250171837,0,0
21ur-9185,UAGAAAAUCAAAUUAGGAAAA,0,7.186513236,20.63917653,0.598839545,0
21ur-15312,UAGUGACAAUUUCUCCACCGA,0.539480825,0,0,0,0.821458017
21ur-8878,UCUCUCGAAAAAUGUAAAGAG,0.269740413,0.55280871,0.500343674,0,0
21ur-15540,UAAAAGUCAAAGUAAUGUGAG,0,0.55280871,0.375257755,0.119767909,0
21ur-15323,UAGUACAUAAUUAGAUGGGUA,0,0.55280871,0,0,0
21ur-15049,UCCGAUCGCAGAGCACAAGAC,0,0,0,0,0
21ur-13344,UCGGGCGUUGAUAUACUUAAA,0,2.211234842,0.250171837,0,0
21ur-12557,GAUUCUCUCAUCUAUCUUCUU,3.236884951,0,1.125773266,22.03729525,1.232187025
21ur-14353,UUCGAUUCUCCUCGUUAUCCA,0,0,0,0,0
21ur-15576,GGGCUUCGAUCAGUUUUCCGC,0.539480825,0,0.375257755,0.838375363,0.684548347
21ur-11079,UGGUUUCUGGAUCAAUGAGAU,0.269740413,0,0.125085918,0.119767909,0
21ur-14723,UGUAUUGCUGAUACUGUUAGC,0,0,0,0,0
21ur-7502,UGUUGUGAAAGGAAAUUCAAA,0.269740413,0,0.375257755,0,0
21ur-5959,UUGAUAGGGAUUUCCUCGUUC,2.967144539,29.29886166,82.05636246,2.634893997,0.273819339
21ur-11505,UUAAUGUUGUGAAAGGAAAUU,0,0,0.75051551,0,0
21ur-8039,UAGGCUGAUCUUUAGAGCAUC,0.269740413,1.658426131,2.001374694,0.419187681,0
21ur-9334,UAUAAGCUGUACAGAUCCCAC,0.269740413,0,6.629553675,0,0
21ur-8422,UUUGUAUCUGGUGGCAUUAAA,0,4.975278394,7.129897348,0.239535818,0
21ur-9599,UUCGUCCACAAUCGUUUCACU,0,0,0,0,0
21ur-14946,UCUUCCAAGAUUGUUGAAAUU,0.269740413,0,0.187628878,0.119767909,0
21ur-11141,UCUACCAGCAAUGUAUUUUCA,0.269740413,0,7.254983267,0,0.136909669
21ur-8126,UUGAGAAACGAUCACAAUUUU,0,1.658426131,2.001374694,0.119767909,0
21ur-12455,UAGGGAUUUCCUCGUUCAUUA,0,0,0.125085918,0.119767909,0
21ur-8571,UCAUGCAAGUCUUUUCCAUUC,0,0.55280871,1.125773266,0.359303727,0
21ur-6957,UCUUCUUCUAUUUUAAGAAAA,0.539480825,25.98200939,9.756701634,0.239535818,0
21ur-6614,UGAUAGGGAUUUCCUCGUUCA,0.269740413,4.975278394,3.87766347,1.916286543,0
21ur-11261,UAAGAGUAAUUGGACAAAAAC,0,3.316852263,0.500343674,0,0
21ur-7851,UCUUAGAACUACACUAUGUCU,0.269740413,2.764043552,2.001374694,0.239535818,0
21ur-10367,UCUUCUCAAUAUGAAGUUUUU,0,0.55280871,0,0,0
21ur-13654,UAAAUCUGCAAAAUGCUGCAA,0,0.55280871,0.875601429,0.239535818,0
21ur-11841,UUUUGGACAAAAAGUCUUCUC,0,0,0.125085918,0,0