21ur-12372,UCAAUAAACGAUCCUUCAAAU,0,0,0.75051551,0,0
21ur-9945,UAAUUAUUUGGAUUCCAUUCU,0.269740413,0,1.751202857,0.119767909,0
21ur-11596,UGAGAGCUUUUGAAAUAGUAU,0,2.764043552,0.625429592,0,0.068454835
21ur-10076,UUAAUAAAAUGAAAACUAUCA,1.07896165,14.92583518,2.751890205,0.119767909,0
21ur-9521,UAAUAACUGACGAUACGGCAA,0,0,2.501718368,0.119767909,0
21ur-11918,UUUCCUUAUGAGUAAAAAAAC,0.269740413,0,0.250171837,0,0
21ur-12274,UGAUAUGGUAAAUUGUGAACA,0.404610619,4.422469684,3.12714796,0,0
21ur-15435,UAAUCUGACAAAAAUUGAAAG,0,0,0.500343674,0,0
21ur-8387,UCAGAAAGUAAGUGAAGCAAC,0,0,1.000687347,0,0.068454835
21ur-7198,UCUAAUUUUUACAGCAACACA,2.697404126,16.0314526,70.0481143,5.629091721,0.136909669
21ur-11357,UUUCCUUUCAACAAAAAUCAA,0.269740413,0.55280871,2.751890205,0.119767909,0
21ur-12411,UAUUAUUCCCAAAAUUAAAAC,0.539480825,22.11234842,15.323025,1.077911181,0
21ur-7369,UUAUUGGUUUAUUUAACAGGA,0.269740413,3.869660973,8.130584695,2.634893997,0
21ur-10008,UUUGAAUUCCAAAUUCAUUAC,0.269740413,4.975278394,1.000687347,0.239535818,0
21ur-11724,UAGCACUCAUAUAAAAAAGGA,0,1.658426131,1.000687347,0.119767909,0
21ur-15160,UAUUUUCUAUUCAUUAUGAAG,0,2.764043552,3.252233878,0.119767909,0
21ur-14033,UUUCAUCUUUGAUUCUUUGAC,0,0.276404355,0.375257755,0.179651863,0.136909669
21ur-13972,UUUGACUUUUCGUUUCUAAAU,0,0.829213066,1.876288776,0.898259317,0.068454835
21ur-6951,UUAGUAUCAAGAAAAAUACGA,1.07896165,12.71460034,30.33333521,4.55118054,0
21ur-5672,UAUUUCUCGUACUCAAAAGUC,0.539480825,12.71460034,15.323025,4.072108904,0
21ur-5902,UGCUGAAGCAAAUCAAGAAAU,0,13.26740905,9.506529798,1.077911181,0
21ur-11550,UGUAUAAUGUCCAAUAGAUGA,0,0.55280871,0.875601429,0.119767909,0
21ur-10327,UGUUAAAAUUGGGACAUGGGA,0,0,0,0,0
21ur-11201,UAUAUGUGUGGUUUUCUUAUU,4.046106189,118.8538728,42.27904042,3.593037269,0.136909669
21ur-6473,UCAAUUAGUCGAUUUUGAUCU,9.171174029,4.146065329,9.506529798,3.952340996,0.068454835
21ur-13259,UGAGACCGAUUAGAAUUGAAU,0,0.55280871,2.689347245,0,0.136909669
21ur-7782,UUUGUUCAUAUAACAUAGAAA,2.697404126,154.2336302,71.54914532,5.688975675,0
21ur-12987,UUCCAAUCUAUCUUAGAUUCC,0.269740413,1.658426131,0.250171837,2.036054452,0
21ur-10132,UCAAAUCAAUCAAGGUUUUCA,0,2.764043552,2.251546531,1.317446999,0
21ur-8230,UCUCUUUACUCCAAGUUUUGU,0.539480825,1.105617421,9.256357961,0.718607454,0.136909669
21ur-9866,UGACUUUGGUAAAGGAAAAAC,0,1.658426131,2.501718368,0.119767909,0
21ur-11258,UAAGGCCAUAAUUCACUCAUC,0,2.211234842,1.751202857,0.359303727,0
21ur-14309,UUCUUCAUCCUGAACCAAAAA,0,2.211234842,7.00481143,0.059883954,0
21ur-7570,UAUUGAUAGGUAAAUAAAAAA,1.348702063,63.29659735,33.52302613,0.838375363,0
21ur-13872,UUUUCCGUUCAAAUUCCAGCU,0,0.55280871,2.063917653,0,0
21ur-12151,UUAAAAAAACUUACUUUAGUG,0.539480825,9.950556789,2.126460613,0.239535818,0
21ur-9779,UUGGAUAAGUUGUAUCUUCGG,0.134870206,0,2.063917653,0.359303727,0.273819339
21ur-8033,UAUUGAAGAAAAAUGCACUGG,0.269740413,5.528087105,4.127835307,0.958143272,0
21ur-8544,UGGUUUUAUUUCAAAGCGGCA,1.348702063,5.528087105,17.76220041,5.868627539,0.410729008
21ur-14684,UGUUCGUGUUUAGAAAAAAUU,0.404610619,1.105617421,0.875601429,0.958143272,0.068454835
21ur-10897,UUUCAUCAGAUGGUUCUAGAA,0.809221238,4.698874039,0.625429592,0.179651863,0
21ur-7677,UUUGUUUAUUUAAAAAAAAAG,5.12506784,121.1203885,62.81814822,2.634893997,0
21ur-9883,UCUCAUUUUUUUUGACUUCAA,0,0.55280871,1.501031021,0.598839545,0
21ur-5654,UCUUCAUCCUGAACCAAAAAU,0.809221238,11.05617421,52.41099981,0.419187681,0
21ur-6823,UUAAAAAGGUAAUCUUUAAAA,0.539480825,6.080895815,7.630241022,0.359303727,0
21ur-13721,AGUGGUCUGCCAAAGAACACG,0.539480825,1.658426131,0.375257755,1.73663468,0
21ur-8471,UCAGUCGUAGACUCAUCAACU,0.269740413,0,4.065292348,0.718607454,0
21ur-10068,UUAUUGCAUUACCGACUCAAC,0.359653883,3.408987048,2.31408949,0,0.045636556
21ur-10750,UAUGUACUAUAAGGGUUAGAG,0.269740413,4.422469684,4.252921225,0.598839545,0.410729008
21ur-8391,UAUCAUAUUGGGUUUAGAAUU,0.269740413,18.24268745,16.01099755,1.556982816,0