21ur-14760,UGGGCAUUUUGAGAGUGAAUA,1.933139624,0,0.250171837,0.878297999,0.821458017
21ur-14624,UUAACCGAACAAUCAAGCGAA,0,1.105617421,0,0,0
21ur-14777,UGGAUCCUUUCGAAAAUAAAG,0.269740413,0,0.125085918,0,0
21ur-14659,UGUUUCGGAGCUCCGUGGAUG,0,0,0,0,0
21ur-12259,UGCACAAACAACAAGAUGAUG,0,0,0,0,0
21ur-13226,UGCAAAUUCUGCCCAAGCAAA,0,0,0,0,0
21ur-14060,UUUCAAACGUUGUUUCUUGCA,0,0.55280871,0,0.119767909,0
21ur-15545,UAAAAAUCUAGAGCCAGAAGG,0,1.105617421,1.876288776,0,0
21ur-14825,UGCCAAUCGAAGGUUCGUAUA,0,0,0,0,0
21ur-12567,CGAAUCUGCAAUGAAUUGUUC,0,0,0,0,0
21ur-9143,UGCUUUGAGGAAGAUCGUGCC,0.269740413,0,0.125085918,0,0
21ur-15340,UAGAUAUCAGGUUACGAGAAA,0,0,0.125085918,0,0
21ur-15336,UAGAUUUCUUGAACUUGAACU,0,0,0,0,0
21ur-3455,UGACUAAUACAGGAAGUACGG,0.269740413,0.55280871,1.125773266,0,0
21ur-4975,UCAAAUCCAAAGCUGGAGCAA,1.888182888,7.739321947,83.55739348,7.665146173,0
21ur-15404,UACAACUAUUGAAAGUACUAG,0,0,0,0,0
21ur-10818,UAAACAGCAUCUUCUUUUUUA,0,0.55280871,0.250171837,0.119767909,0
21ur-8277,UUCGUAAUUGGCAGAGCUUUG,0,0,4.62817898,0.718607454,0
21ur-10362,UGAAAAAAUGUCAAACUUUUC,0.539480825,2.764043552,2.751890205,0.119767909,0
21ur-8756,UGCCCCCAUUAAAACGGAUUU,0,2.764043552,6.504467756,0.359303727,0
21ur-14036,UUUCAGUCUAUGGCUAACUUU,0,0,1.125773266,0.119767909,0
21ur-12618,UUUUUCGUUAUUUUUUGUUGA,0.269740413,0,1.000687347,0.119767909,0
21ur-10032,UUGUUGUCAUAUUUUUCGGGC,0,0,1.000687347,0.239535818,0
21ur-13662,UAAACUCACUUAGAACAUAAU,0,0,0.125085918,0,0
21ur-7969,UCAGUGUUCUUUUUUCGUUUC,0.269740413,0.55280871,5.253608572,0.718607454,0
21ur-8538,UUAAUAUCGAAAACGCUGAAA,0,0,6.004124083,0.598839545,0
21ur-12481,UACUAUUUAUUCGAAAUGGUA,0,0,0.625429592,0,0
21ur-7153,UGGAUCAUUCUGAAAUGAGAA,0.539480825,3.316852263,0.125085918,2.036054452,0
21ur-15541,UAAAAGCAAACAUUUUCAGAA,0,0,1.000687347,0,0
21ur-13326,UCUCAAAUCAAUUAGGUUUAG,0,0,0,0,0
21ur-5938,UCCUAAUCUAAAUUCAAGCCA,0.269740413,15.47864389,13.00893551,0.598839545,0
21ur-15051,UCCGAACAAAAACGACAGCGA,0,0,0.125085918,0,0
21ur-12511,UAAUGAAAAUCAUACGAUGAA,0,0,0,0,0
21ur-14759,UGGGCGUUGUAUUUGUAUUGA,0,0,0,0,0
21ur-15036,UCCUUGACAUUUAGAAAUAUC,0,0,0,0,0
21ur-12947,UUCUCCACUUGAGCUUCUGCU,16.72390558,2.764043552,16.01099755,61.92000893,1.232187025
21ur-15081,UCAUCUUUUGUAGACUGAAAA,0,0,0.375257755,0.239535818,0
21ur-15104,UCAGACGAGCGGAAAACUUAG,0,0,0,0,0
21ur-14382,UUCCACUAUACCACUGUCUGU,0,0,0.250171837,0,0
21ur-10601,UUCAGACUGUCGAAUGUAAAU,0,0,0.375257755,0,0
21ur-4784,UUUUCCUUCCGUUAGAAUUUA,1.07896165,20.45392229,30.52096409,5.988395448,0
21ur-279,UACGACCGAACGAAUACUGAA,1.888182888,22.11234842,52.41099981,4.311644722,0.136909669
21ur-4662,UCGCACAGUUGUACUAUUUUU,0.269740413,0,63.04330287,0.958143272,0
21ur-5228,UUCAUUGGAUGAUGGAAGAAC,29.40170498,411.2896806,605.5409309,37.12805178,0
21ur-2298,UGUAAGCACUGUUCCCGUUUG,2.157923301,22.11234842,27.76907388,1.317446999,0
21ur-4326,UAGUAAAUGUCAUAUCUUGUG,0,0.55280871,0.125085918,0,0
21ur-1019,UGAUAUGCCUAUUUCGCCAUU,6.20402949,140.4134125,126.2116917,3.712805178,0
21ur-2743,UGAAAUGAAGGCAUACAUUAG,6.473769903,178.8336178,125.8364339,12.93493417,0.136909669
21ur-1466,UGGGGUAUGGGAAUCAUAUGU,1.618442476,61.91457558,47.65773491,0.598839545,0.136909669
21ur-936,UGGUAUCUUCACGGGUAUUCU,0,1.105617421,0,0,0