21ur-4122,UUGUGAAGCCAUCGUAUUUAU,1.348702063,25.98200939,34.39862756,0.598839545,0.273819339
21ur-3899,UAUUCCUAGCUUUAUUACUAA,1.07896165,10.5033655,4.878350817,0.239535818,0.273819339
21ur-4613,UUGCCCAUUGAAAAUUCGACA,0.539480825,14.37302647,6.879725511,0.718607454,0
21ur-4155,UUCCUUCACAUCAUCAUUUAA,0.539480825,8.292130657,5.879038164,1.19767909,0
21ur-3904,UUGGAAUCAAUUGUUGUUGGA,7.417861347,49.19997523,13.38419327,17.18669494,0.205364504
21ur-576,UAAAACAUUUGAAUUUCCAAA,25.93361396,290.224573,78.9292145,7.665146173,0
21ur-2368,AUAGACGAAUCUUCAAAAUGG,29.80631559,218.9122494,135.3429637,73.95668378,0.410729008
21ur-4621,CUUGACUGUCGAAGACCAUUU,0.269740413,3.316852263,47.28247715,1.437214907,0
21ur-636,UCCUGCGAAUUUCCGGUUGUC,0.674351032,5.06741318,9.256357961,3.593037269,0
21ur-3671,GUGAAUUAUGUAUACCUAAUU,1.888182888,33.72133134,4.503093062,1.437214907,0
21ur-3782,CUAGUCCUCUCAUAUAGUUGA,10.51987609,232.1796584,214.0220064,42.87691141,0.410729008
21ur-5191,GUAAAAAGUUUUUUGAUGUAU,3.236884951,91.76624594,74.05086369,3.952340996,0.136909669
21ur-2808,UUGGUGGAGCAAAUUUAAUUC,1.888182888,53.62244492,5.253608572,0.359303727,0
21ur-3205,AUCCGAUUUCGAUUUUCACCG,13.21728022,91.76624594,216.7113536,29.70244142,0.821458017
21ur-3355,UAAACACCAGUAACUUGUUGU,0.269740413,3.316852263,2.751890205,0.598839545,0.136909669
21ur-1634,CAGAAAAGGUGUUGUACAACA,1.483572269,38.97301409,44.59312991,1.73663468,0.068454835
21ur-2327,AAGAACUGGCUUCUGUGUGGA,0.539480825,1.105617421,3.12714796,0.718607454,0
21ur-2483,AUUCAAUAGAGUCCGAGAGAU,1.618442476,12.71460034,27.14364429,0.838375363,0
21ur-3679,GUAUAGCUCGUAUUGAUAAUU,23.19767549,339.4245482,667.2082887,48.74553894,0.821458017
21ur-4433,GUUAGAUCUUGGACAAAAAAA,3.776365777,36.48537489,236.7876435,34.97222941,0
21ur-5350,UUUGCAAUUGGAGCAGUGGAA,18.88182888,71.31232365,32.52233878,16.40820353,0.273819339
21ur-4369,UGGAAUCAAUUGUUGUUGGAA,9.845525061,96.74152434,42.65429817,19.94135684,0.342274174
21ur-1050,UCAGCGUGUUGUUCUAUUCGA,15.91468434,213.936971,186.8783621,35.93037269,0.410729008
21ur-1711,AUAUUCAGUUGUUCUUUUUAA,6.20402949,105.5864637,56.91409287,23.47451016,0.547638678
21ur-475,CUAAGCUUGCUUCAUUCGAAA,2.427663714,16.0314526,29.39519082,8.383753627,0
21ur-3090,CUAAGGUGAUCAUUAAUUGAG,1.348702063,16.58426131,20.0762899,1.257563044,0
21ur-4424,AUCGUAUUUAUUUCAGUUUAU,0,0,0,0,0
21ur-4742,GAAAUUUGUGCCCCAAAAAAA,30.88527724,2794.724436,257.3642771,30.72046865,0.273819339
21ur-3241,UGAAACACAAAUGUUUGUUGU,0,2.211234842,2.001374694,0.239535818,0
21ur-2900,UGAACUACUAAAGACAGGAAA,4.585587014,72.97074979,64.41924797,1.916286543,0
21ur-2003,AUAAACUAUGUAUGUGUUUCA,0.809221238,13.26740905,12.88384959,0.239535818,0
21ur-1424,CUGCUAUCUCCGGAAAAUCUG,3.506625364,22.11234842,121.3958838,9.581432716,0.136909669
21ur-1877,AUAUUUCUAAUCUUUGUGAAU,1.348702063,26.5348181,15.88591164,2.874429815,0
21ur-5289,UUGAUAGAUUAUUUUGUCGCA,1.07896165,6.633704526,8.005498777,7.665146173,0
21ur-171,UUAUGACGGUUUCAUUUGGAU,0,0.829213066,1.000687347,0.239535818,0.068454835
21ur-716,GACUACGUUCAAAAAAAAUCA,0.539480825,57.49210589,33.02268246,1.556982816,0
21ur-142,GUUAUCAUAGUAGAUUUCGUA,0,0,0,0,0.136909669
21ur-244,UUCCUUCACUAUGCACAUAAU,0.269740413,9.950556789,7.505155103,0.718607454,0
21ur-5164,UAGUGUGCAAAAAUUGAAUAC,6.20402949,247.9347067,54.53746042,5.269787994,0
21ur-2235,UUAGAUAGAGACUGCAUGAUU,7.822471966,524.0626576,474.3258025,28.86406606,0.273819339
21ur-2618,AUGAAAAUCAAAAAUGCUGAA,4.855327427,187.4021529,282.3189178,4.55118054,0
21ur-1133,UUCUGUGGUUUUCUAUGCACG,0,1.658426131,1.000687347,0.119767909,0
21ur-2983,UUGUGGGCCUUAUUUUCUGUG,16.45416517,244.34145,79.80481593,3.113965633,0
21ur-5161,AUGAAAACUAUUUUACAAAUU,2.697404126,87.89658497,37.52577552,1.556982816,0
21ur-1760,UUAAGAAAAUACUCCUUCAUC,4.315846602,25.98200939,118.4563647,5.389555903,0
21ur-4232,UCUCUCUAUGUAAUUGACACC,2.967144539,10.5033655,33.02268246,2.395358179,0
21ur-2184,UAUGACAACUAUUUAAAAAAA,26.43456044,695.9861665,225.0295672,8.862825263,0.136909669
21ur-4934,UGGGUUCAGUGUGUGUAUCUU,3.506625364,93.42467207,13.38419327,23.71404597,1.095277356
21ur-1024,UCUCUAAGAAAAAAUUAUUGA,42.34924478,1996.468658,517.9807881,74.13633564,0.958367686
21ur-5300,AUCUAUUUCACAUUUUUAUGU,0.809221238,50.85840137,18.63780184,4.55118054,0.273819339