21ur-8086,UCCCAUUCAAAUAACUUACGU,0,0,4.127835307,0.119767909,0
21ur-8166,UCAAUCUUCAUUUCCAGACCC,0.269740413,3.869660973,4.378007144,0.359303727,0
21ur-7791,UUGAAGAGUAAUAAAAAAAUG,0.674351032,6.910108881,6.19175296,0.838375363,0
21ur-12070,UUCAUCAUCAGUCUCUAAUUU,0.134870206,0.829213066,0.125085918,0.419187681,0.205364504
21ur-15602,CUCCAGAAACUUACUUAUUGU,0,0,0,0,0
21ur-14356,UUCGAACUUCAAUGCAGGUCC,0,0.829213066,2.126460613,0.359303727,0
21ur-11385,UUGUUGUAGACGUCAGGGGCA,0,0,0.500343674,0.239535818,0
21ur-11967,UUGUUCCACUAUUUCUAGUUA,0.269740413,1.658426131,0.75051551,0,0
21ur-6814,UUCAAAUAACAGAGACUGUGA,0.539480825,1.658426131,12.00824817,2.515126088,0
21ur-13029,UUAUUGCUCGAGAAUACAACG,0.269740413,0,2.355784796,0.658723499,0
21ur-14397,UUCAUACGCUCAAAUUGUAUU,0.404610619,3.316852263,8.130584695,0.299419772,0.136909669
21ur-14028,UUUCCAGUUUAUCCUGGACAA,0,0.55280871,0.125085918,0,0
21ur-7404,UUUCAAAGUCAAAAAAAGAGC,0,2.211234842,4.252921225,0.359303727,0
21ur-15593,CUUUUCAGAAGUUUAGACAUU,0,0,0,0,0
21ur-8500,UUUUUAAUAUUUGUUAGGAAA,2.427663714,297.963895,29.77044858,7.305842446,0.136909669
21ur-15021,UCGAUUAUCCUUCUGUAUUAC,0,0,0.375257755,0,0
21ur-13045,UUAUAUAACUCCUCAAAGGAA,0,0,1.375945102,0,0
21ur-9678,UAUUGUACGUUGCAAAAAUUU,0.809221238,18.24268745,8.881100206,0.479071636,0.136909669
21ur-7202,UAUCCAAUUGUUUUGUAUUUC,0.539480825,2.211234842,5.753952246,0.359303727,0.136909669
21ur-11070,UGUCUAUCAAAUUUCAAAAUU,0,0.55280871,0.250171837,0,0
21ur-7964,UCUCGUAUUCACUGAACAUUG,0.269740413,2.764043552,2.001374694,0.359303727,0
21ur-12858,UUGCUUUUGAGCCGUAGCCCA,0.134870206,0,0.125085918,0.119767909,0
21ur-11866,UUUUAUUUAAUUUAGAUACAU,0,0,0,0.119767909,0.273819339
21ur-13550,UAGAUUUAUUCCAGUUUUUUA,0.539480825,20.45392229,4.753264899,0.359303727,0
21ur-8458,UCUGUUCUCUCCUAGAAACUG,0.539480825,2.764043552,0.562886633,0.359303727,0
21ur-7899,UUAAAUUUUUUUCAAGUUUAA,4.855327427,505.5435657,10.00687347,0.718607454,0
21ur-6585,GGGAAUUAAACGUUAUAUAAA,0.269740413,2.211234842,1.501031021,0.119767909,0
21ur-13694,CUAGUAAUGUCAAUGUCAGAA,0,0.55280871,0.125085918,0,0
21ur-10474,UAAUAAAGAUGGAGUACUGUA,0,0.18426957,0.375257755,0,0
21ur-5601,UAAGUUCUUCUUCGGGGUAAA,4.180976396,36.48537489,49.72165256,7.365726401,0
21ur-9272,UUAUGUUUUGGGUGUUAACAU,1.618442476,32.06290521,21.01443429,1.19767909,0
21ur-11988,UUGGAUCGAGGUUUUAUCUUC,0,0,0,0.119767909,0.136909669
21ur-12635,UUUUGGUUGUCUUUUAGCUUU,0,2.487639197,2.501718368,0.359303727,0
21ur-14070,UUUAUUGAAAUAGCGUUAGUA,0,0,1.501031021,0.239535818,0
21ur-7446,UUUCAAAGCGUUAAUAAAAAA,0.269740413,2.90224573,3.158419439,0.239535818,0.068454835
21ur-6370,UGAUAUAUUUUUUAAGCAUGU,0.269740413,32.06290521,10.13195939,0.119767909,0
21ur-14965,UCUGCCAAAGCCAAUUGGAAA,0,0,0.125085918,0,0
21ur-6170,UAUCAUAGUAGAUUUCGUAUC,0.269740413,0,1.751202857,0.359303727,0
21ur-6641,UACACAAAGUCUUCUCAAAAA,0.809221238,10.5033655,14.2597947,0.239535818,0
21ur-15367,UACUACCUCUCUUUUUUCGAA,0.269740413,1.105617421,1.751202857,0.239535818,0
21ur-10983,UUCAUAUCUCAGUUUAUUUUU,1.07896165,2.764043552,2.501718368,0.838375363,0
21ur-9581,UUGAUUAUGUAUUGAUUUUAA,1.07896165,20.45392229,7.630241022,1.317446999,0
21ur-7137,UUUUGAUGUGAGUAUAGAAAG,2.967144539,104.4808463,45.2185595,2.455242134,0
21ur-12298,UGAAAAAUGAAUUCUUAACAU,0.809221238,0,0,0,0.136909669
21ur-9700,UAGCAUUACGUAAUGCUUGAA,0.269740413,26.81122246,21.95257868,0.958143272,0
21ur-11023,UUAGAAACCAGUAAUAGAAAC,0.629394296,1.658426131,9.277205614,0.119767909,0
21ur-10814,UAAAUAAUAACAAAUAUUAUU,0,14.92583518,0.500343674,0.119767909,0
21ur-7142,UUUGAAAAUUCUAAGAAGAUU,0.539480825,11.88538728,4.378007144,0.958143272,0
21ur-12030,UUCUUGAUUUCUUCGCGAAGA,0,1.105617421,0.687972551,0.359303727,0
21ur-11511,UUAAGCUAAAAAUAAUACCGA,0.539480825,1.658426131,16.26116939,0.479071636,0