21ur-9821,UUAAUUGUUCCCAUUGCAGAG,0,0,1.250859184,0,0
21ur-10562,UUGUUCCCAUUGCAGAGUUGC,0,0,0.500343674,0.119767909,0
21ur-5578,UUCGUAUGAUGCUUUGAAUAC,6.20402949,124.1055555,509.1622308,12.21632671,0.136909669
21ur-7796,UUCAAUCAUAAGAAACCAGGA,0,0,4.503093062,0.359303727,0
21ur-10255,UUGGCCUAAAUCGAAUCAAAC,0.539480825,0.55280871,6.004124083,0.239535818,0
21ur-7043,UCUUGAAGAUGAAUUGGGCUC,0,22.66515713,12.00824817,2.634893997,0.136909669
21ur-6911,UAAAAAAAUUUUGAGUUAUGC,1.348702063,211.1729274,104.0714841,14.25238117,0.136909669
21ur-13399,UCAUUGAGCAAAUGCGAAAAA,0,0,0,0,0
21ur-8555,UGCAAAUUUCAUAUGUUUAAA,0,0.55280871,4.378007144,0.239535818,0
21ur-12197,UGUGAGAUUCUAAAUACACAA,0,0,0,0,0
21ur-15352,UACUUGUAUUUUAUUCUGGUA,0,1.382021776,0.125085918,0.598839545,0
21ur-14209,UUGGAAAACGGUGGCGCGAUU,0,0,0,0,0
21ur-6059,UGUGAGAAGGGAAUUUGUCGA,0.809221238,2.764043552,4.127835307,0.239535818,0.273819339
21ur-8655,UGUGAAAAAAACACUUUAAGU,0,0.55280871,1.626116939,0,0
21ur-8671,UCUAGAGUUAAAAUGAUUCAA,0,0,0.125085918,0,0
21ur-10061,UUCCAGUGUUAAUGAAGCUUU,0,0,1.375945102,0.718607454,0
21ur-14975,UCUCGAACCCCGAAACAAGGC,0,0,0.125085918,0,0
21ur-15362,UACUCAAAAAUAGCAGUCACG,0,0,0,0,0
21ur-11674,UCAAAAAUAGCAGUCACGGAA,0,0,0.125085918,0,0
21ur-9579,UUGGAAAUGUAGGACCCUUGC,0,0.55280871,0.125085918,0.119767909,0
21ur-14150,UUGUGGUUUGAGCUGAAUACU,0,0,0,0,0
21ur-15113,UCACGGAAUUGCACGGAAUUU,0,0,0.125085918,0,0
21ur-14095,UUUAGCUAGUACUGAUAGUGA,0,0,0.625429592,0,0
21ur-14377,UUCCAUGAUUCUACUAGACAU,0,0,0,0,0
21ur-11811,UUUUUUUGUUUCUUUCUCCUA,0,1.105617421,0.75051551,0.479071636,0
21ur-12165,UGUUUACCCGACAUCUUUUGA,0,0,0,0,0
21ur-6864,UGUUGUAUUGCACUAAAGGGU,0,5.528087105,11.13264674,0.239535818,0.136909669
21ur-8741,UUACCCGACAUCUUUUGAGAA,0.269740413,0,1.000687347,0,0
21ur-13155,UGUAUUGCACUAAAGGGUAUU,0,0,0,0,0
21ur-6730,UGUUGAUUUGAUUUUGUGUCC,1.888182888,27.64043552,11.13264674,1.676750725,0
21ur-9103,UUGAUCGUUGCGAGUUGGCUC,0,0,6.629553675,0.239535818,0
21ur-12264,UGAUUUCCAUUUAGUCUUUUG,0,1.105617421,2.376632449,2.515126088,0
21ur-7857,UCAGCAACAUUAUUCAAAUUU,0,0,0.125085918,0,0
21ur-6930,UCUCAAUUGGCUAUAUAUGAA,0.539480825,4.422469684,9.881787553,0.359303727,0.136909669
21ur-10175,UACAAAAAGUGUACAGAUUGA,0.539480825,3.316852263,25.26735551,0.718607454,0
21ur-9097,UUGGACAUCCCAAUUUACCAA,0.269740413,6.080895815,1.250859184,0,0
21ur-6385,UCAAUUUAAACUUGAAGGGCA,0,0,0,0.359303727,0
21ur-9300,UGAGGAACAAAUUAGGGCUUC,0,1.105617421,0.75051551,0,0
21ur-8824,UUGUCCCAUCACUAAUUUAGC,0,0.55280871,3.502405715,0.239535818,0
21ur-13531,UAGUUCUAUUAGUAUUAUUAG,0,0,0.625429592,0.119767909,0
21ur-13445,UCAAAAAUGCGUCCUCCUGUG,0,0,0.125085918,0,0
21ur-13230,UGAUUUGAUUUUGUGUCCUGA,0,0,0.75051551,0.119767909,0
21ur-8195,UUUAUUCCCCACCUCAAAAAA,0.269740413,10.5033655,18.26254408,0.718607454,0
21ur-12337,UCCGUUCAGAGAAAAAACUUU,0,0,10.75738898,0.479071636,0
21ur-15006,UCGGUACGAUAUAAUGUGAGG,0,0,0.375257755,0,0
21ur-14767,UGGCUGAUCAAAUGAGAAUUG,0,0,0.125085918,0,0
21ur-1446,UUAUGAACCCGCAAUGCGAGC,0.269740413,0.829213066,4.878350817,0.718607454,0
21ur-2779,UACUUGGGGUUCAGCAUUUAU,3.102014745,553.6379236,304.0838676,2.994197724,0.547638678
21ur-2193,UUAUGAUUCGUUUUUUGUUCA,4.585587014,23.77077455,28.89484715,14.79133676,0.273819339
21ur-755,UAUUUUCCAUGUUUUGGCAAA,0,4.975278394,3.002062041,0.359303727,0