21ur-9382,UUUGGCAAAACUUUAAAUGUU,0,3.869660973,0.75051551,0,0
21ur-13552,UAGAUCUGCGAGGCGUACGGG,0,0,0.125085918,0,0
21ur-9852,UGCUUCAAAUUCAUUCAAAUU,0.269740413,4.975278394,1.125773266,0.119767909,0
21ur-11760,UAAUCUUUUCGUUCCUCUAUC,0,4.975278394,6.129210001,0.119767909,0.547638678
21ur-11195,UAUGAAGCUUCUAACUGAUAG,0,0,0,0,0
21ur-10847,UUUUUCAAAACUUUGUUUAUU,0,0.55280871,0.500343674,0.119767909,0
21ur-8236,UCAUCUCGUAUUUAUUCAAAA,0.269740413,2.211234842,3.377319797,0.718607454,0
21ur-13739,UUUUUUUUGAAAGUAAGUUUU,0,1.105617421,1.876288776,0.718607454,0
21ur-12854,UUGGACUGAACAAUCAGGUAG,0,0,0.125085918,0,0
21ur-13478,UAUUCCAGUGAACGAUUAAAU,0,2.764043552,6.441924797,1.077911181,0.114091391
21ur-10738,UCAACAUUGGAACAAAAUGAA,0.539480825,0,1.501031021,0,0
21ur-7691,UGUUUUGAGUCAACUCCUCAA,0,3.316852263,1.250859184,0.119767909,0
21ur-14398,UUCAUAAUGAGAGCUGAUCGA,0,1.105617421,0.500343674,0.059883954,0
21ur-8303,UCUUCGUCGCGCUCAAACAAU,0,0,4.002749388,0.239535818,0
21ur-12671,UUUUAGUUAUCUUCAUCAGAU,0,0,0.125085918,0.119767909,0
21ur-14653,UGUUUUAUUCAACAUUGGAAC,0,0,1.000687347,0.119767909,0
21ur-10499,CAAAAGAAUCAUCUCGUGGAC,0,0,0.375257755,0,0
21ur-14489,UUAUUAAAUCUUCCCCACCAA,0,2.487639197,2.126460613,0,0
21ur-7214,UUGAUAAAGGCAGAAUUUUAU,0,33.62919656,2.063917653,0.059883954,0
21ur-11775,UAAAUUUAUUCUACGUUUUGA,1.888182888,33.16852263,30.52096409,4.072108904,0
21ur-15012,UCGGAGAACUUAAUUUUGGUC,0,0,0.125085918,0.179651863,0
21ur-8339,UUUGGAUAUGAGUUUGUGAAU,0,4.975278394,1.000687347,0.359303727,0
21ur-9497,UAUUAGGAAUUGUGUUCACCA,0.809221238,1.934830487,1.438488061,0.119767909,0
21ur-11096,UGCGCCAAAAUCCAAAAAAAA,0,0.55280871,1.000687347,0.119767909,0.136909669
21ur-14444,UUCAACAUCCUCGAUGGAGUA,0,0,0.312714796,0,0
21ur-10635,UUAAUGUCUCUUUGUUUGAGU,0,0.55280871,3.252233878,0.479071636,0
21ur-6188,UUCUUUUGUGCACGUCAGGGG,0.404610619,9.950556789,29.14501898,1.73663468,0.068454835
21ur-7089,UUCAUCCACUAAUUACGAAAA,0.539480825,2.764043552,6.629553675,0.479071636,0
21ur-10357,UGAAUCGUUGAACCAAUUUUA,0.269740413,7.186513236,1.751202857,1.077911181,0
21ur-14384,UUCCAAUGUACCAUAAAACAA,0,0,0.500343674,0,0
21ur-15220,UAUUAGAAACUCUAUCUCAGA,0,0.276404355,0,0,0
21ur-9169,UCAAAUUUUUCAUUACCCUGA,0.269740413,2.764043552,4.002749388,0.479071636,0
21ur-8419,UUUUAAUUUUGGAUACAAGAC,2.877231068,26.35054853,48.22062154,5.74885963,0
21ur-14277,UUGAAGUCCAAUUGGGAAUAA,0.269740413,0.36853914,0.125085918,0,0
21ur-8970,UUCUUGAUAAUAUGUCCAGCU,0,1.105617421,31.89690919,0.239535818,0
21ur-15632,CAUUGGCAUAUGAUUAUACAA,0,1.658426131,0,0,0
21ur-8167,UAUUGGAUGAUUGAAUUGCAA,0.269740413,8.015726302,0.375257755,0.239535818,0
21ur-8292,UGGAUAUUUUUUCAAAGAAUA,0.269740413,0,0.125085918,0.119767909,0
21ur-10225,UUUGAUCAUCCGUUUUCCAGU,0.269740413,5.159547965,19.0130596,0.718607454,0.136909669
21ur-10642,UGUUGUCUGUUCGAUUUAGCA,0.269740413,0.276404355,0.250171837,0.119767909,0.136909669
21ur-15330,UAGGAUUUUCUACUUGCCAAA,0,0.55280871,0.875601429,0,0
21ur-8013,UUAAUUUGAUCAUCCGUUUUC,0,3.224717478,15.51065388,2.515126088,0.068454835
21ur-6676,UCUUUUUUGGGUGAGCAUGUU,8.901433616,766.1928727,310.2130776,10.6593439,0.410729008
21ur-10552,UUUAUGAAGCUUCUAACUGAU,0.539480825,0,0.875601429,0.359303727,0
21ur-12543,UAAAGUUUAAUAUACAAUUAA,0.674351032,18.79549616,1.938831735,0.179651863,0
21ur-10252,UUGGUAUUCCAGUGAACGAUU,0,11.33257857,8.881100206,0.778491408,0.319455895
21ur-7830,UUUUAUUCUUGGAGAAAUGAA,0.809221238,8.292130657,3.377319797,0.479071636,0
21ur-13764,UUUUUUAGUGAGCUUUGUUCA,0,0,0.500343674,0.119767909,0
21ur-11327,UUUUAACAGUUUUUAACAGAG,0,2.211234842,0.500343674,0.239535818,0
21ur-66,UAUUGUAGAUUUCUCCGGCGG,0.809221238,0,11.25773266,1.556982816,0