21ur-2635,UGCUACGCGAAUGUUAUUGCU,3.236884951,45.92919036,51.3477695,1.19767909,0.136909669
21ur-928,UUCAGGAACGUUACUCAUUAG,10.60978956,33.16852263,72.71661389,7.066306628,0.2624102
21ur-2111,UAAUCUAUGCAUCUCAACAGU,0,3.869660973,3.752577552,0.239535818,0
21ur-2451,UGAUACGAGUUUUGUGUACAG,0.269740413,4.698874039,2.001374694,0,0
21ur-4479,UGCCGCUUUUGCAAGGUUGAA,3.236884951,14.37302647,142.9732047,2.27559027,0.273819339
21ur-160,UAGUGAACUGUCUGUCUUCAU,7.822471966,56.11008412,141.4721737,31.97803169,0.273819339
21ur-1299,UUAGUUGAUUUCCUAGUUGAU,7.552731553,140.9662212,61.41718593,18.6837938,0.273819339
21ur-3244,UCAUAGUUUCUGAUAUAUACG,1.888182888,19.90111358,7.254983267,11.01864762,0.136909669
21ur-3738,UGUAAGCCUUGGUUCUGUUCC,0.539480825,29.29886166,32.52233878,0.119767909,0
21ur-802,UAAUUUCUGAAUUAAUUGCUC,0,0.55280871,3.627491633,0.479071636,0.273819339
21ur-4671,UUGAAUGUUGAAAUGUAUUUU,38.03339818,943.9208732,248.4206339,11.61748717,0.616093513
21ur-4614,UUGGUUGUUGGCGUGUUUUUC,43.42820643,1242.713981,477.7031223,109.9469404,2.395919216
21ur-1956,UUGGUUCCUGCUAUUAGAACC,14.02650146,428.4267506,60.35395562,12.51574649,0
21ur-990,UUUGUUUCGUAUCCGCAAAAU,7.552731553,77.94602818,147.8515555,18.6837938,0.410729008
21ur-2493,UAACCAUAUGAUAAUUAAAAA,22.25358404,317.8650085,118.3312788,13.29423789,0.136909669
21ur-3762,UCAGUCUGCAUUUACAAGCUG,0.269740413,2.211234842,1.626116939,0.119767909,0
21ur-1253,UUUGAGGAGUGACACAAAUAA,14.02650146,356.0088096,36.52508817,1.796518634,0
21ur-455,UACAAUAACGUGUUUUUAUCU,1.348702063,43.67188813,39.90240797,2.634893997,0.410729008
21ur-2436,UGCAUACAACGUUGCCGUAUG,1.888182888,159.2089086,51.53539838,1.676750725,0.136909669
21ur-1086,UACAAAAUCCUACUUUCAAUG,4.855327427,279.3526684,55.47560481,6.82677081,0
21ur-717,UAGAAGUUCCGUAUAGCUUCC,4.855327427,25.42920068,13.00893551,1.437214907,0
21ur-739,UUUGUGUGCGAAUGUCAUAAC,74.17861347,1469.365552,1232.659183,42.69725954,0.889912852
21ur-643,UGUGAGUUUUGUGACAGUUUU,1.07896165,13.82021776,16.51134123,2.155822361,0.273819339
21ur-4750,UGACGAAACAUUAUGAUCACU,3.236884951,23.21796584,36.77526001,9.282012944,0.342274174
21ur-220,UUACUAUGUAUUUCCUUUAAA,0.809221238,23.77077455,4.878350817,1.676750725,0
21ur-4764,UACCAGUUGUUUCUCUGGGGA,0,2.764043552,4.378007144,1.077911181,0
21ur-1482,UUAUGAUGUUGUUCAUUUGCA,0.809221238,9.397748078,0.75051551,0.419187681,0
21ur-2256,UUUAGUGUACAUUAGUAAACA,2.157923301,31.5100965,7.380069185,0.359303727,0
21ur-2767,UAUGUUUCCUACAGCGAUGAA,0.539480825,19.34830487,1.000687347,0.119767909,0.136909669
21ur-2785,UAAUAUCGUAAAAAGUUGUGU,2.697404126,70.20670623,144.5993217,27.78615488,0.410729008
21ur-5382,UGCCAGUUACACAGUUACACA,1.348702063,23.21796584,0.250171837,0.598839545,1.916735373
21ur-1275,UCAUGUUGUAUUUAUCUUGAU,0.539480825,1.382021776,1.626116939,2.155822361,0.068454835
21ur-458,UAUAAUAAAACACUGUCAGGG,0,0,0,0,0
21ur-2599,UAUCUCCUUCGUUCAGCUAAC,0.809221238,4.422469684,39.71477909,0.718607454,0.136909669
21ur-313,UUGGUUUAGAAUUGGAUGCUU,20.50027136,746.8445679,425.7924662,44.91296586,0.410729008
21ur-5264,UUUAAUGCAAAUGGUUGUUGU,1.888182888,21.74380928,26.01787103,5.868627539,0.136909669
21ur-2001,UCCAAACUACAAAAUGUUUCA,4.046106189,95.63590692,99.25567624,6.587234993,0.136909669
21ur-1184,UCAGCAAAACCAUAUAGCAGC,1.348702063,23.21796584,33.27285429,1.556982816,0
21ur-4074,UGCCCUAUCGGUUUCCUUAUG,0.539480825,14.37302647,21.13952021,0.838375363,0.136909669
21ur-4916,UUGACUGGCUGAAAUAAAAUC,0.269740413,2.211234842,5.253608572,0.239535818,0
21ur-4094,UGCAUUGACUUCUAAAGCAAU,4.585587014,124.3819599,68.85979807,1.437214907,0.273819339
21ur-421,UGGGAAAAAACGAUUCUGCAU,6.20402949,333.3436524,683.8447158,10.41980808,0.821458017
21ur-1032,UGUGAACUGUUGAUUUCGUGC,0,1.105617421,4.878350817,0,0
21ur-3323,UCAAAUAGUAUAAGCAUCCAA,5.664548665,76.28760205,111.0762955,5.629091721,0.684548347
21ur-2231,UUCCACAUUCGCAUUCGAAAA,32.50371972,85.96175448,220.9642748,28.38499442,0.273819339
21ur-5301,UCUCCUUUCUUUCUAAUUCCA,5.664548665,92.87186336,97.87973114,19.64193707,0.410729008
21ur-2061,UCACAUACAAGGCGCGGCUUA,9.171174029,24.87639197,55.53814777,5.150020085,0.136909669
21ur-524,UGAAUUUAAUUAUUAAUCAGA,39.38210024,652.3142784,587.028215,38.32573087,0.136909669
21ur-1537,UGAUUACACAGCCAAUCUUGA,13.21728022,1.658426131,45.53127429,1.437214907,0.136909669
21ur-32,UAGAACUUCAUCUUUAGAACA,8.901433616,67.99547139,115.7044745,16.0488998,0.273819339