21ur-4046,UCAUUUAAAUUUUAUGAUUAA,0.269740413,43.11907942,2.251546531,0.239535818,0
21ur-3876,UUCCAACUGACACAUUUUUAU,6.20402949,131.8448775,120.0199387,12.51574649,0.616093513
21ur-4485,UCUCAUGACGGUUUCCAUUUU,10.51987609,512.4536746,268.3092949,5.509323812,0.273819339
21ur-3186,UCUUCGUGGUAUAACGGAUAC,0.809221238,1.105617421,5.128522654,1.317446999,0
21ur-2689,UUUGGACUGUUCGCAAGAGUC,3.776365777,5.528087105,11.94570521,3.054081678,0
21ur-8436,UUCUGAACAACGUUUUCUUUA,0,8.844939368,1.876288776,1.077911181,0
21ur-14301,UUCUUGUACAUGAAGUUUAAA,0.539480825,12.16179163,20.3890047,7.305842446,0
21ur-13986,UUUCUUGAGUGUUAAUAUCAU,0.809221238,8.292130657,1.626116939,0.179651863,0.136909669
21ur-14019,UUUCCGUUCUUAUUUCAACAG,0,0,0.500343674,0,0
21ur-7737,UUUCCUCCAAACACGGCAAUU,1.618442476,2.764043552,15.76082572,1.377330953,0.136909669
21ur-5472,UGAGAUAAAUUUUUGAAAAAA,15.65720486,236.4513621,99.88110583,13.65898562,0
21ur-11842,UUUUGCGUACGGAAAACAAAA,0,1.382021776,0.375257755,0.239535818,0
21ur-9390,UUUCCAACUGACACAUUUUUA,2.697404126,15.75504825,34.52371348,10.59945994,0.479183843
21ur-6193,UAUAUGAGAAGAGCGGUCUAU,1.618442476,7.739321947,10.75738898,2.036054452,0.136909669
21ur-12885,UUGAUGUUGUUGUGUUGUUCU,0.899134709,34.82694876,17.57457153,2.754661906,0
21ur-10881,UUUGAUUUUGGGCUGAUAACA,1.213831857,20.73032664,10.38213123,4.670948449,0
21ur-15378,UACGACAGGAGAUGAAUACAA,0,0,1.000687347,0,0
21ur-11538,UGUUAGUUUCGAAAUCUUCUU,0,0.55280871,2.501718368,0.359303727,0
21ur-15297,UAGUUUCGAAAUCUUCUUUUU,0.269740413,2.764043552,4.127835307,0.479071636,0
21ur-10103,UGCAGCAGUCCAAAUAGGUUU,0,0,0,0,0
21ur-6788,UUCCUCGUUGCUAUUAAAAAU,0.539480825,13.82021776,22.76563715,1.19767909,0
21ur-8176,UACCAGAUUCAUCAUCAAAUU,0,3.316852263,5.003436736,0.598839545,0
21ur-9972,CAGGCAAAAAAUUAUAAAGAU,0,0,0.875601429,0,0.273819339
21ur-7069,UCUCGAAAACUCAUCGAGCAU,0.269740413,2.211234842,0.625429592,0,0
21ur-7007,UAAAGCUUUUUUAGUAAAUGA,2.427663714,17.68987874,43.02955593,2.515126088,0
21ur-7161,UCCAGAAUCAUCACAAACGGU,0,0,1.751202857,0,0
21ur-14573,UUACGAAAUUCAGUUAAAAUU,0,0.55280871,1.250859184,0.119767909,0.136909669
21ur-8429,UUGUUCUCUUUGUCGAGUUUU,0.809221238,0,3.002062041,2.395358179,0
21ur-13452,UAUUUUAAAAAUUGAGAGUUU,0.269740413,0,0.375257755,0,0
21ur-10003,UUUGGAUGAGUACAUAUGUGA,2.427663714,6.080895815,1.813745817,0.898259317,0
21ur-12614,UUUUUGCGUACGGAAAACAAA,0,0.276404355,0,0,0
21ur-14967,UCUGAUAGUAACAAAACGGAG,0.134870206,0,0,0.119767909,0
21ur-11099,UGCAGCCGAUUCAAAACAGGA,0,0,1.271706837,0.179651863,0
21ur-11305,UUUUUCACCACAACUAUAUUU,0.269740413,4.975278394,6.25429592,1.916286543,0
21ur-13110,UUAAAGAGGUUUUGAACAAUG,0,1.105617421,1.813745817,0.778491408,0
21ur-7246,UUUGUUUCUUUUUCGGAAUUA,4.315846602,128.2516208,54.91271817,29.10360188,0.547638678
21ur-8557,UGAAAAGUUUCCGAAAUUCAU,0.539480825,9.397748078,12.88384959,1.676750725,0.136909669
21ur-7399,UAAAUUGAUCCAAUCCAAGUU,0.809221238,13.26740905,13.32165031,5.868627539,0.068454835
21ur-12784,UUUAGUCUGAUAGUAACAAAA,0.539480825,9.121343723,4.503093062,0.598839545,0.068454835
21ur-6938,UAAAACAGAGUUUUCAAUGUU,1.888182888,16.58426131,11.88316225,4.790716358,0.136909669
21ur-5890,UUUAAAGAGGUUUUGAACAAU,6.743510315,229.1392105,184.0639289,10.83899576,0.684548347
21ur-7747,UUCUGGCCGCAUACGUCUACC,0,1.105617421,0.75051551,0.119767909,0
21ur-14013,UUUCGCGCGGAAUCAUUUGGA,0,0,0,0,0
21ur-9053,UAGUUCUGAACAACGUUUUCU,1.618442476,2.211234842,8.005498777,1.437214907,0
21ur-14848,UGAUUCUUGUACAUGAAGUUU,1.07896165,10.5033655,2.001374694,0.359303727,0
21ur-7834,UUUAAAAAUUGAGAGUUUAAC,0.539480825,12.16179163,7.505155103,1.796518634,0
21ur-6117,UUAGUUUCCUCCAAACACGGC,0.809221238,1.105617421,24.14158225,3.113965633,0.068454835
21ur-5709,UUCUUGAGUGUUAAUAUCAUG,0.539480825,21.006731,6.879725511,3.772689132,0.273819339
21ur-5674,UGAAAUCAGAAAAUGUUGAAU,0.539480825,13.26740905,18.26254408,1.676750725,0
21ur-13387,UCCAGAAGGGCCCACAAAAGA,0,0,0.875601429,0,0