21ur-1228,UAUUACGCAUUGUGAUUUUCG,0,0,2.251546531,0.598839545,0
21ur-3381,UGCUCUGGACAGAACGUUAGU,4.585587014,248.211111,355.1189223,17.84541843,0.547638678
21ur-1201,UCAAGUGAAUUCGAUUCGCAG,0.269740413,5.528087105,6.25429592,4.55118054,0
21ur-4388,UUUUACGUUCUCUGGUUGAAA,0.269740413,3.869660973,21.95257868,0.658723499,0
21ur-1327,UAUCACGAGAAUGCAAUUGAU,14.29624187,55.83367976,81.43093287,18.44425798,0
21ur-4968,UAGCAAAACAAAAAAUUUUUC,1.348702063,10.5033655,10.8824749,2.634893997,0
21ur-3330,UGAUUGUUGAUUGUCGUUUUC,2.023053095,42.013462,50.78488287,5.74885963,0.205364504
21ur-1243,UAAAACCCAAAUGUUGAUAUA,0.809221238,8.844939368,38.02611919,0.838375363,0
21ur-3320,UUCGUCUUGGAAAAAACAACA,10.7896165,119.9594902,480.8302703,51.02112921,0.479183843
21ur-4339,UGCCUUUAAACGCGAAAUUGU,0,1.658426131,1.125773266,0.119767909,0
21ur-1152,UUUGAUUAUGUUAGGAAAAUU,7.282991141,205.6448403,194.1333453,22.99543852,0.547638678
21ur-914,UAGAUAUUCUAUUACUUGCGG,1.07896165,6.633704526,17.0116849,2.27559027,0
21ur-1957,UAUGGUGUUUCCUCUAUUACA,0.269740413,19.90111358,0.375257755,0,0
21ur-3703,UGUAAGGUUGCUCUAGAAAUU,13.08241001,551.7030931,655.950556,18.92332961,0.684548347
21ur-3139,UGGCUCAUAUUUGCUAAUUUC,0.269740413,14.92583518,0.75051551,1.077911181,0
21ur-4735,UCGUCCAAUAGGAAUCAGGUU,2.967144539,1.658426131,22.76563715,2.994197724,0
21ur-1632,UUAUAAAUAAUGGUGUAGAUC,74.71809429,1772.58113,1433.734797,52.57811203,1.232187025
21ur-2428,UGAUAUAUACUGCCGUCUUCC,6.20402949,1409.662212,1478.890813,11.37795135,0.136909669
21ur-2336,UGGACUGCUAAAUUGUUAGAC,3.236884951,31.78650085,52.22337093,3.113965633,0.136909669
21ur-668,UGAAUUAGUUGUUAUUGUUGA,61.77055449,782.2243254,1054.286663,187.2571257,3.76501591
21ur-1575,UGAAGCACUGAUCCGGUUAAA,15.91468434,152.2987997,184.001386,56.71010489,0.935549408
21ur-4367,UAAAUCUUCUUUUGAACGUGC,0.809221238,6.080895815,12.88384959,4.072108904,0
21ur-4149,UUAACUCAGUCAAAGCGAUCC,8.901433616,43.11907942,382.0123948,5.389555903,0.684548347
21ur-5337,UUUCAUUAGGAUGAUGGUUUU,4.720457221,25.70560504,41.27835307,4.670948449,0
21ur-3103,UCAAUGCUCUGGACAGAACGU,0,9.950556789,14.76013837,0.359303727,0
21ur-1744,UUGUAGUGAGUACUAUUGAAG,1.348702063,6.633704526,4.252921225,0.658723499,0
21ur-1955,UCUACGUCUUUCUUCAUUUAC,5.394808252,53.62244492,172.9938251,45.15250168,0.547638678
21ur-2108,UAGCCUCCAAGAACAUUGACU,0.809221238,7.186513236,13.69690806,0,0
21ur-3031,UUAAAACUCCGAAACAAAUGA,0.809221238,7.186513236,38.71409174,1.856402589,0
21ur-64,UGAUGUUCCUUGAGACUUUAA,1.348702063,31.5100965,7.880412859,0.119767909,0
21ur-5168,UGACAAUCGUAAAUUAUUUUA,1.618442476,35.93256618,45.28110246,0.958143272,0
21ur-3474,UGCUUUUAUCGAAAAGUUGUC,0,11.60898292,5.753952246,0.239535818,0
21ur-301,UAAUAUGACUCCGCCGUUGAC,0.539480825,11.05617421,62.04261552,0.359303727,0
21ur-3299,UAACAGUUGUUGUGGAAUUGU,5.934289078,67.44266268,90.437119,23.11520643,0.410729008
21ur-1068,UCGAAAAGGAGUUUUGCCGGU,0,1.105617421,4.753264899,0.838375363,0
21ur-1803,UCAAAAACAUGAUAAUUGAAG,0.539480825,25.42920068,41.52852491,2.395358179,0
21ur-1614,UACCGAUUGAAAUCACAUUUC,1.618442476,8.292130657,6.379381838,0.838375363,0.136909669
21ur-4941,UGCACUGUAAUCGUGAAUUGU,0,0,1.876288776,0.958143272,0
21ur-14003,UUUCUAUCAAAAGUGCAUAUA,0.539480825,28.74605295,9.006186124,0.598839545,0
21ur-10921,UUGUUAUUACGCAUUGUGAUU,0,0,0,0,0
21ur-14963,UCUGGACAGAACGUUAGUUAC,0,0,0,0.119767909,0
21ur-10795,UAAUUAACUCAGUCAAAGCGA,0,0.55280871,2.376632449,0,0
21ur-8613,UUUCCUUUUUGAACAACAGCA,0.269740413,0,4.002749388,0.359303727,0
21ur-8932,UUUUGAUUUCUGGUUGAGCUA,0,0.55280871,0.625429592,0.359303727,0
21ur-11021,UUAGAAUAGUCUUUAAAAAUU,0.269740413,0.55280871,1.250859184,0.119767909,0
21ur-8769,UCCAAAAUUUUAAGAUUUUUA,0,0,0.375257755,0,0
21ur-14556,UUACUUCGUCUUGGAAAAAAC,0,1.658426131,1.375945102,0.239535818,0.068454835
21ur-8650,UGUUCUUCUUGCAAACAAUCG,0,0,0.125085918,0,0
21ur-15413,UAAUUUCAGAGAUUUCUUUUU,0.539480825,0,0,0.479071636,0
21ur-13719,AUAGGAAAAAAAUUUAAAAAA,1.213831857,21.75609392,14.32233766,0.299419772,0