21ur-14174,UUGUAACCGGUCUUUUUCCAU,0,0,0.75051551,0,0
21ur-6080,UUCUGAAUCAAACUUCUGAAU,0.539480825,34.82694876,19.88866102,2.036054452,0
21ur-12704,UUUGGAGCUUCAACUAUGGAU,0,0.55280871,0.250171837,0.239535818,0
21ur-11224,UACUGGACCAAGGAUAAUGUC,0,1.105617421,0.250171837,0,0
21ur-15568,GUUAAAAAAUCCUCCAAAGUU,0.269740413,7.370782807,0.354410102,0.2195745,0.068454835
21ur-7618,UUUGUUAUUGUCGGCAGGAGA,0.809221238,2.764043552,11.32027561,0.359303727,0
21ur-11175,UAUUUGAUUUGCAUUUUUUUU,0.539480825,12.71460034,7.00481143,0.479071636,0
21ur-9679,UAUUGCAUUGGGAUUUGCUUU,0.539480825,3.869660973,2.001374694,0.898259317,0.136909669
21ur-8056,UUUCUCUUGUCGACUUUUUGA,0,1.658426131,3.002062041,0.239535818,0
21ur-6026,UCUUAUACAAUUAUGAAAACA,2.697404126,126.040386,119.7072239,2.155822361,0
21ur-11736,UACGUGAACUUUUUGAAACUU,0,0,0,0,0
21ur-12421,UAUGUGGUUAUUUGAAUCAAA,0.809221238,12.43819599,2.814433164,2.155822361,0
21ur-10844,UUUUUCUUCAAUAUCAUCUAC,0,1.105617421,0.875601429,1.19767909,0
21ur-6640,UACGUUUCCUAUAUGGAGAUC,0,0,0.625429592,0,0
21ur-10825,GGUCGGAGUAAAAAUUCAAUU,0,2.764043552,1.250859184,0.479071636,0
21ur-14711,UGUCGUACACUAUCGCCUCGU,0,0,0.187628878,0,0
21ur-9906,UAUUUUUGAAAAGAAAUAGAC,0.269740413,0.55280871,3.377319797,0.359303727,0
21ur-10287,UUCAUAUUUUGUCCAAGAAUA,0,3.869660973,2.251546531,0.598839545,0
21ur-11306,UUUUUAGAAGAUGACUCACCU,0,0.829213066,0.312714796,0.239535818,0
21ur-9540,UUUUUUGAAAUUUCUCGAUGA,0.809221238,12.71460034,11.75807633,10.06050435,0
21ur-14452,UUCAAAAAUUGAAGGUGUUCA,0,4.146065329,1.125773266,0.059883954,0
21ur-6098,UUCGAUUUUGAGAAAACUGGC,1.888182888,17.41347438,45.40618838,1.556982816,0.136909669
21ur-6041,UUCUUUUUGGAGUGUGGUCAU,12.22823204,399.3121585,322.7008218,6.647118947,0.136909669
21ur-13422,UCACGAAAUAGACCUCAUCAA,0,0,0,0,0
21ur-5942,UGAUCAUGUAUCCCGAGGUAU,0.269740413,7.739321947,20.01374694,1.19767909,0
21ur-9129,UUACCAACAUCUGCUUUGGAA,0.134870206,3.316852263,0.687972551,0.239535818,0.068454835
21ur-10803,UAAUACAGAUACACUCAUCGC,0,0,0.75051551,0.239535818,0
21ur-9912,UAUUGCACAAUUGAUAAGGAU,0,1.105617421,0.896449082,0,0
21ur-7461,UUAUUUUUGAAAUCGAACUUC,1.348702063,19.71684401,28.76976123,6.946538719,0.136909669
21ur-11216,UAGCAACUUUUCAUCAUGAAA,0.674351032,1.105617421,2.063917653,0.359303727,0
21ur-8136,UUAGUUUCUAAUUUUUUUAAA,12.13831857,535.1188318,45.15601654,6.467467084,0
21ur-7104,UCACAUAAUCAUAUAGCUUUU,2.967144539,6.080895815,19.0130596,3.233733542,0
21ur-8949,UUGUUGGCCUUCGAACGGAAC,0,4.698874039,8.943643165,0.958143272,0
21ur-8596,UAAGAUCAACUAGAAGUUUCC,0.269740413,0,0.625429592,0.119767909,0
21ur-15096,UCAGCGAUCGAAAGACAACAA,0,0.276404355,1.792898164,0.898259317,0
21ur-11710,UAGUGCCAUUAAUUCAUCCGA,0,3.040447908,0.437800714,0.359303727,0
21ur-8534,UUAGGACUUUUGUAGACGUUU,0,0.55280871,2.376632449,0.119767909,0
21ur-13025,UUAUUUAUAUGAUUUUUGCCA,0.269740413,27.91683988,3.002062041,0.53895559,0
21ur-10239,UUUCAGUUGAUUGAUGAUGAU,0.404610619,0.276404355,0.81305847,0.479071636,0.068454835
21ur-7191,UUAAUUUGCGGUACACGAAUU,0.269740413,5.528087105,3.002062041,0.479071636,0
21ur-11391,UUGGUUUGUCAUUAAUGUAGA,0,1.105617421,0.125085918,0.359303727,0
21ur-13741,UUUUUUUUCGAAUUGUUUGGG,0,0,0,0.119767909,0
21ur-8186,UUUUUGAAGCUUACUGGAAAA,1.07896165,17.41347438,15.57319684,0.239535818,0
21ur-12797,UUUACAGAAUAAUUGCUUCGA,1.888182888,1.105617421,2.564261327,0.419187681,0
21ur-13571,UACUCCCUGUUUGGUUAAAAG,0,2.211234842,10.13195939,0.838375363,0
21ur-8777,UAUUUAUAUGAUUUUUGCCAU,0.269740413,19.07190051,3.12714796,0.898259317,0
21ur-12201,UGUCGAAAAAUGUACCUCGUU,0,0,0,0,0
21ur-15077,UCAUGGACAUCGAGGAAUUUA,0,2.487639197,0.125085918,0,0
21ur-8573,UCAGCAGCAUAAAUGAUUUUU,0.269740413,1.105617421,1.250859184,0.239535818,0
21ur-5822,UUGAAGUAGGAUUUUGAAAUA,2.157923301,20.73032664,12.07079112,1.077911181,0