21ur-5614,UUUAAAGAAAAGGUGUAGAGU,26.97404126,613.0648599,498.8426425,20.60008034,0.684548347
21ur-10244,UUUAGUUUGCGGAGGUAAUUU,0,0,0.187628878,0,0
21ur-15655,AUUUUUGCCAACUUUAUACUU,0,0,0.250171837,0.059883954,0
21ur-9381,UUUGGCAAAUUUACACAAUUU,0.809221238,27.64043552,13.00893551,1.077911181,0
21ur-15053,UCCCGUUGUUUAUAUUGUAAU,0,0,1.188316225,0.359303727,0
21ur-12142,UUAAAUGAAGUUGAACAGUAG,0,0,0.125085918,0,0
21ur-6827,UCUUAUAGGCUUUUGCAAAAA,0.539480825,25.42920068,24.76701184,2.874429815,0
21ur-5635,UGGAUAUUCCGUGUAGGUUUU,4.585587014,66.33704526,3.502405715,15.92913189,0.273819339
21ur-7236,UAUGAGAAAAUCAAAUUUAGG,0.539480825,2.211234842,5.628866328,0.479071636,0
21ur-6804,UCAAUGAUUAACGGUACUACU,0,0,1.375945102,0.479071636,0
21ur-13534,UAGUGAUAAAUACUGGAAAUA,0.539480825,0,0.875601429,0.119767909,0
21ur-14939,UCUUGAUUGUCAAUUGUUUUC,0,0,3.064605001,0.299419772,0
21ur-10548,UUUAUUCCUUCCUUUUGAUCC,0,4.975278394,10.94501786,0.239535818,0.136909669
21ur-7029,UAACAGACUUAUAAAGACAUU,0.539480825,1.105617421,1.626116939,0.598839545,0
21ur-10736,UCAAUAUCUCAAAUGAUAAUU,0,3.316852263,1.250859184,0.239535818,0
21ur-8267,UUUGAAUUUUUUUUUGAGUUA,0.269740413,6.080895815,6.504467756,0.718607454,0
21ur-6265,UCCCUGCAGCGAUUGGAAGAU,0.269740413,2.211234842,4.503093062,0.239535818,0
21ur-15666,AUAUGAUGCCUAAUGGAAAUC,0.134870206,9.674152434,0.062542959,0,0
21ur-14994,UCGUUGUCUCAUGUCACAGAU,0,0,1.626116939,0.359303727,0
21ur-8503,UUUGCUCCAAUAGCAGAAAAA,0.539480825,18.24268745,3.12714796,0.119767909,0
21ur-11322,UUUUAUUAUCAGUUGUGAUAU,0.674351032,5.528087105,2.189003572,3.593037269,0
21ur-11521,UUAAACAGUCUUGCCGGUAUU,0,9.950556789,20.51409062,0.479071636,0
21ur-12019,UUGACUCAACUAACCUGAAUU,0.269740413,2.487639197,33.02268246,0.119767909,0.068454835
21ur-14272,UUGACACCGGCAAAAAUCAGA,0,0.829213066,4.315464184,0.359303727,0
21ur-9595,UUCUCUGUUCUGAAUUGUAGA,0,0,4.002749388,0,0
21ur-14603,UUAAUCUGCGUGUCAUCGUCA,0,0,0.375257755,0,0
21ur-9187,UACUCCACAAAUUUCUGUUUU,1.618442476,8.015726302,15.69828276,2.934313769,0.136909669
21ur-9254,UUGGAGAGUGGAUCUAAUUUU,0.269740413,2.487639197,0.75051551,0,0
21ur-12441,UAGUUUGAAAAAUCAGAAAGU,0,0,0,0,0
21ur-5844,UGAUAAAUCAGUUUUAAAUAG,1.618442476,71.86513236,7.254983267,3.832573087,0.136909669
21ur-14450,UUCAAAAUUCCCACCCGAUCU,0.134870206,6.633704526,9.694158675,0.658723499,0.068454835
21ur-14471,UUAUUGAUACUUUUGCUACAC,0,0.55280871,0.938144388,0.239535818,0.068454835
21ur-13731,AAUAGUACUUUUUUCAGAAAU,0,1.105617421,0.500343674,0,0
21ur-14701,UGUGCGUAGUAUCAAUCAAAA,0,0,0.375257755,0,0
21ur-5832,UACACGAUUGAUCUCACUUUA,2.967144539,222.1369668,33.27285429,7.006422674,0.273819339
21ur-5560,UUCUGUCGCGCUUUUGACUUU,6.743510315,5.528087105,28.45704643,19.76170498,0.273819339
21ur-9018,UCUUUUAUUUUACAGUUUUGA,6.743510315,122.170725,96.06598532,14.13261326,0
21ur-11388,UUGUCUAUGACAUUCCUCCAU,0.269740413,0,0.500343674,0,0
21ur-9979,UUUUUUAAUUGAUCAACAAAA,1.07896165,69.65389752,32.52233878,3.772689132,0
21ur-8912,UAUAAUUUUCCUAACGAUUAC,0.539480825,2.211234842,4.878350817,0.119767909,0.136909669
21ur-14445,UUCAACAUCCAGUUUUUGAAC,0,1.934830487,0.687972551,0.059883954,0.273819339
21ur-6959,UCAUUUUCAAAAACCGUAUCG,0.269740413,4.422469684,30.02062041,1.916286543,0
21ur-14565,UUACGUUUUCAAUGCUGAGCC,0,1.658426131,2.063917653,0.059883954,0
21ur-7959,UGCUAACUUAUUGGAAAGAAA,2.427663714,27.08762681,37.90103327,2.395358179,0
21ur-10222,UUUGGUCUUUUUAUCAAACGA,0,0,0.125085918,0,0
21ur-8040,UACGUCGGUGAAAAAAAAAAC,0.539480825,3.869660973,45.03093062,2.395358179,0
21ur-12706,UUUGGAACUAGAGGAAUCUUA,0,1.382021776,0.187628878,0,0
21ur-12127,UUACACGAUUGAUCUCACUUU,0,21.65167449,2.376632449,0.059883954,0.273819339
21ur-12506,UAAUGGCACGUUUGAUUUCCA,0.539480825,1.013482636,6.879725511,2.575010043,0.136909669
21ur-7610,UAAUGCUAAGACAAGAUGGGU,0.809221238,9.950556789,13.82199398,0.718607454,0