21ur-7237,UAUGACAGCCUUACUUACAUU,0.539480825,21.55953971,3.252233878,0.239535818,0.136909669
21ur-11105,UGAUUGCGAAGAUCUUCUCGG,0.539480825,0,0.125085918,1.19767909,0
21ur-13828,UUUUGCUUUGUUUCCGACAGU,0,0,0.625429592,0.119767909,0
21ur-11619,UCUGAAAAUUGGACAAAUCUU,0,0,0.250171837,0,0
21ur-15445,UAAUCAACCAUGGAUCUCGUG,0,0,0.250171837,0.119767909,0
21ur-14769,UGGCGGUGAUUGUAUCCGGUG,0,0,0,0.479071636,0
21ur-14833,UGCACAUGAAAAUGGAGGCAA,0,0,0,0,0
21ur-10460,UACAACAGUUAUGAGCGACGC,0,0.55280871,0,0,0
21ur-5146,UCUACAAUAGGAAAUCCGGCA,0,0.55280871,7.75532694,0.239535818,0
21ur-4106,UCAAGUUACGAUAUUUACAGU,0.539480825,31.5100965,86.43436961,8.623289445,0.136909669
21ur-3089,UCACCUUUUACCUGUUUUGAA,0.269740413,3.316852263,30.27079225,0.718607454,0.136909669
21ur-5094,UGUGAAAUACUUAGGCUGUGA,0,9.397748078,9.756701634,1.077911181,0
21ur-2984,UGCGUCGUUGAACUUCAAACA,0,0,4.878350817,0.359303727,0
21ur-1601,UGCUAAAUGAUUGAUUGCUAG,3.371755158,154.6021694,109.3876356,5.808743584,0
21ur-4132,UAGGCACAGCUUAUAUUCUUC,0.539480825,0,16.63642715,0.239535818,0
21ur-5296,UGACUAACCACGAUUCCUCAA,0,7.186513236,2.376632449,0.119767909,0
21ur-1991,UCACAUGGCCGUUAUUUAUCA,1.618442476,43.67188813,26.14295694,1.916286543,0.273819339
21ur-2958,UACUUCUUUAAUCUUGCCUAA,1.07896165,54.17525363,23.39106674,2.036054452,0.136909669
21ur-3340,UGGUGCUUCAACAUUUUCCCA,0,17.68987874,1.313402143,0,0
21ur-3725,UCACAUCAAGAAUUGAACACC,1.348702063,4.422469684,39.27697837,3.952340996,0
21ur-7539,UUCUCCGAAAUUCAGAAAUAA,0,2.542920068,1.250859184,0,0
21ur-9519,UAAUAUGCUGUUUGGCUCAGG,0.269740413,0,0.875601429,0.239535818,0
21ur-10510,UUUUCUUUCAUGCAGCGAGAU,0.269740413,0,3.87766347,1.437214907,0
21ur-13314,UCUGUUGAGUGGGGGGACAGU,0,0,3.002062041,0,0
21ur-14799,UGCUUCAACAUUUUCCCAAAU,0,1.105617421,0.312714796,0,0
21ur-8899,UCAAUCUUUUUUUCGCAUUCC,0.269740413,0,1.125773266,0.479071636,0
21ur-6210,UUCUGCAUUGAAAAACUCCCC,0.269740413,3.869660973,3.252233878,0.119767909,0
21ur-7513,UAUUUAGGUAGAUCUUUCAGA,0,0,0.375257755,0,0
21ur-9953,UAAUCGUUGUGUCUACUUUUU,0.269740413,7.739321947,39.02680654,0.359303727,0
21ur-7363,UUGUCCUAAUGUAUUUGUUUC,0.809221238,9.397748078,41.27835307,1.556982816,0.136909669
21ur-8460,UCUGAGUUUAGUUUUCCUUUA,0,2.211234842,0.625429592,0,0
21ur-7901,UGUGAUGUUUUUUACUACUAC,0,3.316852263,0.75051551,0,0
21ur-9419,UUCGUCGACCCCAAAUUGACU,0,0,0.375257755,0,0
21ur-11077,UGUAGACUGUAAACUUACUUA,0,0,0,0,0
21ur-13379,UCCGGAAUGCGAAAAAAAGAU,0,0,0.125085918,0.239535818,0
21ur-10289,UUCAGGUUCGAAUAGCAUUUC,0,1.105617421,2.876976123,0.119767909,0
21ur-10812,UAAAUGAUUGAUUGCUAGAUU,0.269740413,6.449434956,0.312714796,0.059883954,0
21ur-6607,UAAUCUAUUGAAAACUUUAGA,0.269740413,4.422469684,1.626116939,0,0
21ur-11465,UUCAAGAAAAUGACUGGGCUU,0,0,1.876288776,0,0
21ur-11351,UUUCUGCAUUGAAAAACUCCC,0,0,0,0,0
21ur-11197,UAUCUUUUUUUGAAUUGUGAG,0.269740413,0,2.001374694,0.359303727,0
21ur-6494,UGAUUCUAUUAAAUAAAGUAU,0,38.69660973,9.506529798,0,0
21ur-7685,UUGCUAAAUGAUUGAUUGCUA,0.404610619,21.92807885,5.253608572,0.359303727,0
21ur-13656,UAAAUAUUUAACUGCGAUCAG,0,0,0,0,0
21ur-10089,UGUAACACGUUUUAAAUUUAU,0.539480825,1.105617421,6.379381838,0.119767909,0
21ur-10521,UUUUACGGUUUCAGAGGGUUU,0,0,2.251546531,0.838375363,0
21ur-11074,UGUCAUAGACAAAAAAGACAA,0,0.55280871,0,0,0
21ur-15608,CUAACCACGAUUCCUCAAAAA,0,0,0,0,0
21ur-11193,UAUGCUGUUUGGCUCAGGAGA,0,0,0,0,0
21ur-11469,UUAUUUUUUGCUCCUGAUGGU,0,0,1.125773266,0.239535818,0