21ur-13233,UGAUUGGUUUCGGAUUCUGCU,0,0,0.125085918,0,0
21ur-13671,UAAAAGGAAUAGUCUCCAGUG,0,0,0,0,0
21ur-5816,UCUUACAAGAUUAUGUAUGCA,0,3.316852263,9.506529798,0.838375363,0
21ur-11153,UCCUAUGAUAAAUGACUGAAA,0,0,1.000687347,0.119767909,0
21ur-7293,UGUCGAAUUAUUGACAAAAAU,0.269740413,7.186513236,15.6357398,0,0
21ur-7226,UGAUAAAAGGAAUAGUCUCCA,0,2.211234842,1.250859184,0,0
21ur-13663,UAAACGAAAAAUUUCAUUGAA,0.134870206,1.105617421,0.687972551,1.018027226,0
21ur-6645,UUGUUUAGAAAUGCGGGCGAC,1.07896165,46.43593168,50.90996878,7.784914082,0
21ur-8386,UCCAGCAGAAAGCAAAAAGUU,0,2.211234842,0.625429592,0.119767909,0
21ur-14696,UGUGUGUCUUGUUUCUUCCGA,0,1.105617421,0.250171837,0.119767909,0
21ur-13812,UUUUGUUGUUUACAAUAAAAU,0,1.105617421,0,0,0
21ur-7843,UUAAACGAAAAAUUUCAUUGA,4.450716808,25.42920068,87.24742808,18.98321357,0.136909669
21ur-15004,UCGUCUCGAAUAGGUUUCGCA,0,0,0.125085918,0,0
21ur-9884,UCUCAAACUUGGAUUUGGAUC,0.539480825,0,0.875601429,0.359303727,0
21ur-9855,UGCGUAAUGCAUACAAACAUU,0,0,0.500343674,0,0
21ur-10662,UGGCGGAGCAUUCAUUCUGUC,0,0,0,0,0
21ur-15690,AAGAAUCUGAACCACUAAAAU,0,0,0,0,0
21ur-8287,UUAAACUUAGAACAAAAAAUA,0.269740413,3.869660973,44.40550103,1.317446999,0.273819339
21ur-7133,UAAUAACACCGAUCUUUUGAU,0,7.186513236,10.63230306,0.359303727,0
21ur-11232,UACCAAAAAUGGACCAAAAAU,0,0,3.252233878,0,0
21ur-7641,UUAGCCGUUUUUUUAGAGGAA,1.888182888,22.66515713,46.53196164,7.545378264,0.136909669
21ur-11312,UUUUCGCUCUUUUUUAGUCAU,0,0,1.250859184,0.119767909,0
21ur-8233,UCCCUUCCAUCUUGACCAACA,0,0,1.501031021,0.239535818,0
21ur-7345,UAUUACCAAAAAUGGACCAAA,2.967144539,29.85167037,74.55120736,1.19767909,0
21ur-9776,UUGUACAGUUACUCCGAAAUA,1.07896165,10.5033655,10.63230306,1.916286543,0.410729008
21ur-14897,UGAAUGCUUUCCAGCAAGAAU,0,1.658426131,5.253608572,0,0
21ur-13993,UUUCUGAGAAUGCUCGUGCAA,0,0,0.625429592,0.119767909,0
21ur-14838,UGAUUUUUUGCGCGCACUAAC,0,0,0,0,0
21ur-11257,UAAGUAAAUUGUUAUAAGUGC,0.269740413,1.658426131,2.501718368,0.718607454,0
21ur-13860,UUUUCUCCGGAACCUAGCUCC,0,1.105617421,0.250171837,0,0
21ur-14819,UGCCUUUUUCCCUUGGAACGA,0,0,0.250171837,0,0
21ur-9012,UGCAAGUGAAAACCACACUUC,0,0,0.125085918,0,0
21ur-15281,UAUACAUACUUUGGUUAAAUA,0,0,0.125085918,0,0
21ur-13692,CUUUUCCAAUAAUUCAAAACA,0,0,0,0,0
21ur-7167,UAGGUUUGUCCAGUUCACGAC,0,2.211234842,4.127835307,0.119767909,0
21ur-15180,UAUUUAAAAUGAAUACAGUGU,0,0.55280871,1.000687347,0,0
21ur-14081,UUUAUGAUUUUUUUCUUACAU,0,0,0.250171837,0,0
21ur-12417,UAUUACGGGACGAACAACAUC,0,0.276404355,0.125085918,0,0
21ur-12605,UUUUUUCGAACUCUUACAAUG,0,0,0.375257755,0.119767909,0
21ur-6413,UCCAAGAAUAGAACAUAUAUC,0,1.658426131,2.626804286,0.359303727,0
21ur-13921,UUUGUCACAAUUUUCUUAUUU,0,0,1.000687347,0.239535818,0
21ur-10797,UAAUAUUAAACCAUUUUCAAA,2.427663714,14.37302647,19.38831735,0.838375363,0
21ur-11022,UUAGAAAUGCGGGCGACUACA,0.269740413,0.55280871,0.625429592,0.119767909,0
21ur-7879,UUUCCUCGGACUCUUGACUAC,0,0,0.250171837,0.239535818,0
21ur-6626,UAUAAUUAUCUUUCGGAUGUU,0,3.316852263,11.00756082,1.19767909,0.136909669
21ur-9036,UCAAUAUACGGAAUUACAUGA,0,0,2.751890205,0.239535818,0
21ur-11998,UUGCAUACACGGUACUCAGAG,0,0.276404355,0.375257755,0,0
21ur-9914,UAUUGAAUUCAUUUCCUCUGU,0,0.55280871,1.375945102,0.838375363,0
21ur-11017,UUAGUUAUUGAUUGAAAUUAU,0,2.764043552,0.75051551,0.119767909,0
21ur-14824,UGCCAUGAGCUCAAGUACCAA,0,0,0.125085918,0,0