21ur-5537,UUGGUAAGGAUUAUCAAAUAA,2.697404126,91.76624594,58.41512389,7.784914082,0.136909669
21ur-13639,UAAGGAUUAUCAAAUAAGAAU,0,2.211234842,0.375257755,0.598839545,0
21ur-15397,UACACAUUGGACCCCCUUGCU,0,0,0.75051551,0.119767909,0.136909669
21ur-15148,UCAAAAUCAAAGAUAUGCGGC,0,0,0,0,0
21ur-11768,UAAGUACUUUUCGAAGCCAAA,0,0,0,0,0
21ur-10456,UAGAGUAUGACUUAGCGCGUU,0,0,0,0,0
21ur-13704,CGAAGUCGGAAGAAAACAAGU,0,0,0,0,0
21ur-14999,UCGUUCCCGAAAAAAACACAA,0,0,0.250171837,0,0
21ur-15067,UCCAAUGGGUCGUUGUGAACA,0,0,0.125085918,0,0.273819339
21ur-15200,UAUUCCAAUGGGUCGUUGUGA,0.269740413,0,0,0,0.273819339
21ur-10402,UCAAAACUACUGAAUUAGACA,0,4.975278394,5.253608572,0.119767909,0
21ur-15089,UCAGUUCUAUGCAGAGAGGGC,0,0,0,0,0
21ur-13267,UGACGAAUUGAAACUAAAGUU,0,0,0,0,0
21ur-14752,UGGUACGUCGUCGUUGUGUUU,0,0,0,0,0
21ur-13188,UGGCAAGUUUUGGAUGAUUAG,0,0,0,0,0
21ur-13630,UAAUAAAAAGAAAAUUCGUCA,0,0,0.125085918,0,0
21ur-12685,UUUGUUCCCGAGUAAUUGACU,0,0,0,0.239535818,0
21ur-15005,UCGGUGUGCCAGUUGAAAGCC,0,0,0,0,0
21ur-13237,UGAUUAUUCGAAAGAAGUGGU,0,0,0.125085918,0,0
21ur-14842,UGAUUGUGAGUGCAAAAAAUA,0,0,0.125085918,0,0
21ur-10303,UUAUAAUUUUGUUACUAUAAC,0,0,0,0,0
21ur-13973,UUUGACCGCAACCGGUAUGAG,0,0,0.375257755,0.119767909,0
21ur-15097,UCAGCCAGAAAGUUCAAUGGA,0,0,1.501031021,0,0
21ur-15405,UACAACGUUCACCUUCAAAAU,0,0.55280871,0.75051551,0,0
21ur-12018,UUGAGAAAUUCAACAAUGAUA,0,0,0.250171837,0,0
21ur-8982,UUCAAAAACUAACUAGUAAUU,0,7.186513236,10.38213123,0.479071636,0
21ur-12072,UUCAUAGAUACAAGCCUGAAC,0,0,0,0,0
21ur-15161,UAUUUUCGGCAAUCGUUGACA,0,0,0,0,0
21ur-14906,UGAAGAUCCUCCAUCAGCAAU,0,0,0.375257755,0,0
21ur-14790,UGGAAGAAUACAAUGAUAGUC,0,0,0,0,0
21ur-15583,GAUUCCACAAGCGUUUUGCAU,0.269740413,0,0,0.479071636,0
21ur-15000,UCGUUCACUCUUGUGUUCCUU,0,0,0,0,0
21ur-11886,UUUGUCCACAUUUACUACUCU,0,0,0,0,0
21ur-14374,UUCCCAGCCAAGAUCUCACAG,0,0,0,0,0
21ur-12647,UUUUCUUACGCGGAAAGCAGA,0,0,1.250859184,0,0
21ur-15047,UCCGCCAUAAAAUUGAUGUAA,0,0,0.125085918,0.119767909,0
21ur-13260,UGAGAAAAAAAAUGUUGCUGG,0.067435103,0.55280871,2.876976123,0,0
21ur-11057,UGUUGAAAACAUUUUGUGAAU,0,0,0.500343674,0,0
21ur-15023,UCGAUCAGAAACGGUUGAGCG,0,0,0.125085918,0,0
21ur-3736,UAGUUGAGUAGUUAAAAUGAG,3.776365777,27.36403117,20.70171949,9.142283717,0.273819339
21ur-2786,UACAAUUUAUACCAUUCUGCC,0,27.64043552,61.9175296,3.47326936,0.136909669
21ur-1878,UAGAAUGCUGAAUUCACUAUU,1.07896165,32.61571392,60.91684226,6.82677081,0
21ur-2913,UAACUGAUGUGUUCAACUUAA,1.888182888,58.0449146,9.631615716,0.718607454,0
21ur-4954,UUUGGGUUUCUUUAAAUAUCC,2.157923301,79.88085867,16.01099755,5.389555903,0
21ur-3690,UAACUGAUUCGCAUCCUGCAA,1.07896165,8.844939368,2.251546531,1.556982816,0.273819339
21ur-5342,UGAAUAUGAGUAUGACGGUAG,35.87547488,248.7639197,344.861877,34.01408614,2.053645042
21ur-1690,UAGGUAGAAACAUUUCUUUCG,2.157923301,53.06963621,24.26666817,13.4140058,0.273819339
21ur-241,UUCGAGUGCAGUUAUAAAUGA,20.50027136,569.9457805,443.3044948,55.21300603,0.273819339
21ur-5040,UACUUCUUUGUUUGUAUCAAU,0.269740413,3.316852263,5.503780409,0.479071636,0
21ur-4574,UCCACAUCAUCAUCUAAUCCU,0,3.869660973,6.879725511,0.119767909,0