21ur-7682,UUUAGUCAUUGGUGUUACCCU,0.539480825,6.910108881,3.252233878,0,0
21ur-5804,UUGUGAAUGUUUUUUACGAAA,0.809221238,45.33031426,15.07285317,1.317446999,0
21ur-14938,UCUUGCGUACUUUUUGAAUGU,0,0.55280871,0,0,0.068454835
21ur-10002,UUUGGAUUAAGAGCCGGAUUU,0,0,0.125085918,0,0
21ur-10808,UAAGAUUUUUAAGAAAAAAAA,0,0.55280871,0.375257755,0,0
21ur-7282,UUCUGCAGUAGCGUGUUUAGA,0.269740413,0.55280871,0.125085918,0.119767909,0
21ur-7417,UGUUUACAAUGUCUUGUCCAC,0,3.316852263,3.252233878,0,0
21ur-15255,UAUGACAUUCCUUGUAGAAAA,0.134870206,2.211234842,1.438488061,0.598839545,0
21ur-10826,GGCAGAGCAAUCAAAUGUUUG,0,0,0.125085918,0,0
21ur-10042,UUGGAUCGCGGAAAUAUGCAA,0,0.829213066,0,0,0
21ur-9613,UUAUCAUCAACUUUGCUCUCG,0,0,0.125085918,0.119767909,0
21ur-12324,UCGUUCCGUAGCAGAUAUUUA,0,0,3.87766347,0.53895559,0.068454835
21ur-7623,UUUAGUCUGGUGGCUUCCUCU,0,3.316852263,14.88522429,0.239535818,0
21ur-5939,UAGACUAGGCCCUUUUAGAGA,0.269740413,15.47864389,13.25910735,0.119767909,0
21ur-5585,UAUUUCAACGGCUGUACAAAA,2.697404126,80.06512824,21.7649498,9.102361081,0
21ur-13362,UCCUUUAAUGUGACAAUUUCA,0,1.658426131,0.75051551,0,0
21ur-10337,UGGUGCAUUGUUAAGAAAAUC,0,1.382021776,0.125085918,0,0
21ur-13636,UAAGGUGAUAAAACAUUGUGA,0,0.55280871,0.75051551,0.598839545,0
21ur-11040,UUAACGACGUUGUAUAGGAAU,2.157923301,15.11010475,28.39450347,6.627157629,0
21ur-12353,UCAUUAGACACUUUUCUUCUU,0,0,0.875601429,0,0
21ur-11410,UUGAUACACGCGAUUGAUUUU,0.944091444,19.34830487,24.32921113,0.598839545,0.5248204
21ur-8296,UGAUCCCAGUCAUUCCAUUUU,1.888182888,15.47864389,10.63230306,1.676750725,0
21ur-14263,UUGACUUCCUUCUAAUCUACA,0.269740413,0,0.687972551,0.479071636,0
21ur-13501,UAUUAACGACGUUGUAUAGGA,0,1.289886991,0.125085918,0.039922636,0
21ur-13426,UCAAUUUUUUGCUGUUUCAUC,0,3.869660973,19.0130596,1.437214907,0
21ur-9212,UUUUUUUUCGAAAGAGUAUGU,1.348702063,13.26740905,15.13539613,3.593037269,0.410729008
21ur-7026,UAAUCUUUUCAAAAAAGUUUA,7.282991141,475.1390867,30.39587817,1.19767909,0
21ur-13862,UUUUCUAUCGUGUUGUAAUUU,0,0.55280871,1.375945102,0,0
21ur-14538,UUAGUAAAUUGUUAUUAGUGG,0.674351032,18.24268745,31.08385072,2.036054452,0
21ur-12064,UUCCGACAAACCUGGUUUUUC,0.269740413,1.105617421,1.250859184,0.479071636,0
21ur-13869,UUUUCGGUGAGCUUAUAUGAA,0.269740413,3.316852263,0.125085918,0,0
21ur-11160,UCAUAUAUGAUCAAAAAAAAU,0,1.105617421,0.312714796,0,0.068454835
21ur-9966,UAAAAUCCAUUAUUGUUUCUU,4.585587014,24.87639197,65.2948494,9.581432716,0
21ur-10598,UUCAUCAGAGGAAAAAACAUG,0,0,0.875601429,0,0
21ur-11396,UUGGAUUAAGAGCCGGAUUUU,0,0,0,0,0
21ur-6634,UGUUUGAUGUUUUUGUGAACG,0.269740413,10.5033655,3.502405715,0,0
21ur-12089,UUAUUGAAAUUGGGUUGUAUC,0.809221238,10.13482636,10.90332255,1.137795135,0
21ur-11234,UACAUCUUCUAUUUUAAUUGC,0.809221238,12.16179163,55.53814777,0.838375363,0
21ur-8006,UUCAUAAAAUAUUAUCCUUCU,0,0.55280871,23.51615266,0,0
21ur-9907,UAUUUUGAUUUAAAAAUUGUU,0.539480825,12.27235337,4.002749388,1.916286543,0.273819339
21ur-6795,UGCUUCUGCAGUAGCGUGUUU,0,0,3.314776837,0.359303727,0
21ur-8294,UGCUAUGAUUUUCUUGUCUUU,0,0,0.375257755,0,0
21ur-7344,UAUUGAAAUUGGGUUGUAUCC,2.697404126,22.8494267,33.41878786,3.113965633,0
21ur-9593,UUCUUGCUCUUCCCGCUUCUC,0.269740413,1.105617421,6.25429592,0,0
21ur-9166,UCCACAAUGGUUUGAGAAUAC,0.269740413,0,7.505155103,0,0
21ur-7108,UAACGUUUUUUUGUUGUGGUA,4.315846602,53.06963621,27.01855837,3.832573087,0.136909669
21ur-6958,UCUGAAAGCGGAGUGUUAAAA,0,0.55280871,2.876976123,1.077911181,0
21ur-9434,UUAGUCAGCUAAAAUGGUUCA,3.506625364,21.006731,44.34295807,8.084333854,0.068454835
21ur-11183,UAUUCUUCUUCAUGUAAUUCG,0,4.975278394,7.254983267,1.19767909,0.136909669
21ur-9402,UUGUUCAAAACUCGAUAUUGA,0,0,3.252233878,0.838375363,0