21ur-5525,UUUUGAAAAGCUGACAGGGGG,1.213831857,3.869660973,11.32027561,3.47326936,0.136909669
21ur-9163,UCCGUUUGCUCGAAACACAAA,0.269740413,1.105617421,7.254983267,0.239535818,0
21ur-14327,UUCUCGGCGACGAUUUUUAAC,0,0.55280871,0.062542959,0.239535818,0
21ur-12343,UCCAGUGAACGAUUAAAUUUG,0,0,0,0,0
21ur-8979,UUCAACGUAUGAAAAAUCUGA,0.134870206,0.55280871,6.754639593,1.077911181,0
21ur-12148,UUAAAACUUUGAUUGGAAAAA,0.404610619,43.39548377,14.88522429,1.437214907,0
21ur-9917,UAUGUUUUUUCAUUUCCGUUG,0.539480825,2.211234842,29.64536266,2.395358179,0.136909669
21ur-7694,UGUUCUAUUCCUCAGAAUUUA,2.157923301,49.47637959,19.76357511,2.754661906,0.136909669
21ur-14722,UGUAUUGGAAAUCUGAAAAUU,0,0,0,0,0
21ur-15595,CUUCGAAAAAAAACGUGCAAA,0,0,0.125085918,0,0
21ur-6636,UGUCUGUUCGAUUUAGCAUUU,4.046106189,24.04717891,40.65292348,9.22212899,0.684548347
21ur-13375,UCCUAGUGUCCCCACAACUAA,0,0,0,0,0
21ur-9763,UUUCAACGUAUGAAAAAUCUG,0.134870206,0,0.625429592,0.119767909,0
21ur-6312,UCACAAAGAAGGUUCUUUUUU,2.967144539,9.950556789,4.127835307,1.077911181,0
21ur-15694,AACUUUAAUAAAAAGUAAAGU,0,0.55280871,0.500343674,0,0
21ur-11166,UCACGUAAAUUGAUAGUCACG,0.809221238,1.934830487,1.250859184,0.059883954,0.136909669
21ur-11402,UUGCCACAACAGCUCAGGGAA,0,0.276404355,1.188316225,0.299419772,0.068454835
21ur-7168,UAAUCAUAAAAACUUGGAUAA,5.12506784,89.27860675,106.0728588,5.988395448,0
21ur-13805,UUUUUAAUUUUGGAUACAAGA,0.179826942,6.449434956,0.938144388,0,0
21ur-7537,UUGCCGAAUCUCAUAAAUCAG,0.809221238,13.82021776,5.628866328,0.359303727,0
21ur-14156,UUGUGAUCUCUACCGGUAUAA,0,0.276404355,0.375257755,0.119767909,0
21ur-13073,UUACUGCAGUCGUUGAAUGGU,0.809221238,3.132582693,0.938144388,0.059883954,0
21ur-6683,UUUUUGAAGAGUGUUCACGGG,0,3.869660973,3.627491633,0.718607454,0
21ur-5785,UUGAAGACCAUUUUGAUAGAA,0.269740413,3.869660973,4.815807858,1.19767909,0
21ur-7030,UAAAAAGCUUUUGGAUAAACU,0.269740413,3.316852263,7.880412859,0.119767909,0.136909669
21ur-9249,UUUAUUAACUUCAAGUUCAAU,2.697404126,62.46738429,33.14776837,3.233733542,0.136909669
21ur-14190,UUGGGAUGUUCAGCUCAUAUA,0,0.276404355,0.250171837,0.059883954,0
21ur-12035,UUCUGUCAAGUGAACCACAAG,0,0,0.125085918,0,0
21ur-8948,UUUAAUUUGAUCAUCCGUUUU,1.618442476,78.95951082,130.7147847,10.41980808,0.342274174
21ur-14536,UUAGUAGAGAAAUUUGAAUAG,0,0.55280871,0.375257755,0.179651863,0.068454835
21ur-5569,UUUUGUGCCAUUAAGAGAAGC,9.575784648,332.5144394,137.0941666,15.68959607,0.342274174
21ur-6258,UUUAAAACAGUUGAGCAUUGA,1.753312682,6.633704526,34.46117052,6.168047311,0
21ur-7362,UUUCAACAGGUGAUCUUCAAA,2.023053095,48.09435781,19.63848919,1.317446999,0
21ur-9516,UAAUUGUGUGAAACAAUUUUC,0.269740413,5.528087105,2.751890205,0.119767909,0
21ur-10917,UUGUUUUUAACAGUUUUUAAC,0,0.55280871,1.000687347,0.479071636,0
21ur-9780,UUGGAGGCCUGGUUGUUUGUG,2.157923301,91.48984159,119.2694232,1.676750725,0.136909669
21ur-11907,UUUCUGAUUCUCCUCCCAUAG,0,0,0,0,0
21ur-6159,UUUGAAAAGCUGACAGGGGGU,1.483572269,8.292130657,12.07079112,1.317446999,0
21ur-9363,CGGAAAAGUGUAGAAGUUUCC,0,2.211234842,2.31408949,1.676750725,0
21ur-14170,UUGUACUCUUUUUUGUGUUGU,0.404610619,0.276404355,0.562886633,0.598839545,0.068454835
21ur-5845,UAUGAGAUUUUAAUAAAAUCA,4.046106189,62.46738429,16.63642715,0.838375363,0.136909669
21ur-8798,GCUGCUAAUAAAUGUAAAUAG,0,0,0,0,0
21ur-14876,UGAGAGCUGAUCGAUUUGAAU,0,0,0,0,0
21ur-7200,UCAUAAAAACUUGGAUAAAGA,0,5.80449146,2.251546531,0.239535818,0
21ur-14937,UCUUGGAGAAAUGAACAAAUC,0,0,0,0,0
21ur-13209,UGCUACGAUCUUCCUUCAAUG,3.64149557,6.357300171,5.378694491,1.916286543,0
21ur-5638,UUCUCUUCAAGUAGAUAUCGG,0.269740413,1.658426131,8.630928369,1.317446999,0
21ur-15249,UAUGCUAUGCUAGUAGUAUGU,0.269740413,0,0.125085918,0,0
21ur-15280,UAUACUUAACUUUUAUUUAAA,0.809221238,37.59099231,7.254983267,0.479071636,0
21ur-11080,UGGUUGCCAGUGAAAUUUUGA,0.539480825,2.764043552,2.439175409,0.239535818,0