21ur-3070,UAUUUUGAAGAUACAAGUUCA,3.236884951,23.21796584,20.01374694,9.102361081,0.068454835
21ur-339,UUUUGACGUAAAAUCCACAAA,0.809221238,5.528087105,3.627491633,0.359303727,0
21ur-5422,UACACCGUAAUAAAUAUUUUC,0.539480825,0.55280871,12.88384959,0.119767909,0
21ur-1215,UUCUGUCUCCCAAGCCAAGUA,6.473769903,43.11907942,78.30378491,8.862825263,0
21ur-3116,UGGAAUCUGCUUCAAUCAGGG,0,0,0.125085918,0,0
21ur-3063,UAAUUUGUUCAGUGUAGGAUA,26.29969023,53.62244492,95.44055573,31.4390761,0
21ur-5288,UACCAUUCCGAAUCUGUAAAA,15.91468434,85.68535013,122.7092859,24.43265343,0
21ur-3508,UAGUGACCCAUAAUCGCCAAA,0.269740413,0,1.313402143,0.239535818,0
21ur-10772,UAGCAACUCAUUAACAACUUA,0.539480825,0,15.01031021,0.838375363,0
21ur-13460,UAUUUACUUCUUGGAUAUGUG,0,0,0.125085918,0,0
21ur-14049,UUUCAAUCGCAGUCUGUAUUC,0,0,1.938831735,0.479071636,0.068454835
21ur-7604,UAUUACGGUCGAUCUUGUUUU,0.269740413,4.238200114,2.251546531,0.479071636,0
21ur-7800,UUAAAACACAGUUUGGACUGU,0,0,0.875601429,0.119767909,0
21ur-8247,UAGAUAUUAUAUUCCGUCAUA,1.07896165,21.006731,177.2467464,2.155822361,0.273819339
21ur-9100,UUGCUCGGCAAGUUAGUAAAA,0.404610619,0.55280871,6.004124083,0.119767909,0
21ur-9891,UCGCUCCUUCAAACGUGUCCA,0,0,0,0,0
21ur-12723,UUUGAAUUUUGCAACUACUAA,0,0,0,0,0
21ur-7805,UGAAUUCGAACUCCGCAAGUA,0.539480825,0,3.752577552,0,0
21ur-7853,UCCCGUCUCCAAAGACUAUUU,0.539480825,1.658426131,12.75876368,0,0
21ur-13231,UGAUUUACCAAAAAAGUGACU,0,2.211234842,0,0,0
21ur-5829,UCAGAAAUUUUUUCGUAUGAU,1.348702063,24.87639197,13.82199398,2.754661906,0.136909669
21ur-12855,UUGGAAUCUCAAAAAUUGUGA,0,0,0,0,0
21ur-6706,UUCUGAGCUGAUAAUCAUUUC,2.157923301,8.844939368,10.8824749,4.910484267,0.136909669
21ur-12716,UUUGAUUCCGGCCUGAAAGGU,0.134870206,3.593256618,0.75051551,0.239535818,0
21ur-7480,UAAAUAAAUCAAUAAUAAUAA,6.498291758,346.6110615,235.4116984,3.353501451,0.273819339
21ur-8652,UGUUACUUAACCUUUGAAAUA,0.809221238,14.92583518,26.39312878,2.036054452,0
21ur-11648,UCCACAAAUUUCACUGUUUCA,0,0,0.125085918,0,0
21ur-13328,UCUAUGCUUUUUUGUUCAAAA,0.269740413,0,0.938144388,0.179651863,0
21ur-6811,UUGGUCUGUGGUCUGUAUCUU,1.07896165,23.77077455,20.3890047,3.113965633,0.136909669
21ur-10188,UAAAUCAAAAAAUUCACCGAC,0.269740413,3.869660973,9.631615716,0.359303727,0
21ur-11233,UACAUGGUUUCUCCUUUAUUU,1.348702063,54.72806234,9.006186124,0.718607454,0
21ur-13998,UUUCUCCGAAUGCAUCUAAUG,0,0,0,0,0
21ur-7456,UUCGUUUCCAAUUUUAGGAAA,2.157923301,19.90111358,5.628866328,0.119767909,0
21ur-13304,UCUUGUUUAAUAGGAUUCGCA,0,0,0.375257755,0.119767909,0
21ur-13126,UGUUUCAGGAUUGUAGGUUUU,0.269740413,1.105617421,1.000687347,0.53895559,0.205364504
21ur-12480,UACUGAACUAAUUAUACACAU,0.674351032,0,0.75051551,0.119767909,0
21ur-13970,UUUGAGGUAAUGAAGGAAUUA,0.269740413,1.105617421,0.125085918,0.119767909,0
21ur-8660,UGGACUGAUAAUCUGUUGUUU,0.539480825,0.55280871,2.876976123,0.359303727,0
21ur-7188,UUAUUCGGUUUUCCCAGCAUC,0,1.105617421,3.627491633,0.598839545,0
21ur-10634,UUAAUUAUCACUCCAAUUACU,0,1.105617421,3.377319797,0.718607454,0
21ur-6992,UUACAUUAAGUCGGUGUGAAA,4.855327427,80.15726302,69.54777062,9.102361081,0
21ur-9052,UAGUUUAUUUAAAUAUUUGAA,0.269740413,25.98200939,8.130584695,0.119767909,0
21ur-6535,UACUAGUGCUUCGGAAAACAA,0.539480825,6.633704526,36.83780297,1.077911181,0
21ur-13843,UUUUGACAAUCCAUUUACAGG,0,0.55280871,0.500343674,0.119767909,0
21ur-10960,UUCUGAAUACCGAUUUUCCUA,0.269740413,0.55280871,3.252233878,0.239535818,0.136909669
21ur-8169,UAUGAAACAGUUGAUCAUUAU,0,0.55280871,2.376632449,0,0
21ur-10336,UGGUUUCUCACUCAGAGGAAC,0,0.55280871,0.125085918,0,0
21ur-11575,UGCUAACAGGAAUAUCAUUGG,0,3.316852263,2.251546531,0.119767909,0
21ur-6087,UUUCAUUUAAUCUUUAGGAAC,1.07896165,16.0314526,25.76769919,2.155822361,0
21ur-8773,UCAACUAUUCCUCUUACGAAA,0.809221238,7.186513236,10.8824749,1.676750725,0.136909669