21ur-9624,UGUUUUAAUGAUUUAUAUGUC,0.269740413,0.55280871,0.375257755,0.119767909,0
21ur-10611,UUAUUUACGAUAAAUUUAAAA,0,27.64043552,7.567698063,0.479071636,0
21ur-7123,UCAUCAACUCCGGAAUAAAAU,0.674351032,7.739321947,26.95601541,1.317446999,0
21ur-14043,UUUCACCUUUCUUCGAAAAAU,0,0,0.125085918,0.119767909,0
21ur-6916,UUGAUCAUUCAUGUAACGGUU,0.269740413,0.55280871,3.439862756,0.479071636,0
21ur-7471,UCGGGGUUUGAUAAACUGCAG,0,0,1.000687347,0,0
21ur-6591,UUCUUUCUGUUCCUUGAGUGU,1.07896165,4.422469684,25.01718368,4.431412631,0
21ur-7010,UUUAACCGAUAUCAGAAAAAU,1.07896165,29.29886166,114.2034435,3.113965633,0.136909669
21ur-11568,UGCUUCUUUCAACUUUUUUUU,0.539480825,4.975278394,18.7003448,0.958143272,0.273819339
21ur-8774,UCAACAAAAAAAUUUUCUCAG,0,1.105617421,1.688659898,0.479071636,0
21ur-9368,UUUUUGCGAAAUUAGCUGCAC,0,0,0.250171837,0,0
21ur-7649,UGUAAAUGAAAUUAGGCCUAU,0,7.739321947,1.375945102,0,0
21ur-13358,UCGAAAUGUCCACUGUCAAUA,0,0,0.125085918,0,0
21ur-8784,UAGUCUUUCUUUAUUUUCAGG,0.269740413,2.211234842,5.816495205,0.718607454,0
21ur-12973,UUCCUUUUUAAUGGCAAGUUU,0,0,0.125085918,0,0
21ur-6196,UUCUUGGAUUAAACCGUGAAA,0.539480825,10.5033655,12.63367776,1.916286543,0
21ur-13117,UGUUUUUACUAUUUUUUCAAU,0,3.316852263,1.751202857,0,0
21ur-11159,UCAUUCAUGUAACGGUUCAUG,0,0.55280871,0.250171837,0.119767909,0
21ur-14289,UUGAAAAGUUGAAAAUGUAUU,0,0,0.250171837,0,0
21ur-10559,UUUAACAUUGUUUUGUCAGAA,0,2.764043552,3.252233878,0.239535818,0
21ur-13901,UUUUAACAUUGUUUUGUCAGA,0,0,0.125085918,0,0
21ur-9153,UGAACUUAUAAUCGAAUUACA,0,0.55280871,3.752577552,0.239535818,0
21ur-7898,UUAAUUUCACCUUUCUUCGAA,0,0,0.75051551,0.359303727,0
21ur-11345,UUUGAUGUUGAGAUAGUAAUU,0.269740413,0,0.375257755,0,0
21ur-5852,UUUAAUCGAAAUGUCCACUGU,0.269740413,1.105617421,7.00481143,1.676750725,0.136909669
21ur-9238,UUUGACUGCCUCUUACAGUUU,0,0,0,0,0
21ur-13011,UUCAACUUGUUUGUAAAUCCA,0,0,0.375257755,0.479071636,0
21ur-10994,UUAUUUUUUACGACAGUUUUC,0.269740413,4.975278394,37.52577552,2.395358179,0.136909669
21ur-7532,UUUCGGGAUCUUAAGAUUUGU,0,1.658426131,1.125773266,0.119767909,0
21ur-9509,UAGGAGUAGGAUCUAACUUUU,0.269740413,0,0.625429592,0.359303727,0.136909669
21ur-6813,UUCACUCAAGAAAUACUAGGG,0.809221238,2.764043552,15.01031021,1.317446999,0
21ur-9616,UUAGUUUAAUUUAGUUUGCCU,1.618442476,80.71007173,67.79656777,10.77911181,0.273819339
21ur-15491,UAACGGGAAAACUGAUAAAAU,0,0,0,0,0
21ur-15547,UAAAAAUAAACUCGGGCAACA,0,0,0.500343674,0.119767909,0
21ur-8896,UCAUAGAUCUGAGUUUUAUGA,0,0,0,0.359303727,0
21ur-12341,UCCAUGAGAUUCGUUGUGACA,0,0,0.250171837,0.119767909,0
21ur-12305,UCUUUAUCGUCUUGCUCAAAU,0,0,0,0.359303727,0
21ur-10379,UCGACUAUAGCAAACUUUUAA,0,2.211234842,3.12714796,0,0
21ur-14438,UUCAAUCAUUCCUUCGAACGC,0,0,0.875601429,0.598839545,0
21ur-13351,UCGAUGAUCUCUGAAACUUUA,0,0,0,0,0
21ur-8852,UUAAGAUUGAAACUUACAGAG,0,0,0.375257755,0.119767909,0.136909669
21ur-13827,UUUUGGAAAUUAUCGGACAUU,0,0,0,0,0
21ur-12059,UUCCUGCAAAACCGGACGAUC,0,0,0,0,0
21ur-15020,UCGAUUAUUUAUUAGAAAAUA,0,0,0,0,0
21ur-4213,UAUGACUUUGCAAGGUUUACC,0,0,1.501031021,0.119767909,0
21ur-22,UGUUAUCAUUGUAUUUACCGA,0,0,2.376632449,0.359303727,0
21ur-5385,UCUAUGUACAACGGUUCUCUC,1.618442476,17.68987874,37.90103327,4.790716358,0.136909669
21ur-3591,UAAGAACGUCCAAACAAUGAC,1.07896165,1.382021776,5.503780409,0.958143272,0.365092452
21ur-4254,UACUCGGAUGAAAUUGAAAUC,1.348702063,38.05166624,73.4254341,9.940736443,0
21ur-3767,UGAUUUGUAUCUAAACUUGCA,0.269740413,6.910108881,5.628866328,0.359303727,0