21ur-11638,UCCUAUUAAAAAUUGCCAAGU,0.269740413,8.844939368,7.505155103,0.598839545,0
21ur-6955,UGAAGCGCUGAAAAUCAUCAA,0.809221238,8.844939368,7.380069185,1.077911181,0
21ur-7831,UUUCUGUUGAUUCUGACUUUC,0,0.55280871,2.501718368,0.958143272,0
21ur-10258,UUGCUUCGUUUGGUGUCAAUC,0,4.975278394,2.626804286,0.119767909,0
21ur-10494,CUCAAAACUUUAUUCUUCGAA,0,0,0.625429592,0.239535818,0
21ur-13677,UAAAAAAAAAUUAACCUAGGA,0.269740413,0.55280871,1.250859184,0,0
21ur-10670,UGCUUCGAAAAAGCCGAUGCU,0,0,0.500343674,0,0
21ur-10809,UAACUUGCAGAAGUUUUCACA,0,0,0.125085918,0,0
21ur-14123,UUUAAAAUGAAAACUUUGAAU,0,2.764043552,1.250859184,0.119767909,0
21ur-9355,UAACGUUUGUAAAUAAAUAAC,1.348702063,3.316852263,6.25429592,0.239535818,0
21ur-14590,UUAAUUUUAGCUUUUGUAAUU,0,0,0.500343674,0,0
21ur-9452,UGGGGUUAUUCGUGUGAUUUA,0,4.975278394,1.125773266,0.179651863,0
21ur-10717,UCCUUGCCUGUUUAUUCUUUA,0,41.18424893,5.503780409,0,0
21ur-9164,UCCCUGUUCCGAAUUCUUUGA,0,1.658426131,1.751202857,0.239535818,0
21ur-7427,UGAGAUUGUCGAUUUCAUUUU,0,0,0.125085918,0.239535818,0
21ur-7322,UUGAGUUCGUUAAAAAAAAAG,0,10.64156768,15.26048204,1.437214907,0
21ur-11433,UUCUGAGAACAUCGUGAAACA,0,0,0.250171837,0.119767909,0.136909669
21ur-12317,UCUGAAUCGUAUGUUAUUCCC,0.269740413,0,0,0.059883954,0
21ur-8841,UUCCACUAUGGUUUUUUUCCA,0.269740413,2.764043552,1.501031021,0,0
21ur-8802,UUUUUAUUUCCUUCAUCCACU,0,1.658426131,2.876976123,0.239535818,0
21ur-14401,UUCAGUUGCAAAAUUGUAUUG,0,0,0.125085918,0,0
21ur-12930,UUCUUUGAACUACUUGCACCA,0,18.24268745,2.251546531,0.179651863,0
21ur-12166,UGUUUAAAGUUGGUGUGGUCG,0,1.105617421,1.250859184,0.119767909,0
21ur-7225,UGCACCACAUCGUCGAAAUUA,0.539480825,0,10.25704531,3.47326936,0.136909669
21ur-10560,UUUAAAGCACGAGACUUAGAG,0,2.211234842,2.001374694,0,0
21ur-6736,UCUCUUAUAGAGACUGGAAUC,0.809221238,16.0314526,21.38969204,0.718607454,0.136909669
21ur-9350,UACAAAAAAGUGGAUGAAGGA,0.269740413,2.211234842,0,0,0
21ur-9024,UCUCUUUGCUUCAUACCCACC,0,1.658426131,2.376632449,0,0
21ur-8699,UAAAUUUUCGCUACUAUUAUA,2.157923301,100.0583766,92.93883736,5.629091721,0
21ur-8587,UAGGAAACUAAAUAAUUUUGA,0.269740413,3.869660973,3.87766347,0.239535818,0
21ur-9251,UUGUUCAAAUGUUGAUUUCUC,0.539480825,1.658426131,8.005498777,1.796518634,0
21ur-11376,UUUACAGAAUCUGGCUUCAGG,0,0,0.375257755,0,0
21ur-12449,UAGUAAGGAAGUUAUAUGUAU,0,0.276404355,0.375257755,0,0
21ur-12267,UGAUUCCUUGUGGUUUGAUUG,1.07896165,2.211234842,1.626116939,0.119767909,0
21ur-14561,UUACUCCUUGUGAUUUGGUUU,0,0.55280871,0.500343674,0,0
21ur-6133,UUGGUUUCGAUGUUGAAGUAG,0,3.731458796,2.001374694,0.718607454,0.136909669
21ur-11155,UCCAUAACAUUCUUCUUUCCA,0,0,1.501031021,0,0
21ur-10527,UUUGAGUUCGUUAAAAAAAAA,0.269740413,1.796628309,3.752577552,0,0
21ur-15034,UCCUUGUGAUUUGGUUUUUCA,0,0,0.875601429,0.239535818,0
21ur-5580,UGUUUGAUGUUUCGUAAAACU,2.967144539,138.7549863,92.00069298,4.251760768,0.136909669
21ur-11516,UUAAAGUUGGUGUGGUCGAAU,0,3.869660973,7.880412859,0.239535818,0
21ur-7240,UAUAUGGGAAAUGGGAAAUAA,2.427663714,41.46065329,12.00824817,0.958143272,0
21ur-12006,UUGAUGUUUCGUAAAACUAAU,0.269740413,8.292130657,11.57044745,0.419187681,0
21ur-11157,UCCAGAGUUCCAACCUCAUCC,0,0,0.125085918,0,0
21ur-13121,UGUUUGUGCUCACGAAUACUU,0.269740413,1.105617421,0,0.119767909,0
21ur-13318,UCUGAACUUUUGAUCAGAAAU,0,0,0,0,0
21ur-15101,UCAGAGGCUCCAGCAGACUAC,0,0,0,0,0
21ur-14806,UGCUGAUGAUGAGGAAGACGA,0,0,0,0,0
21ur-12394,UAUUGUUGAAAAACCAAUAGG,0,0,0,0,0
21ur-14743,UGGUGCAUCGAACUUUUGACU,0,0,0,0,0