21ur-1555,UUAUAUGAUUAGUUCUUGAUU,2.697404126,7.186513236,7.129897348,6.108163357,0.273819339
21ur-5008,UAUGAUUGUCUUAAUUUAGCU,9.440914442,101.7168027,170.2419349,29.70244142,1.369096695
21ur-925,UAAUAGAUGUUGCUUUGUACA,0.404610619,4.975278394,1.501031021,0,0
21ur-4714,UGGUAAAAUCUCUGUCUCUCA,4.720457221,6.357300171,6.129210001,1.676750725,0
21ur-2371,UGGUCGAAUCGAAGUUAAUUA,0.404610619,38.69660973,6.129210001,0.958143272,0.136909669
21ur-2060,UGCGAAAUUUUCAAAGUCUUG,0,4.146065329,4.315464184,0.119767909,0
21ur-327,UAAUCUUGAGUUAUACAAACA,0.539480825,0.55280871,2.876976123,0.359303727,0
21ur-5374,UCGAAUUUUGGUUCUCGCUGA,4.315846602,21.006731,42.40412633,28.1454586,0.547638678
21ur-2636,UCCAUCCAUUUUUCUACAAUG,1.348702063,25.98200939,21.13952021,1.796518634,0.136909669
21ur-3390,UGAUUUACCAACAUGGAGAAA,0,0,0.125085918,0,0
21ur-953,UCAAAUGGAAUCUUUCAUAUC,1.618442476,9.397748078,24.64192592,1.437214907,0
21ur-420,UCCGCUUUAUUUUUGCAUUCU,13.75676104,59.97974509,1140.533404,8.144217809,0.136909669
21ur-124,UACUUCUGGAUAAAAGUUACA,17.26338641,188.2313659,190.6934826,43.05656327,0.547638678
21ur-1065,UGACAGUAUGAGGAAUUGAGU,1.618442476,42.013462,86.18419777,10.77911181,0.273819339
21ur-4242,UAGUGAAAUUGGCCUAUAAUU,2.967144539,276.957164,56.41374919,21.67799152,0
21ur-4593,UGUCUAAUUCUAAGUAAGUCA,0.809221238,27.08762681,26.39312878,2.036054452,0.136909669
21ur-5192,UGGGCAUCCAAAUUUUACAAA,29.40170498,2105.648378,254.0495003,11.25818344,0.958367686
21ur-5046,UACCAGUAAAUAUGCCAGGAA,1.07896165,6.080895815,38.7766347,1.19767909,0.136909669
21ur-1665,UUGUGAAAUGCUAAGAAUUCA,1.888182888,179.1100222,23.26598082,1.676750725,0
21ur-2416,UCGAUAAGCGUUUCAACGAAG,5.664548665,19.90111358,40.4652946,11.13841553,0.205364504
21ur-1618,UUGGCCGUACGUAAUAUGAAU,16.72390558,3389.270204,1183.187702,6.467467084,0.273819339
21ur-154,UACCAUGGACAUUACCACAAU,0,11.05617421,25.64261327,0.479071636,0
21ur-214,UUGACUUGCUAAAAAUGGAAA,7.822471966,105.033655,79.30447226,9.461664807,0
21ur-608,UGUCCAGUUGCGAAAAAGAUC,12.27318877,51.41121008,384.2013983,4.850600313,0.410729008
21ur-1436,UCAAUACUCCACUGUACACCC,0,4.422469684,5.003436736,0.718607454,0
21ur-93,UUUAUUCGGAUUAGCGUUAGG,2.697404126,23.77077455,53.28660123,17.24657889,0
21ur-1782,UAGUUUAUUAAAGUAUUGUGC,0.269740413,1.105617421,3.502405715,2.155822361,0
21ur-375,UGGUGCAAUUUGAAAAAUUGG,0,8.844939368,2.751890205,0.239535818,0
21ur-1833,UGUGAAGCGAGAUUGUUCAAC,1.07896165,6.633704526,55.41306185,4.910484267,0.410729008
21ur-4183,UGACGUGUUUUCUCAACUACG,4.855327427,37.0381836,19.51340327,2.874429815,0
21ur-1260,UCGUGUUGUUAUCUUGUUACU,7.552731553,53.06963621,36.14983041,7.545378264,0.136909669
21ur-5215,UGGUCUAAUAAAUUUUUGAAA,2.427663714,126.5010599,59.1656394,2.754661906,0
21ur-2816,UAAGGUUGGCGGGAGACAGUA,5.664548665,76.84041076,127.3374649,2.754661906,0
21ur-3096,UAUGUAGGCUAUAGGAAUUCC,2.697404126,17.41347438,5.941581124,6.82677081,0
21ur-1162,UACCAGAAAUCUACAAACUUU,0.539480825,36.76177925,3.627491633,0.239535818,0.136909669
21ur-1390,UCCGCUUUUUCUGAUUUAUAA,12.94753981,145.3886909,75.67698063,31.61872796,1.095277356
21ur-2120,UGCUUUGCGCAGUUACGAAGC,1.618442476,37.0381836,12.63367776,3.712805178,0.273819339
21ur-2226,UACGAUUCGCGUUUCUUCAGG,0.539480825,2.764043552,11.00756082,1.19767909,0.136909669
21ur-1683,UCCAAGAGUCAAUGAUUCGUU,0.809221238,7.739321947,18.88797368,2.874429815,0.821458017
21ur-1445,UAUGCCAUUUUCGAUUUCAUC,7.013250728,369.552623,273.8130754,19.70182102,0.136909669
21ur-4996,UCGAAUCGAAGUUAAUUACUU,6.338899696,182.9796832,191.631627,5.629091721,0
21ur-3663,UAUGCAUUCUCGCAUUGCUCA,0.539480825,4.422469684,3.002062041,0.359303727,0
21ur-724,UUAAGCAAUUGCAGGUAAUAG,0.269740413,6.080895815,6.19175296,1.916286543,0
21ur-1834,UGAUAGCGUUGAGUUUAUUAA,20.23053095,221.1234842,118.7065366,34.85246151,1.916735373
21ur-1330,UGGGACUUCCUAAACGGUUUU,0.269740413,27.64043552,24.89209776,0.119767909,0.136909669
21ur-4674,UGCAUUCUUUUUAAAAUUUCU,0.269740413,0.55280871,3.002062041,0.239535818,0
21ur-4064,UAUGAAAAGAAACAAGCAGCA,0.539480825,1.382021776,14.00962286,0.958143272,0
21ur-3594,UAUUUAGUUUUCAGUAUAGGC,12.40805898,134.0561123,306.2103282,65.09385852,0.684548347
21ur-2229,UACUGGCAUCUUUUUUUUAAU,1.07896165,71.86513236,12.63367776,3.113965633,0.410729008
21ur-4210,UAGUUCUUUCGUAUAUUUGAC,1.753312682,4.422469684,12.19587704,3.47326936,0