21ur-13508,UAUGGGCCACCUUGUAGUUAA,0,0,0,0,0
21ur-15260,UAUCUGUGAAGACAAAACAAA,0,0,0,0,0
21ur-14451,UUCAAAAGUAAGAAGAUUGUC,0,0,0.375257755,0.119767909,0
21ur-338,UGCCACUGUUUAAUAUUCAUU,0,14.92583518,51.0350547,0,0
21ur-380,UUCUCCUAUUUCUAUGCAUUU,0.539480825,3.316852263,6.629553675,1.796518634,0
21ur-3621,UAGUAAUAUUCGGUGGUUAUU,1.753312682,60.80895815,42.09141154,1.437214907,0
21ur-1769,UACGUGAUUGCCACAGGGAAC,0,1.105617421,0.375257755,0.119767909,0
21ur-3584,UAUCUCGUCUAUUUGCCUACU,0,1.658426131,1.501031021,0.598839545,0
21ur-1701,UUAAUCAAUCAAUUUACUAUA,0.879917908,8.844939368,11.40366623,0.899197628,0.008231527
21ur-3779,UCGAAGAUGACGAUGACCUUA,3.236884951,571.880611,344.1739045,3.47326936,0
21ur-1395,UUAAUCUCUUUGAUCACAAAG,1.618442476,19.62470922,22.26529347,9.22212899,0.136909669
21ur-4442,UGCAAUUGCAAGUGACAUUUC,0.539480825,6.080895815,19.51340327,0.718607454,0
21ur-2657,UCAAGGAACUAACGUUGGGAC,0.269740413,1.105617421,2.126460613,0.479071636,0
21ur-1279,UCAGUACCAAACAAAAUCUCA,1.888182888,29.85167037,26.01787103,4.311644722,0
21ur-1494,UACCAAACAAAAUCUCAAACU,1.348702063,25.98200939,26.76838654,0.958143272,0
21ur-5088,UGAUGUAUUCAUUUGGCGAGG,4.720457221,39.80222716,64.79450573,8.263985718,0
21ur-10,UGCUCCUUUCAACUCUAUUAG,4.855327427,49.19997523,44.03024327,3.353501451,0
21ur-486,UAAUGUGCAUCCUCAUGGAAA,2.157923301,74.07636721,29.52027674,0.958143272,0
21ur-2658,UCAAACAUUUAAUUUGAUUCA,0.269740413,0,0.500343674,0,0
21ur-1367,UUGGAGUUUGGUUUAAAAUGC,14.43111207,488.9593044,362.9993352,95.81432716,1.026822521
21ur-2828,UCAAAGGAUAAUGUUUUUUAA,9.980395267,105.5864637,73.55052001,15.21052444,0.410729008
21ur-564,UUUGCUCAUUUUCCUAACCAA,2.427663714,9.397748078,10.25704531,4.55118054,0
21ur-2700,UGCAUUAACAUUGUCUUCAUC,0.539480825,4.422469684,4.62817898,0.718607454,0.136909669
21ur-2200,UUUAUGACAUGUUGGAGUUUU,10.51987609,129.3572383,141.3470878,27.30708324,0.821458017
21ur-3226,UGAACUUCACGUUAGCAAAAG,1.888182888,14.37302647,159.6096319,2.754661906,0.136909669
21ur-5009,UUAUUAUAUUGUUCUGGGAUC,6.743510315,255.3976242,108.0742335,9.102361081,0.410729008
21ur-285,UGGAUAUGCCUUGCUGAAUUG,18.34234806,258.7144765,7.880412859,2.036054452,0
21ur-1186,UGGAGUUUGGUUUAAAAUGCA,0.134870206,3.316852263,2.001374694,2.155822361,0.342274174
21ur-3879,UGCUACUUUCACAACAAAACC,4.046106189,130.1864513,100.8192502,21.67799152,0.410729008
21ur-5340,UCCAAUUUUCAACAAGUUGCU,0.269740413,0,0.250171837,0,0
21ur-4130,UGAACAUACCGUUAGCAAAAG,0.539480825,9.397748078,228.6570588,1.676750725,0.136909669
21ur-2572,UUCAAGGAACUAACGUUGGGA,0,12.71460034,1.375945102,3.712805178,0
21ur-1992,UGGGAUCGAUGUUCUGGCUGA,0.539480825,10.5033655,4.002749388,1.437214907,0
21ur-3437,UUGGUAGAAAAAAAUAUGCGC,0,8.844939368,11.38281857,1.556982816,0
21ur-2473,UGAUCUGUGAAACUAUUCAAA,13.75676104,472.9278518,243.7924549,13.65354162,0.205364504
21ur-2659,UACAUACAUUAAAUUCAGAAC,0.539480825,6.080895815,11.13264674,0.239535818,0
21ur-1500,UGAAAAGUGUGAACCUAUUUU,4.315846602,222.2291016,22.89072307,10.06050435,0.410729008
21ur-4940,UAGAAUUGUCACAACCGUGAA,0.269740413,2.211234842,2.876976123,0.119767909,0
21ur-170,UGGGCCCGGCACAAAACUAAA,0,54.17525363,3.002062041,0,0
21ur-1333,UAUACAGGCCAUUUUUAGUUG,0,3.316852263,3.752577552,0.119767909,0
21ur-1432,UAGUCGAGAACGGAACUUCAA,1.888182888,2.764043552,5.628866328,0.838375363,0
21ur-2986,UGAAAUAGCUUUAUUGAUUGG,0.539480825,5.528087105,19.88866102,1.916286543,0.273819339
21ur-13152,UGUCAGUUUCAGCCGACUUUU,0.269740413,0,2.501718368,0,0
21ur-5814,UGGAUAAAAUAAAAAAAUAAA,1.618442476,36.02470097,0.687972551,0,0
21ur-8625,UUGGAUAUGCCUUGCUGAAUU,1.07896165,25.42920068,5.128522654,0.119767909,0
21ur-6454,UGGAUGUUCUUAAAAAAGAUC,0,1.658426131,0.375257755,0,0
21ur-15349,UACUUUCACAACAAAACCUCU,0,0.276404355,1.375945102,0.239535818,0
21ur-11075,UGUAUUCAUUUGGCGAGGAUG,0.134870206,0,0.75051551,0.239535818,0
21ur-14148,UUGUGUUCAUGAAGGAAUACA,0,1.105617421,1.250859184,0,0
21ur-8082,UCUGUGAAACUAUUCAAAAUU,0.269740413,6.080895815,2.376632449,0,0