21ur-1668,UAAAGUCGUGAUGACAAAUGA,35.87547488,139.8606038,475.3264899,43.83505468,0.821458017
21ur-1793,UACAACGUAGAGUACUGAACU,27.24378167,759.5591682,1063.480478,24.43265343,0.273819339
21ur-1727,UAAGUCCUGUAACUGAAACCA,3.236884951,22.38875278,26.89347245,3.353501451,0.205364504
21ur-359,UUGGCAAUUUUUUUCCAUUGG,0.269740413,6.080895815,8.630928369,0.958143272,0
21ur-5084,UAUUCGACUCAUAAUUUCAAA,7.822471966,68.27187575,53.84948787,4.790716358,0.342274174
21ur-10741,UAUUUUUCGAAAAAAUUGCAU,0,0.55280871,1.375945102,0,0
21ur-12443,UAGUUGUAAAAAUUUGUAAAA,0.269740413,3.869660973,2.251546531,0,0
21ur-6912,UUUUCAGGAAUACCGUAUUUC,0.809221238,9.397748078,5.253608572,0.718607454,0
21ur-9701,UAGCAUAUAUCUAGUAUAUCA,0,1.658426131,0.125085918,0.119767909,0
21ur-12515,UAAUAUUUGUAUAACAAUCAC,0.269740413,0.55280871,2.501718368,0.119767909,0
21ur-11300,UUUUUGAACUGAAUGCUAAAC,0,0,0.250171837,0,0
21ur-13793,UUUUUCCAGAUCCAUUUCAAU,0.269740413,3.869660973,2.501718368,0.179651863,0
21ur-9748,UUUGUGCAGUGGAUACAUUUU,0.269740413,3.316852263,12.00824817,0.239535818,0
21ur-8443,UUCACUUUUCAAAGCCAAAAC,0.269740413,0.55280871,2.501718368,0.119767909,0
21ur-9489,UAUUUCAAUUUAGCAUGAAUU,0.269740413,9.950556789,4.878350817,0.239535818,0
21ur-10101,UGCAUUGUUCUUUUUCACGGA,0,0,0.250171837,0.119767909,0
21ur-14894,UGAAUUAUUAAAAUCUUAAAU,2.764839229,120.6505011,19.76357511,2.155822361,0
21ur-5502,UAUCAAAAAUAAUGAUAUUGA,1.07896165,40.35503587,24.70446888,0.119767909,0
21ur-11632,UCGCCCCGCUGAGAGUAUCUA,0,0.55280871,1.876288776,0,0
21ur-5758,UUCGUACGUUGGAAGCUAAAU,4.046106189,32.06290521,83.55739348,6.82677081,0.205364504
21ur-7211,UUUGAUCGGUUUUUCAAUUCU,0.809221238,24.32358326,14.19725174,2.215706316,0
21ur-8523,UUCUUACAAAAUCCCAACGUU,0.269740413,0.55280871,4.62817898,1.916286543,0
21ur-13754,UUUUUUGCAAAUUUAACCAUC,0,1.658426131,5.503780409,0.359303727,0
21ur-9665,UCAUACUUUUAUUUAUGAAAA,0,5.528087105,0.375257755,0,0
21ur-6349,UACAAUGUGAUAAAAAAAAAG,1.07896165,19.34830487,47.28247715,0.239535818,0
21ur-14030,UUUCCAAUAAUUUUUGUUCGA,0,1.934830487,0.125085918,0.299419772,0.205364504
21ur-7487,UUUCGUCGUCGAUCCAUACCA,0.539480825,0,3.12714796,0.359303727,0
21ur-8675,UCGACUCAUAAUUUCAAACUU,0.809221238,2.487639197,7.067354389,2.036054452,0.342274174
21ur-9221,UUUUUCAAUGUAGUGGAAUAA,1.07896165,51.96401879,6.629553675,3.47326936,0.136909669
21ur-6154,UAUUUGUAUAACAAUCACUAG,4.315846602,9.397748078,50.15945327,2.634893997,0.136909669
21ur-8141,UUAAACGGGAGCACUUUUUUG,0.809221238,50.85840137,51.91065613,1.916286543,0.273819339
21ur-13761,UUUUUUCCAGAUCCAUUUCAA,0,1.658426131,2.376632449,0.778491408,0
21ur-13795,UUUUUCAGGAAUACCGUAUUU,0,3.316852263,3.752577552,0.479071636,0
21ur-8104,CGAAUACUGUUUGAAUUAGUU,0,1.105617421,0.250171837,0.119767909,0.821458017
21ur-13477,UAUUCCAUUUAAAGUUUAUGU,0.269740413,1.105617421,4.127835307,0.119767909,0
21ur-9293,UGCUUUCGUCGUCGAUCCAUA,0,0,0.125085918,0.119767909,0
21ur-9228,UUUUCUAGCCGUUACCAUUUU,1.348702063,30.40447908,33.02268246,2.155822361,0.410729008
21ur-11621,UCUCCGUAUUAGGUACUUGUA,0.269740413,0,1.375945102,0.119767909,0
21ur-11615,UCUGGUGUGGGUAAAAUGUGU,0.134870206,1.934830487,0.125085918,0.119767909,0
21ur-6679,UAUUCAUAGAAUAAAGGUAAU,4.585587014,150.3639693,137.8446821,9.581432716,0.273819339
21ur-9027,UCGCACCUCUCCUUUUCUUUG,0.269740413,3.316852263,3.252233878,0,0
21ur-6444,UACGGAUACGAUCUCUAUUUU,0,3.869660973,5.003436736,0.598839545,0
21ur-5625,UCUGUGUUUUUUUAAUCAAAA,6.743510315,154.7864389,20.88934837,8.56340549,0
21ur-12735,UUUCUUUACUAGCUGAGUGGU,0.269740413,0,2.876976123,0.838375363,0
21ur-15110,UCACUUGAAUACCCCCGAAAG,0.269740413,11.05617421,7.129897348,0.119767909,0
21ur-9150,UGAGUUUUGUGUAUCCAACUG,0.134870206,3.316852263,1.813745817,0.658723499,0
21ur-7528,UUUUGCUCAUUUGACUAAACA,0.809221238,12.9910047,9.819244594,3.293617496,0.068454835
21ur-8693,UAGGCCAUCAAAAAGUUUAUU,0.269740413,7.186513236,1.501031021,0.239535818,0
21ur-10580,UUGAAAUUUUCAAGCACAUUU,0,2.211234842,0.375257755,0,0
21ur-14707,UGUCUUUCAAUUAUAGACAAU,0,0.55280871,0,0,0