21ur-10347,UGCACCGUUUUAGGGUUAACC,0,0,1.125773266,0,0
21ur-12898,UUGAGAGUGAUUUAGUUGGCG,0,0,0.375257755,0.059883954,0
21ur-10997,UUAUUGCUCUGGUUGUUUGGU,0,2.764043552,0.625429592,0.958143272,0
21ur-12315,UCUGACUAUAAGAUUUUGAAA,0,1.658426131,1.751202857,0.119767909,0
21ur-7568,UCAGAAAGUUCUAAAUCGCCA,0.539480825,3.869660973,66.54570858,3.353501451,0
21ur-9157,UCUAUCACGGAUUUUUAAGUU,0.269740413,0,1.125773266,0,0
21ur-15516,UAAAUACAAAAAAAUAGAGGU,0,2.211234842,2.376632449,0,0
21ur-7929,UAGUUCUUUACCAUUAGCAAA,0,2.211234842,1.876288776,0.119767909,0
21ur-9261,UUGACUAUUCACGCAAUUUGU,0,4.422469684,2.376632449,0,0
21ur-14418,UUCACCGUUUAAGCAGUAACU,0,0,7.630241022,0.059883954,0
21ur-8708,UUUGUUUAUUGCUCUGGUUGU,1.753312682,65.78423655,108.6996631,5.449439857,0.136909669
21ur-13354,UCGACAAUCCAUCCUUCCAGA,0,0,0,0,0
21ur-12116,UUAGUCCUCAAUUUUUUCACG,0,2.211234842,1.501031021,0.239535818,0
21ur-6675,UGCCUUUGUCAUUCGUUGCCC,0,6.080895815,12.13333408,0.359303727,0
21ur-9737,UUUUUGAUUUUGAAAAUUGGC,0,0,2.626804286,0.119767909,0
21ur-12228,UGGCAACCAAAUUAAAUUUGU,0,0,0,0,0
21ur-13008,UUCAAUGGCCAUUGUUUUUUC,0,0,3.502405715,0.239535818,0
21ur-15314,UAGUCUCGUGUGGCUAAUAUU,0,1.105617421,1.125773266,0.119767909,0
21ur-9551,UUUUCAUUGACGGAGGACUUG,0,0,0.125085918,0.119767909,0
21ur-9794,UUCUAUCAGUUUACUGACCGG,0.269740413,0,1.375945102,0.359303727,0
21ur-11641,UCCGACAUCGUUGACCAUCUC,0,0,0.500343674,0,0
21ur-8981,UUCAAAACACACAAGGCAAAA,0,5.528087105,21.63986388,0.718607454,0.136909669
21ur-7881,UUUCAUAAGCUUGACACGACC,0.269740413,0,5.378694491,1.077911181,0
21ur-13372,UCCUCAAUUUUUUCACGUUAC,0,0,0.125085918,0,0
21ur-11733,UACUAUCUUUCUAGUUCUCUC,0.269740413,0,0.375257755,0.359303727,0
21ur-5673,UCAUUUGCAUAUUAUAGCAAA,0.809221238,11.60898292,1.501031021,0.239535818,0
21ur-8180,UAACGUAUUCUUGAAAAGAUC,0,0.55280871,2.376632449,0.479071636,0
21ur-6625,UCAAUAUUUACGUUGAUGCUU,0,6.633704526,8.130584695,1.19767909,0
21ur-9158,UCGUUGUAGUUUUGUUUCGAC,0.269740413,1.105617421,10.25704531,4.670948449,0.136909669
21ur-7622,UUUCACGAGGUGUUUUUCAGA,0,4.975278394,5.628866328,0.479071636,0
21ur-10346,UGCAUUUCUACCACUUGUUCU,0,1.658426131,2.751890205,0.359303727,0
21ur-10900,UUUCACCGUUUAAGCAGUAAC,0,0,1.501031021,0.059883954,0
21ur-11065,UGUGCAUCGAUUUGUCAUACC,0,0,0.125085918,0.119767909,0
21ur-14417,UUCACGAGGUGUUUUUCAGAA,0,0,0,0,0
21ur-12751,UUUCCUAAAAAUAUUUCAAUA,0,0,1.250859184,0.239535818,0
21ur-11221,UAGAAGUAGAUUUUACAGCUU,0,2.211234842,0,0.239535818,0
21ur-6550,UGAUAGAAGUAGAUUUUACAG,0.269740413,0.55280871,3.627491633,2.036054452,0.136909669
21ur-9398,UUGUUUAUUGCUCUGGUUGUU,0.134870206,8.015726302,10.38213123,1.856402589,0
21ur-8984,UUAUGUAGUAGUUUUGCGGCA,1.888182888,7.739321947,10.00687347,3.952340996,0.136909669
21ur-15188,UAUUGCACCGUUUUAGGGUUA,0,0,0.625429592,0.119767909,0
21ur-7179,UUUCGCACAAGUACUUCAAAA,3.776365777,30.40447908,143.2233766,11.85702299,0.136909669
21ur-13794,UUUUUCAUUGACGGAGGACUU,0,0,0,0,0
21ur-14494,UUAUGUAGGGAUGAAUGUCGA,0,0,2.251546531,0.479071636,0.136909669
21ur-13024,UUAUUUCACCGUUUAAGCAGU,0,0,1.000687347,0,0
21ur-15133,UCAAUACACUCAAUUCACAUU,0,2.211234842,2.876976123,0.119767909,0
21ur-9517,UAAUGGUAAAGAACUAGUGUU,0,6.633704526,2.126460613,0.359303727,0
21ur-11853,UUUUGAAACCCAUCUAGAUUU,0,0,0.375257755,0.359303727,0
21ur-9258,UUGAUUGUAAAUCUAGAUGGG,0,0,0.875601429,0.119767909,0
21ur-13648,UAACGAAGUUACUUCCCACUU,0,0,0,0,0
21ur-9285,UGUUGACUUACCGGUUCUCGC,0,1.658426131,1.876288776,0,0