21ur-15662,AUUACUUCUUCGCAAAAAAGU,0,0,0,0,0
21ur-14858,UGAUCUUUUUUUUUGGAAAAA,0,0,0,0,0
21ur-14492,UUAUGUCACGAGAUUGGUUUA,0,1.105617421,0.291867143,0,0
21ur-15277,UAUAUUGACCUAGUAAAUAGU,0.404610619,3.593256618,0.81305847,0,0
21ur-9909,UAUUUCAUCUAAUCGUAGUUU,0.944091444,4.975278394,8.693471328,2.874429815,0.136909669
21ur-6669,UUUAAGCAUGGCUUUUGUAAA,1.888182888,16.0314526,10.81993194,2.81454586,0.136909669
21ur-10567,UUGUAUGUCUUCAGCCAUUUU,0.269740413,2.764043552,0.75051551,0.239535818,0
21ur-11824,UUUUUCCUUUAAAAGGGGAGU,0,0,0.75051551,0,0
21ur-5988,UCUAAGAAGUUUUUUCAAAUA,0.539480825,9.397748078,5.128522654,0.718607454,0.136909669
21ur-13115,UGUUUUUUGAAAUCAUAACUG,0,1.658426131,0.375257755,0,0
21ur-11355,UUUCGCACGCGAAAAAAUUUC,0,0,1.125773266,0,0
21ur-10361,UGAAAACCAAGUGAAACAAAU,0,1.658426131,4.878350817,0.119767909,0
21ur-5637,UUUGAAUGAUAUGACAAAUUU,1.618442476,47.5415491,23.51615266,0.718607454,0
21ur-15635,CAUAUCCCUGAAACAUUUUUG,0.269740413,0,0.250171837,0.479071636,0.410729008
21ur-13940,UUUGGAGAGUGGAUCUAAUUU,0,0.276404355,0.500343674,0,0
21ur-10083,UGUUGUGUUUCUUGUAAAACA,0,1.658426131,0.125085918,0,0
21ur-11966,UUGUUCGCAAAUCUGUCCAGC,0,0.276404355,3.815120511,0.399226363,0
21ur-15288,UAUAAUCAAAAAAAAAACAGU,0,0,2.126460613,0.119767909,0
21ur-6051,UUUCAUCAACAAUCAUCAACA,3.506625364,11.60898292,15.51065388,5.269787994,0
21ur-6662,UAUAUUCAAAGGUUUUUGGAA,0.539480825,7.186513236,5.128522654,1.317446999,0
21ur-11755,UAAUUCACUGAUUAACUGAAU,0,14.55729604,0.500343674,1.077911181,0.136909669
21ur-6678,UCAGAUCAACGAAACAAUAAU,0.269740413,7.739321947,18.01237225,0,0
21ur-14089,UUUAGUGUUGAUAUUUGAUGU,0,0.55280871,1.125773266,0.119767909,0
21ur-10134,UAUUUUAGUACUACCUUUUUU,0.809221238,89.5550111,27.26873021,2.395358179,0
21ur-9333,UAUAUCGGGUAACUUUUAUUA,0,8.292130657,5.253608572,0.359303727,0
21ur-7436,UAGAUUACGUGAAUAAAGAGA,2.157923301,11.05617421,9.756701634,2.036054452,0
21ur-5562,UGGAAAAAUAAUGUACAGUUC,0,9.397748078,3.377319797,0.479071636,0
21ur-5911,UCGAAGAUCUUUAGAUUGUCC,0.269740413,1.658426131,3.12714796,1.19767909,0
21ur-13404,UCAUUAUAAAAUUGUCUGGUC,0,0,2.001374694,0,0
21ur-11819,UUUUUGUUACAGAGUAUAAAC,0,2.211234842,0.500343674,0.239535818,0
21ur-9923,UAUCCAUUUUAUACUCAUUGG,2.697404126,11.60898292,10.50721714,15.68959607,0.136909669
21ur-10986,UUCAGAUCAACGAAACAAUAA,0,0,0.75051551,0,0
21ur-8752,UGGGGUUUUUUCUCACUUUGA,0,3.316852263,0.81305847,1.317446999,0.136909669
21ur-7110,UUUUCAUGAGUUUCUGGAUUG,0.539480825,0.55280871,4.503093062,1.616866771,0.068454835
21ur-13459,UAUUUAGUUACGAAUUUGUCA,0,1.382021776,0.625429592,0.179651863,0
21ur-12263,UGAUUUGAAAAGAAAUUCACA,0,0,0.375257755,0,0
21ur-13376,UCCUAACUCCCUGAAAGCAUG,0,0,0,0.119767909,0
21ur-14223,UUGCAUACCUCUAAUAACCAA,0,0,0,0,0
21ur-6437,UCUGCGUGUCAUCGUCAUCAU,0,0,7.630241022,0.119767909,0
21ur-9003,UGUCAAUAGGAAUAGGACACG,0,0,0.625429592,0.119767909,0
21ur-8846,UUAUUACAUCUGAAACAGGAU,0,0.691010888,0.125085918,0.239535818,0
21ur-12144,UUAAAUAAUCGUAAAUCGUAA,1.348702063,24.32358326,14.63505245,1.077911181,0.136909669
21ur-13623,UAAUAGAAUCGGAUUAUUUAU,0.269740413,0.829213066,0.75051551,0,0
21ur-6628,UUUUCAAUUGAAUGGAACUGU,6.069159284,75.18198463,89.56151757,3.413385405,0.136909669
21ur-15252,UAUGAUUCGUGUUCAAAAAAU,0,2.211234842,0.125085918,0,0
21ur-9061,UAAUCUGUUCCGUAGAAGAAA,1.276674226,3.88808793,3.165329781,1.641166123,0.390692132
21ur-6203,UACGGUCAAUUAUUUAAACUC,0.539480825,9.950556789,7.630241022,0.479071636,0
21ur-7405,UUUAUGGUUCUUCUUGCAAUA,7.822471966,312.8897301,139.2206272,9.22212899,0.273819339
21ur-9744,UUUUAAUGGAAAUUGCAGUUC,0,13.26740905,17.51202857,0.479071636,0
21ur-10638,UGUUUUUCAUUUCAAUUCAAA,0.269740413,3.869660973,4.503093062,2.155822361,0