21ur-8734,UUCAUAAUGUUUGAAAAUAUC,0.269740413,0,1.501031021,0.239535818,0
21ur-10992,UUAUUUUUUUGGUAACAACUA,0,0.55280871,0.75051551,0,0
21ur-9278,UUAGGUGAAAACACUACAUAC,0.269740413,3.316852263,0.500343674,0.239535818,0
21ur-11361,UUUCAGAGCAUUGGCGAUAUU,0,0,0.375257755,0,0
21ur-14896,UGAAUGUCGCUAUGGGUGAAA,0,0,0.312714796,0,0
21ur-11675,UAUUUUUUUUGAAUUGAUUUC,0.539480825,18.24268745,13.88453694,7.066306628,0.136909669
21ur-13250,UGAUAAUUUUUAAGGCAUUUU,0,1.658426131,4.753264899,0.119767909,0
21ur-11944,UUUAUGAGUCCUAUUUAAUCG,1.348702063,16.58426131,5.879038164,0.898259317,0
21ur-7743,UUGGGCAGUUUUUUGUGACAU,0.539480825,15.20223954,3.377319797,8.263985718,0
21ur-9174,UAUGUCUAUAGUAAAUUGAGU,0,2.211234842,4.378007144,0.119767909,0
21ur-9762,UUUCAGACAGAAAAUUAUGGU,0,2.211234842,0.375257755,0,0
21ur-11604,UGAACUAUUUCUAGAACUUCG,0.269740413,0,0.375257755,0,0
21ur-9749,UUUGUGAUAAAAUCAAAAAAC,0,0,0.500343674,0,0
21ur-10311,UUAAUGGUUUAUUUUAGUGAU,0.269740413,14.37302647,5.378694491,0.359303727,0
21ur-12719,UUUGAUAAAUCGAAGUAAAUC,0,0.55280871,0.75051551,0,0
21ur-14343,UUCGUACUUUAUUCAAAAAGU,0,0,0,0,0
21ur-12323,UCUAGAAACUGUUUUUUAGGC,0,0,0.125085918,0.119767909,0
21ur-12963,UUCGCAGCCUAUCUUCAUUUC,0,0,0,0,0
21ur-14325,UUCUCUAGUCUGGGGUGUUGA,0,0,0.125085918,0.119767909,0
21ur-11723,UAGGUUACUUUCUUGGUUUUA,0,0,0,0,0
21ur-15476,UAAGUAACGAACUAACGUAUU,0,0,0,0,0
21ur-15424,UAAUUAAAAAGACAGGAACAC,0,3.869660973,0.500343674,0,0
21ur-12159,UGUUUGAUAGUUUUGCAAUAA,0.269740413,0,1.000687347,0,0
21ur-14788,UGGACGCUUUCGGAUGGAUGC,0,0,0,0,0
21ur-13368,UCCUGACCAUCCAACACACUA,0,0,0,0,0
21ur-11956,UUUAAUUAAAAAAAAACCAGA,0,0,0,0,0
21ur-14449,UUCAAACAUAAAGGAGGAAAU,0,0,0.125085918,0.479071636,0.410729008
21ur-14402,UUCAGUUAAAUGUAGAAUUGC,0,0,0.250171837,0,0
21ur-1754,UAUAGCCAGCGAUGGAGGAAA,0.269740413,0.55280871,8.130584695,0.598839545,0
21ur-164,UCCAUCUCCUGAAAGUACGUU,0,1.105617421,3.12714796,0.239535818,0
21ur-1241,UGAAUGAUGUAUGCAUAAAAA,5.934289078,637.3884432,73.55052001,3.593037269,0.273819339
21ur-5112,UCAUCUAUAGAUACGUCAGCA,0,0,26.5182147,0.598839545,0
21ur-1439,UGAUCUGGGUUUGAUCUGAAU,0.269740413,4.975278394,17.13677082,1.676750725,0
21ur-1600,UAAUACAAUACAAGUUUUUCC,1.348702063,14.92583518,18.51271592,0.718607454,0
21ur-372,UUCCACUGAUGCUUAUGUUAA,3.776365777,301.0043429,106.6148978,11.79713903,0.273819339
21ur-2411,UCCUUUGCCAACUUCAUUUUU,0.809221238,69.10108881,12.88384959,1.556982816,0
21ur-3984,UGGAAAUUUCUAUCACAGUUU,0,1.658426131,1.375945102,0,0
21ur-3349,UGUUCUAACUUCAAUGCAUGU,1.888182888,6.633704526,10.63230306,1.556982816,0
21ur-2161,UUUGGGUUUGUCGGCUAUUGC,0.539480825,13.82021776,15.51065388,2.994197724,0
21ur-743,UCGAUAGACUUUGUUCAAAUU,0.539480825,3.869660973,10.13195939,0.838375363,0
21ur-1181,UAAAUAUGAUUUAUGUUAGGA,3.506625364,43.67188813,36.14983041,20.36054452,0.136909669
21ur-3733,UAAACGAAUUGUGGUUAAUCG,1.348702063,68.5482801,68.29691144,12.93493417,0
21ur-4267,UUACAAGUUUUUGCUUACCGU,0.809221238,0,1.751202857,0.479071636,0.136909669
21ur-3204,UUAAAGCUAUUUAAACUAUGG,9.710654854,340.5301657,166.8646151,4.670948449,0.136909669
21ur-162,UGUCAUGGGAUUCUCAAUUAA,19.42130971,461.0424646,212.7711472,12.69539835,4.791838431
21ur-5326,UGUAAAACUGCAGUCAGAACG,0,0.55280871,5.753952246,0,0
21ur-4428,UCAUGAAAAAUUUGUCGUGGU,1.888182888,40.90784458,25.64261327,18.20472216,0.410729008
21ur-4710,UGAAAUGAUUAUCUUUAUUUC,1.416137166,77.39321947,3.252233878,0.239535818,0
21ur-3188,UCCUACGUUCAACAACAACAA,0,1.105617421,0,0,0
21ur-2289,UCUUGCUAGUCCUCUGUCGAG,1.213831857,12.71460034,236.7876435,6.467467084,0.821458017