21ur-3848,UGAAUAUUGGGCAAACACUCA,1.618442476,13.82021776,32.02199511,2.522885347,0.004148778
21ur-4199,UAACAUGUUCAGUAAAAGGUG,0.539480825,1.658426131,6.25429592,0.838375363,0
21ur-4713,UCAAUACUGCUCCAUCGAGAA,0,0.55280871,12.13333408,0.718607454,0
21ur-3255,UGAUAGUUUUGUUAUCCGGUG,0,0,0.250171837,0.119767909,0
21ur-2804,UAUCCUAAUGGCUACUGCAAU,0,4.422469684,10.75738898,0.119767909,0
21ur-3837,UCAUACUCGUACCAAUUUGGG,0.539480825,7.739321947,149.1024147,25.98963624,0
21ur-12768,UUUCAACUUCAGGUACAAUCA,0,0,0.625429592,0.119767909,0
21ur-13051,UUAGUUUCCAUUUUACGUGGG,0.269740413,0.55280871,0.250171837,0.359303727,0
21ur-6931,UCAUGUGAACUCAUCAAAGUU,0,0,0.875601429,0.119767909,0
21ur-7222,UGUUGAAAAAAUGUACUGUCA,0,2.764043552,6.754639593,0.239535818,0
21ur-6620,UUCUGACUCCAAGCUAUUUUU,0.269740413,6.080895815,15.01031021,2.515126088,0.136909669
21ur-9498,UAUUAAGUCCUUAGCUUAUCA,0.539480825,0,0.375257755,0.479071636,0
21ur-14665,UGUUUAGAUUGAGUGGAUGUU,0,0,0,0,0
21ur-15032,UCCUUUUUUGCUUUCGUGGAA,0.269740413,0,0.625429592,0.119767909,0
21ur-7122,UCGUUUAUCCCGUCGAUAAUA,0,0.55280871,2.876976123,1.19767909,0
21ur-8072,UGGACCUUCCAAAUUGAAUUU,0,8.292130657,2.501718368,0,0
21ur-11124,UGAAAAAAUGUACUGUCAGAG,0,0,1.626116939,0,0
21ur-9840,UGUCUCCUGCUCUUUUUCCCA,0.269740413,0,0.250171837,0,0
21ur-7586,UUAUGUAAUCAUUUUCGAUGG,1.07896165,25.98200939,37.4006896,11.25818344,0.273819339
21ur-13041,UUAUCCCGUCGAUAAUAAAAA,0,0,0,0,0
21ur-11442,UUCGGACAUAAUAUCGUAGAC,0,0,0.250171837,0.239535818,0
21ur-13850,UUUUCUUUUUCCACUUUAAAA,0.809221238,6.080895815,3.502405715,0.239535818,0
21ur-8162,UCGGACAUAAUAUCGUAGACA,0.269740413,0,0.500343674,0,0
21ur-8439,UUCCUUUUUUGCUUUCGUGGA,0,0.55280871,0.875601429,0.479071636,0
21ur-8478,UAUGUCUGUUUGGAAAGAAGU,0.269740413,0.55280871,2.001374694,0.479071636,0
21ur-8173,UAGUACUUUGCUUUUUCAUUG,0,1.105617421,3.252233878,0.359303727,0
21ur-9709,UAAUUUUAUGUACGUUGUUUA,1.888182888,21.55953971,39.77732205,7.545378264,0.136909669
21ur-11534,UGUUGGACCUUCCAAAUUGAA,0,1.105617421,0.500343674,0.119767909,0
21ur-10424,UAUUCAUGUGAACUCAUCAAA,0,0.55280871,0.375257755,0,0
21ur-11567,UGCUUGAUUUUUGGGCAAGCU,0,0,0,0,0
21ur-7232,UCCACGUCUUACACUAAUUUU,0,1.658426131,8.255670614,0.119767909,0
21ur-7204,UAUACAAGCAUUUUCCAUGUA,0.269740413,0,1.876288776,0.359303727,0.136909669
21ur-14260,UUGAGAUAAUUCAAAACUUAU,0,1.658426131,0.875601429,0.119767909,0
21ur-5475,UCCAUCAGUCAAUUGAAAACA,5.664548665,66.88985397,505.0969385,21.07915198,0.273819339
21ur-8098,UAGAAAAAGCUUUCGAACAGU,0,2.211234842,3.377319797,0,0
21ur-9177,UAUGAGUGCCUUACAUGGAUC,0,0.55280871,4.753264899,0.239535818,0
21ur-15643,CACUAAUCCAACACCUACGAU,0,0,0,0,0
21ur-11801,CGAUGAUUUUCAAGACGUGAA,0,0,0,0,0
21ur-6145,UAGAGCUGAAAUUCAAUGUGC,0,0,0.250171837,0.359303727,0
21ur-9418,UUCUAUUAUUCCAUACUGUUC,0,0,3.502405715,0,0
21ur-8905,UAUUAUUGGCGUUAACAUUAG,0.539480825,2.764043552,34.64879939,2.155822361,0.136909669
21ur-14252,UUGAUAUACAAGCAUUUUCCA,0,0,0.625429592,0.359303727,0
21ur-11650,UCCAACACCUACGAUUGUUUG,0,0,0.375257755,0,0
21ur-12034,UUCUGUUUUUAAUAAUAAAAC,0,0,0.625429592,0.119767909,0
21ur-9404,UUGGUUUUACUUUUUUUUUCC,0.269740413,8.844939368,15.76082572,0.838375363,0
21ur-7331,UGGUUGAUGAGGUUAGUGAGU,0,2.211234842,1.250859184,0.718607454,0.136909669
21ur-10636,UUAAACUUGAAUUGCUCAACU,0,0,3.502405715,0.119767909,0.136909669
21ur-12306,UCUUUAUAGCUUACAUGUUGC,0,0,3.002062041,0,0
21ur-8539,UUAAAUUCUUUGAACUUACAA,0.539480825,27.08762681,23.51615266,1.19767909,0.136909669
21ur-13649,UAACACUAAUCCAACACCUAC,0,0,1.250859184,0,0