21ur-8150,UGCUCUUACAUUCGUGAAAAC,1.348702063,16.30785696,9.006186124,2.27559027,0
21ur-14050,UUUCAAUCAGAUUGAUUUGUC,0,0.829213066,0.187628878,0,0
21ur-6809,UUUGAUUGGUUUUUUAAGUAA,0.809221238,61.36176687,24.51684,2.335474225,0
21ur-10432,UAUGUUAUAUAAAUAGUGUGG,0.539480825,27.08762681,64.41924797,5.269787994,0
21ur-5704,UUUAGAGCUACUCAAAAAAAG,1.07896165,58.0449146,15.26048204,0.419187681,0
21ur-13345,UCGGGAGUAAAAUGUUGUAUU,0,0,0,0,0
21ur-12383,UAUUUGGAAUCAAUUAUUUUU,0.269740413,3.316852263,1.751202857,0.119767909,0
21ur-13413,UCAGAUUGAUUUGUCCAAAAA,0,0.55280871,0.625429592,0,0
21ur-6462,UUUAGAGCUUUCAAAACUAAA,5.934289078,215.5953971,15.01031021,0.479071636,0.136909669
21ur-6553,UCAUGUUACGAUUUUUCUCGG,0.269740413,1.105617421,5.378694491,2.27559027,0
21ur-13481,UAUUCAAGCAAGGUUACCGAA,0,1.289886991,1.56357398,0.199613182,0
21ur-13065,UUAGAGCUACUCAAAAAAAGC,0,0,0.125085918,0.059883954,0
21ur-6703,UUUCAUUUUGUCGCAACAUAC,0,1.658426131,5.378694491,0,0
21ur-14352,UUCGAUUGUUUGCCUCUAAAC,0,3.316852263,0.125085918,0.059883954,0
21ur-14862,UGAUAUGAGGAAAUCGGGAUG,0,0,0,0,0
21ur-11488,UUAUAACCAGUUUAAUGUUGA,0,0,1.250859184,0.239535818,0
21ur-14440,UUCAAGCAAGGUUACCGAAAU,0.134870206,12.62246556,47.9704497,0.738568772,0.410729008
21ur-12758,UUUCAUUAUUAUUUCCGGCUG,0,0,2.376632449,0.239535818,0
21ur-15127,UCAAUGCUCGAAAUUUCUCAA,0,0,0,0,0
21ur-14753,UGGUACCGGGAGACUCGGAAG,0,0,0,0,0
21ur-14738,UGUAAAGUGUUAGGAAAUGUG,0,0,0,0,0
21ur-14295,UUCUUUUGGAAUUCUUCAGUC,0,0,0,0,0
21ur-14258,UUGAGAUCCUAGAAUUGGUAA,0.539480825,0.55280871,0.875601429,0,0.136909669
21ur-13054,UUAGUUGGAAUAUUUGUGGUU,0.539480825,3.316852263,0.625429592,0,0
21ur-15370,UACGUGAUUUCGUCUCGGCCC,0,0,0.250171837,0.119767909,0
21ur-15011,UCGGAUAGCGUAUGAUUGACG,0,0,0,0,0
21ur-13435,UCAAUAUAUUGAAGAUUGGGA,0,1.105617421,0.500343674,0.119767909,0
21ur-9838,UGUGAUCAUCAGUCAAUACCC,0.269740413,0,0.500343674,0.119767909,0
21ur-13634,UAAGUGGAUUUCCUCAAAAGC,0,0,0,0.239535818,0
21ur-9056,UACGAUCGAAUAUCACACACU,0,0.55280871,1.751202857,0.239535818,0
21ur-13355,UCGAAUGUUCCCUCUUUGUUU,0,0,0.500343674,0,0
21ur-9890,UCGGUAGUGAUUAUUCUAACG,0,0,0.375257755,0,0
21ur-419,UGUUUUGGAAUUUCUUUCGGC,0,0.55280871,0.625429592,0,0.136909669
21ur-2189,UUAUCCAUUUUUCUACAUUCC,0.269740413,18.24268745,5.628866328,1.556982816,0
21ur-3808,UUGGUCGUCGAUCAGGCAAAG,0,0,9.443986838,0.838375363,0
21ur-2448,UGCGCCAAGCCUAUAUAUUUU,0,3.869660973,10.63230306,0,0
21ur-4419,UAGUUUCACAUUAAAGGUGGU,0.007913303,3.040447908,3.502405715,0.958143272,0
21ur-390,UAGGAACAGUGAUGUUUGUAC,0,0,0.75051551,0.359303727,0
21ur-4955,UAAGACUUGCCUAUCCUUGCC,0,34.82694876,23.76632449,0,0
21ur-2081,UGACAAUUGUAUUUUUCCAAC,0.809221238,13.82021776,32.89759654,2.215706316,0
21ur-4520,UAAUGCAUCGAUAAUUGUCAA,0,0,0.500343674,0.119767909,0
21ur-4445,UCCGUAAUCGAUGAUAAAGAU,0.269740413,0.55280871,7.129897348,0.479071636,0
21ur-3986,UUUGAUACAUAGCUUUUCCAG,0.269740413,36.48537489,4.878350817,1.077911181,0
21ur-77,UGACAUCCUAGCAAAAUGUUC,0,4.422469684,0,0,0
21ur-3211,UGCCAAGUAAAAAGUUUCUAA,0.269740413,16.58426131,3.002062041,0,0
21ur-4001,UGUGUCGCAGCUAAAUUGUUU,0,1.105617421,0.75051551,0,0
21ur-2798,UGUUAGACAUAUUAGGUCACC,0.539480825,11.05617421,37.33814664,5.629091721,0.684548347
21ur-872,UGAAAUAAAACCACGACUCAC,0.269740413,0,5.879038164,0,0
21ur-2580,UAAAAUCUUUGAAAUCAGUUG,0,0,2.501718368,0.958143272,0
21ur-3507,UGUAUAGUACCAUGCUGCAUA,0,3.316852263,2.251546531,0,0