21ur-11240,UAAUUUUACGAAACGGUGUGA,0.539480825,11.60898292,11.00756082,0.359303727,0
21ur-5541,UGCUCGUCUAAUUUGGUAAGA,4.855327427,23.21796584,130.8398706,21.79775943,0.410729008
21ur-8901,UCAAAGGAAAAACACUCACUU,0,0,0.75051551,0,0
21ur-11692,UAUUAUUACUUGAAUAAUUGC,0.269740413,0.55280871,0.125085918,0,0
21ur-7261,UGACUGAACAUCAAAGGAGAA,0,0,1.125773266,0,0
21ur-11313,UUUUCAUACUGUUUAAACAUG,0,0,0.500343674,0,0
21ur-7779,UUUUAAAAAACCCGGUAAAUU,0,7.739321947,10.50721714,0.119767909,0
21ur-10029,UUUAAUGGAAUUUGCACACCU,0.539480825,1.658426131,5.128522654,0.239535818,0
21ur-8906,UAUUAUCUUUGUUUGCAUUCA,1.07896165,17.68987874,28.01924572,4.790716358,0.136909669
21ur-13785,UUUUUCGGUUCCAUUUUCCUC,0,0.829213066,1.501031021,0.598839545,0
21ur-14472,UUAUUGAUAACGAUUUGCUCA,0,0,0,0,0
21ur-10167,UACUGCACAUUCACGAGGAUU,0,0,0.500343674,0,0
21ur-14551,UUAGAACACUGCCGUUUUUAA,0,0,0.312714796,0.059883954,0
21ur-6238,UUUGUAUCCAGUCGAAAUUUC,1.07896165,3.869660973,24.64192592,9.820968534,0
21ur-12358,UCACUUUUUCAAAGUAGUCAU,0,3.316852263,0.75051551,0.119767909,0
21ur-9116,UUCCAAAAUAAUACAAGUUUC,0.269740413,2.211234842,3.502405715,0.119767909,0
21ur-12293,UGAACUUAGCAAAAGUAUUUA,0,0.55280871,0.250171837,0,0
21ur-15410,UAAUUUUCAGAUGUUGUUGAA,0,0,1.250859184,0,0
21ur-14333,UUCUAUUCUAGAAAACUUUCC,0,0.55280871,0.500343674,0,0
21ur-10941,UUGCCUAUUCGUCAAAUUUGA,0,9.121343723,4.002749388,0.299419772,0
21ur-7380,UGAAGUUUUUAAGCCGCAAUU,0.269740413,3.316852263,4.378007144,0.359303727,0
21ur-7036,UUCUUCGUCUCUAGUUUCUUC,0.017982694,0,5.253608572,1.556982816,0
21ur-11630,UCGUCCCGUACCUAUUAUAAA,0.269740413,3.316852263,80.05498777,2.754661906,0.068454835
21ur-6999,UCGAGCUUUCGUUUGAAGUUU,0.269740413,2.211234842,4.127835307,2.036054452,0.136909669
21ur-13816,UUUUGUGAUUAUUUGAAUCCG,0,0,0,0,0
21ur-13268,UGACCUGUAGUAACUUCCAAA,0,0,0,0,0
21ur-6248,UAACGAUGUUGUGUUAAAGAA,2.427663714,24.32358326,14.13470878,5.269787994,0
21ur-7397,UACCAAAAAACUAAAUUUCAA,0,3.869660973,0.875601429,0.119767909,0
21ur-13787,UUUUUCGAUGUUAUUUGUGAA,0,1.105617421,0.125085918,0.119767909,0
21ur-15687,AAUCGACUGUUACAUCUACGG,0,0,0,0,0
21ur-7421,UGGACUCUUCUUAGCAUUAAC,0.269740413,5.528087105,1.501031021,0.119767909,0
21ur-12714,UUUGCAUGUUUCCUAGAUUUC,0,0,4.378007144,0,0
21ur-7472,UCGAAGAUAUCAAAAAAAAUU,0,12.71460034,16.76151306,1.19767909,0
21ur-2048,UAUUUCUCUCAGUAUACCUUC,0,1.658426131,31.39656552,2.994197724,0.136909669
21ur-4522,UCCACCGUGUCCUUUAUGUGA,0.269740413,2.211234842,11.75807633,0.359303727,0
21ur-1534,UAUGAUUGGUGAUAAAUAUCC,1.348702063,60.80895815,22.51546531,3.353501451,0
21ur-4265,UCGCAUGUUGCAUCCAAUUGA,0,1.934830487,8.881100206,1.676750725,0
21ur-13275,UGAAUUAUCUUCCACCACAUU,0,0,0,0,0
21ur-9492,UAUUCGCAUGUUGCAUCCAAU,0,0.829213066,1.250859184,0.239535818,0
21ur-9976,UUUUUUGAGCUUUUUUGUGUU,0,0,0.625429592,0,0
21ur-7158,UCUAAAAUUGAAGUUAACACA,0,0,0.500343674,0,0
21ur-11877,UUUUAAGGUAUUUGUUCUAUA,0.269740413,7.186513236,7.630241022,1.19767909,0
21ur-11916,UUUCCUUUUUCAAAACCAUGU,0,0,1.250859184,0,0
21ur-15194,UAUUCGUAUUAGUAUUCGUAU,0,0,0.125085918,0.119767909,0
21ur-7990,UUUUAAUAAGUUGUCUAAAUC,0.809221238,18.79549616,57.66460838,3.47326936,0.273819339
21ur-9289,UGUAUUUAAGUUCCCAGAAAU,0.269740413,12.16179163,7.129897348,0.119767909,0
21ur-13982,UUUGAAAAAAAAAAGAGUAAA,0,0,0.875601429,0.119767909,0
21ur-5751,UUCAUACAAAAUGAACAGAAG,0.269740413,9.397748078,14.13470878,0.239535818,0
21ur-9114,UUCCCGAAGUUUUUGUUUUUU,0,0,0,0,0
21ur-10201,UUUUUUGUGUUGACGUCUUUA,0.269740413,6.080895815,6.504467756,0.838375363,0.136909669