21ur-2165,UAUCUCGAACCAAGACACCAA,0.809221238,0,4.002749388,0.119767909,0
21ur-2815,UCAAUGUACUAUGCUACAAAA,9.440914442,307.361643,184.6268155,16.46808748,0
21ur-2805,UAGAUACAAUCAUGAAUUAAG,5.664548665,67.99547139,142.3477751,10.30004017,0.136909669
21ur-2608,UAAGUUCAUCAUCGGAAAACG,1.348702063,1.658426131,16.38625531,4.910484267,0
21ur-4989,UAGUUGUUUAGCGAAAAUAGG,10.7896165,46.43593168,86.80962736,21.19891989,0.479183843
21ur-1774,UAGCCAACACACUAUGAAUCA,0.269740413,6.080895815,3.377319797,0.718607454,0
21ur-4405,UGUUGACUGCCUCUCUUGGAA,7.822471966,261.2021157,63.79381838,0.838375363,0.136909669
21ur-5147,UUCAAUGUACUAUGCUACAAA,2.427663714,32.06290521,30.02062041,1.73663468,0
21ur-3765,UUAAUUAUUUUAUUUUCCGAG,3.776365777,129.3572383,88.68591614,8.503521536,0.136909669
21ur-4036,UUAACCAUUUCCAACUAUAGU,1.07896165,14.37302647,53.28660123,6.227931266,0
21ur-5298,UAUGAUGAAACGUUUCAGUGC,0.539480825,8.292130657,6.629553675,1.556982816,0.136909669
21ur-714,UCAUGUUUUCCGCACUUGUGA,0.269740413,0.55280871,4.878350817,0.119767909,0
21ur-2706,UUCCAAAGAACGCGGGAUUUC,2.427663714,14.92583518,62.85567399,10.89887971,0
21ur-5157,UAAGGUAUUGCAUUUUAAAUC,5.934289078,143.7302647,61.54227185,3.593037269,0.136909669
21ur-1533,UAAUUCCGGAAAAAAACGAAU,2.427663714,20.45392229,18.01237225,5.509323812,0
21ur-1384,UUCUUAUGCGUUACUCGAAAG,1.618442476,35.93256618,54.97526113,8.383753627,0.068454835
21ur-2989,UGGUAGAAACACAUUUAGAAU,3.776365777,78.49883689,16.01099755,2.874429815,0.136909669
21ur-3278,UGCAUUCUUCAAAUUAAAGUU,4.585587014,11.05617421,19.0130596,11.25818344,0.273819339
21ur-12382,UAUUUUAGCGAAAAAAUGAGA,0,0,0.375257755,0,0
21ur-9033,UCAUACAAAUUUGGAAACCGU,0,0,4.753264899,0,0
21ur-11754,UAAUUCAGGAGGUUUACCUUU,0,0,0,0,0
21ur-13606,UAAUUCAUGGAUAUACAUUAG,0,0.55280871,13.6343651,0.119767909,0
21ur-8977,UUCAGUCUUGUUGUGACUUGG,0,0,1.250859184,0.479071636,0
21ur-11553,UGUACUAUGCUACAAAAGUCG,0.269740413,1.105617421,4.753264899,0.718607454,0
21ur-8312,UCCAUGUGGGUUAUCAAAAUU,0.269740413,2.764043552,6.879725511,0.359303727,0
21ur-10074,UUACGAAAAAAACACUCUAAC,0,0.829213066,0.81305847,0.179651863,0
21ur-6456,UGAAACGCAUAGCGAAAAUCU,0.809221238,14.37302647,27.39381613,1.19767909,0.410729008
21ur-6360,UGUGUCAGGGGAAAUAGAACA,2.157923301,31.5100965,24.26666817,0.718607454,0
21ur-11620,UCUCUCAUAACUUUUUGCUGA,0,0,0,0,0
21ur-14841,UGAUUUAGUGCAUACAAUGGA,0,0,0.500343674,0,0.136909669
21ur-6043,UGCUAAUGGGCAACACAAAAA,0.539480825,44.22469684,21.13952021,0.239535818,0.136909669
21ur-11614,UCUUAUGCGUUACUCGAAAGU,0,0.55280871,1.313402143,0.359303727,0.068454835
21ur-6280,UGAAUAAUAUUUUCUGUCUAA,1.888182888,27.08762681,11.38281857,1.437214907,0
21ur-7447,UUGCAACCAUUGAAUAAUAGA,0.269740413,5.528087105,11.50790449,1.916286543,0
21ur-11666,UCACAGAUCAUUCAGCGUGAG,0,0,0,0.059883954,0
21ur-6753,UCUCAAUACGAAGAUUAAACU,0.269740413,2.211234842,3.002062041,0.598839545,0
21ur-14133,UUGUUGUUCUUUUGCCGCUUG,0,4.975278394,14.2597947,0.658723499,0.136909669
21ur-14369,UUCCGGAAAAAAACGAAUUCG,0,0,0,0,0
21ur-6582,UAAGAAUUCUUUUUUUAUAAA,0.809221238,111.1145508,12.25842,1.077911181,0
21ur-9184,UAGAGUAAUGUUUUUUUUGAG,2.157923301,21.006731,27.01855837,5.030252176,0.136909669
21ur-11758,UAAUGGCUCAAAGAAAUUUUA,0.449567354,0.18426957,6.942268471,0,0.068454835
21ur-12590,UUUUUUUUUCGAAUAAAUCGA,0,0,0,0.239535818,0
21ur-14131,UUGUUUAGCGAAAAUAGGAGC,0,0,1.501031021,0.359303727,0.068454835
21ur-8969,UUCUUGCAGAUAUUUGAAAAU,0,5.528087105,0.625429592,0,0
21ur-10326,UGUUAGAAACCACUUAUUGUG,0,3.316852263,1.501031021,0.479071636,0
21ur-15468,UAAUAAGUUCAUCAUCGGAAA,0,0,0.625429592,0.239535818,0
21ur-15346,UAGAAACCACUUAUUGUGUAU,0.269740413,0,0,0,0
21ur-14157,UUGUCUUUCUUUACGUUGCUU,0.269740413,0,0,0,0
21ur-12349,UCCAAAGAACGCGGGAUUUCC,0,0.55280871,0.187628878,0.479071636,0
21ur-13263,UGACUGCCUCUCUUGGAAAAU,0,0.276404355,0.125085918,0,0