21ur-41,UAUUCAAUUCAGUUGGUUUAA,1.07896165,7.739321947,10.75738898,0.359303727,0.136909669
21ur-2344,UGGAAGGCCAAAAGAAAAAAA,9.171174029,301.8335559,35.64948674,0.838375363,0
21ur-3654,UAGAGCCAUCGUUCAUCGAAU,0.269740413,0,5.378694491,0.119767909,0.136909669
21ur-5165,UGCAUGGUUCUGCUUUAGACG,0.539480825,23.77077455,16.13608347,0.479071636,0
21ur-3035,UAGAUCAUAUAUAGGAAUGUU,0.539480825,12.3460612,43.42566133,1.377330953,0
21ur-3184,UCUUUCUGUGGAAGCGUUUGA,16.99364599,110.0089334,73.55052001,70.42353047,0.958367686
21ur-3408,UCAUCAAAUUAUAAAUUUCGC,0.269740413,7.739321947,15.01031021,0.359303727,0.136909669
21ur-197,UCAUGUUCUGUUAUAAAAACC,5.934289078,49.19997523,145.4749231,18.56402589,0.273819339
21ur-1640,UCUUACUGAGAUAUGUAUUCG,0,0,1.751202857,0.598839545,0
21ur-3143,UAACGAUCUUUUUAACACGUU,4.585587014,128.8044295,68.29691144,29.58267351,0
21ur-769,UUAAAUCACUGUGGUAUCUAU,3.506625364,48.37076217,137.2817954,2.155822361,0.205364504
21ur-2711,UCAAACACGCUGAUUUCGUGG,0.809221238,1.658426131,8.756014287,2.634893997,0
21ur-115,UUUUGUUGUAACUCUUUUGAU,0.809221238,13.82021776,8.005498777,3.952340996,0
21ur-3075,UGAAACAAGUAUAGUUUGAAU,1.07896165,9.121343723,19.26323143,0.359303727,0
21ur-3812,UCCUUCAUUCGAAAUUGAUCA,1.618442476,15.47864389,10.00687347,1.676750725,0
21ur-5064,UCAUGUUGCUGGUCAUCUUUU,0.539480825,11.05617421,26.5182147,2.27559027,0
21ur-3755,UUGUUUGGACAUUUUUAAAAC,0.674351032,10.5033655,8.881100206,1.497098862,0
21ur-1825,UAUUGUUUGUGGAAGCGUGAG,29.76135886,476.3368389,582.2957978,73.89679983,0.319455895
21ur-3404,UGAAAUCAGUUCAUUUUGUUU,0.809221238,28.19324424,22.14020756,2.27559027,0
21ur-1316,UCCACACCACUUACUGAAAAU,1.348702063,72.41794108,371.3800917,6.108163357,0
21ur-3952,UGAGUGGUUUGCUAUGAGUGA,8.092212378,60.80895815,113.9532717,11.01864762,1.916735373
21ur-5089,UUGGGCUCCAAAUAUUUUCAG,0.404610619,16.0314526,18.20000113,0.479071636,0
21ur-235,UAUUGUGGUUAUAAAGGUUUU,77.82010904,1192.684793,1250.171211,19.46228521,0.684548347
21ur-52,UGGGAAUGGAAAAAUACGAUC,1.348702063,90.10781981,147.5388407,4.850600313,0.136909669
21ur-5037,UUAAUGGAAAGUUUUAAUUAA,9.440914442,147.5999257,45.40618838,5.629091721,0
21ur-11,UGUUAACUAUGGGUUGUGCAC,1.618442476,19.90111358,88.68591614,0.598839545,0
21ur-3081,UGAGUCGUGUACAAGAUUUAU,3.236884951,55.83367976,85.43368226,8.144217809,0.136909669
21ur-3620,UAUUGGUGUAUAAGUCAAAAA,28.05300291,1757.378891,391.2687527,8.623289445,0.821458017
21ur-3232,UUUGACAAUUAGUGUUUUGAG,4.046106189,24.32358326,29.95807745,2.27559027,0.821458017
21ur-1448,UGCGCAUAUCAAUUGAUCUUU,5.934289078,20.73032664,62.41787328,15.21052444,0.410729008
21ur-2911,UCAUAUACUUGGACAGGGAAC,0.809221238,32.33930956,65.41993532,3.892457041,0
21ur-4373,UCAUUAUCACAGACUUAGCAG,0,0,0,0.119767909,0
21ur-3289,UUAUGUCUUGUUAUUCUUUAG,0.269740413,1.105617421,1.501031021,0.718607454,0
21ur-2291,UGCGUGUUCGAAAACGGAAAA,6.743510315,51.96401879,71.67423124,11.73725508,0.410729008
21ur-3251,UAGUUCCAUUUUUCACGCACG,4.585587014,3.040447908,19.51340327,15.33029235,0.273819339
21ur-1170,UCAGUCGUCUAGGUUUCUACA,0.539480825,2.764043552,20.76426245,1.19767909,0.136909669
21ur-2780,UUCACGAUCGUUCAAAUCUUG,1.348702063,0.55280871,6.504467756,3.233733542,0
21ur-4123,UGCAAAAAUAAUGGUAAAAAU,0.539480825,21.55953971,33.89828388,0.479071636,0
21ur-1370,UAUAAUCAUAAUUUGUGCACC,0,12.71460034,9.506529798,0.479071636,0
21ur-125,UAAAAUGCAUGCUUCCUGUGA,0.269740413,2.764043552,11.50790449,1.437214907,0
21ur-349,UGUCUUCUCUUUUUUGUGUAC,35.33599405,105.033655,165.8639278,24.91172506,0.821458017
21ur-439,UAAUUGAGCUACAUACCAGGG,0.269740413,3.316852263,9.006186124,0.239535818,0
21ur-2089,UUCGUUUUCACUAUUUUUCUC,4.855327427,22.11234842,106.6982884,16.16866771,0.410729008
21ur-4497,UCGACUCAUUACAGCUGAUUA,0.809221238,4.422469684,9.631615716,1.676750725,0
21ur-5014,UGGUGUCUUUUCAUGCUCCAA,0,2.211234842,0,0.958143272,0
21ur-360,UGGUAAGUCCAUAUACUUAUC,0,0,0,0,0
21ur-3651,UCUCGUGGAUAAAUAAGCAUU,6.473769903,24.32358326,60.29141266,13.89307744,0.410729008
21ur-4976,UAGCGAUUGCAGAGUAAGAUU,1.618442476,16.0314526,11.38281857,2.27559027,0.136909669
21ur-291,UCACUUGCAGAGAAAUCAAAA,2.292793507,17.41347438,30.64605001,4.850600313,0
21ur-3905,UAAUUCUUCACAGUCCUUAAA,16.72390558,265.9009897,109.7003504,14.85122071,0.136909669