21ur-6014,UCUCGAUCAAUCUCGUAUACC,0,1.105617421,1.125773266,0.239535818,0.136909669
21ur-8484,UAGAAAACGUCAGUGUUUUUU,0,8.844939368,3.87766347,2.155822361,0
21ur-6994,UGUAUGAUCGAUUUUUCCUUU,0.809221238,14.92583518,9.631615716,3.113965633,0.273819339
21ur-5632,UUUUGAUUUUGGGCUGAUAAC,26.83917106,712.2940235,426.7931535,52.93741576,0.821458017
21ur-14541,UUAGGACCGUUUGUGAUGAUU,0,0,0.125085918,0,0
21ur-6611,UUCCGUUCUUAUUUCAACAGC,0.269740413,5.528087105,27.01855837,1.796518634,0
21ur-12420,UAUUAAAUUGAUCCAAUCCAA,0,4.422469684,0.437800714,0.239535818,0.068454835
21ur-11807,AGUUUUUAAUUACAAAGGCUA,0,0,0.250171837,0,0.410729008
21ur-7290,UGUUUGUAAUUUCUUGAGAAA,0.269740413,6.633704526,1.626116939,1.437214907,0
21ur-10464,UAAUUUUAUUCAUCAUGUAAC,0.809221238,3.316852263,7.75532694,0.479071636,0
21ur-8980,UUCAACCCAAAACAUGACAGC,0,0.55280871,4.252921225,0.239535818,0
21ur-14889,UGAAUUUGAAAAUGACAGAAA,0,0,0.875601429,0,0
21ur-10108,UGAUAAUGUUAAAAGUGCUGA,0,1.658426131,3.002062041,0.359303727,0
21ur-10338,UGGGAGGAAAAUGAUAGAAAA,0,1.658426131,0.75051551,0,0
21ur-10300,UUAUUGAAAACAAACUUUGAC,0,0,1.250859184,0.119767909,0
21ur-9631,UGGAUUUUUCUUGUAGACUUU,0,0,0.125085918,0.119767909,0
21ur-15355,UACUUCGAGUAAGUUUUUGGG,0,0,0,0,0
21ur-15525,UAAAGGAAACGAAGAAAGAAU,0,0,0,0,0
21ur-11100,UGCAGAAUAUUAUUUAUAUAA,0,5.528087105,0.125085918,0,0
21ur-12461,UAGCAAAUCCGAUCACAAAAG,0,0,1.626116939,0.119767909,0
21ur-12491,UACAUACCCUGUUCGCAAAAU,0,1.105617421,0.625429592,0.119767909,0
21ur-14827,UGCAUCUUGCAAAUCGACACC,0,0,0.125085918,0,0
21ur-9450,UGUAAUCGAAGUACUGGAAGA,0,0,1.626116939,0,0
21ur-12224,UGGUAACAUGCACUAGGAUAU,0,0,0,0,0
21ur-15030,UCGAAUUUCCUUUUUUUGUCU,0,0,0,0,0
21ur-14085,UUUAUCACGUAUCCAUGUUCG,0,0,0,0,0
21ur-14524,UUAGUGUGUAGAAGGGCUGUG,0,0.55280871,0.125085918,0,0
21ur-12211,UGUAGGCGGCGGUAUUACUAU,0,0,0,0,0
21ur-11419,UUCUUUUAUCGCUGAUAAUGA,0,0,0,0,0
21ur-12020,UUGACGUGAUCGAUACUAAAA,0,0,0.125085918,0,0
21ur-15115,UCACGAAGAAAACCUUAACAA,0,0,0,0,0
21ur-12290,UGAAUAGUUUUCCUAGAAAAG,0.269740413,0,0.625429592,0,0
21ur-14756,UGGGGUGCUGUAACAAUUUUG,0,0,0,0,0
21ur-13313,UCUUCAAAUGAGUCAUGAAGA,0,1.105617421,0.375257755,0,0
21ur-14770,UGGCAGCCACAAAAAUGAUGA,0,0.55280871,0,0.479071636,0
21ur-13277,UGAAUGGUACCAAAAUGUUCU,0,0,0,0,0.273819339
21ur-10967,UUCUACAUUACCGGUAAUAGA,0,0,0.875601429,0.239535818,0
21ur-13745,UUUUUUUGUCGACCUACUGCC,0,1.105617421,0.625429592,0.119767909,0
21ur-10792,UAAUUCUACAUUACCGGUAAU,0,0,1.876288776,0.239535818,0
21ur-9743,UUUUACGGCACUAGCCAAUGG,0,0,0.250171837,0,0
21ur-7600,UCCACACUAGACUAAUCAUAU,0,0,1.250859184,0,0
21ur-10512,UUUUCUGAGCAAGACAUAAUA,0,0,1.250859184,0.239535818,0
21ur-13107,UUAACGAUAUUCUGUCACUUU,0,0,0.75051551,0,0
21ur-13199,UGGAAAGGAUCAGUUUUAAAA,0,1.105617421,0.250171837,0.239535818,0
21ur-9844,UGUACUUUAAGUUCUCAAGGA,0,0,1.000687347,0.119767909,0
21ur-14595,UUAAUUCUAGCCACUCUUCAA,0,0,0.875601429,0,0
21ur-9520,UAAUACUCUAUUUUUCGUUGC,0,1.658426131,12.25842,0.598839545,0
21ur-13652,UAAAUUUCACAAGCAUGCAAU,0,0,0.125085918,0,0
21ur-11891,UUUGCAUAAGUAUUGUUACAU,0,0,0.500343674,0,0
21ur-15195,UAUUCGCAACCGUUUUUUCUC,0,0,3.002062041,0.239535818,0