21ur-6025,UGUUCUCUAGCUGGGACUAUG,1.07896165,6.910108881,12.00824817,0.718607454,0.136909669
21ur-6909,UAAUUUUCCACGAGCGGUACA,1.483572269,14.37302647,32.27216694,5.389555903,0.068454835
21ur-13897,UUUUACUUGAAGACAACUAAA,0.269740413,0,0.500343674,0.119767909,0
21ur-14815,UGCGCUUUAUCGACACAUAUU,0,0,2.126460613,0.119767909,0
21ur-13475,UAUUCGUACCCUACUCGGAUC,0,0,1.250859184,0.239535818,0
21ur-6509,UGGACAGUUUUGAAAAAAUUU,0,1.658426131,0.625429592,0,0
21ur-14503,UUAUCAUUUUUCGGUGCAAAU,0,0.55280871,5.753952246,0.239535818,0
21ur-13120,UGUUUGUGUCGGAUUUUUUAC,1.618442476,19.34830487,13.6343651,2.27559027,0.136909669
21ur-9692,UAUCUUAGACAUUUUGUUUUG,0.269740413,4.422469684,1.000687347,2.754661906,0
21ur-5671,UUUCUUCGAGGCAAAGCAAGA,1.348702063,3.593256618,36.40000225,1.317446999,0
21ur-11663,UCACGAGCUUUUUAUUAAAAA,0,0,0.500343674,0.119767909,0
21ur-11034,UUAAUUAGUCAAUUACAUUAG,0,2.764043552,1.000687347,0,0
21ur-11353,UUUCUCGUUUUUGUCUUUGAG,0.269740413,0,1.626116939,1.317446999,0
21ur-7299,UGAAAGUAGGAUUUUGUAUCG,0.539480825,4.698874039,13.00893551,6.587234993,0.068454835
21ur-6524,UUGGCAUUGUACAUAUGGAAU,1.618442476,9.950556789,7.254983267,4.790716358,0
21ur-10136,UAUUGUUCUCUAGCUGGGACU,0,0.276404355,0.125085918,0,0
21ur-14761,UGGGAUCACGGUAUCAGAGCA,0,0,0.375257755,0,0
21ur-15002,UCGUUAUAAAUUGUGAAAAAU,1.07896165,10.01965788,6.129210001,0.479071636,0
21ur-15551,UAAAAAGGGAGUAAAAAAUGC,0,0,0.250171837,0,0
21ur-9666,UCAUAAUUUGUACAGAAAAUA,0.674351032,10.08875897,7.254983267,0.598839545,0.068454835
21ur-5755,UAUUUUCUUUAUCAUCCGCGC,2.157923301,127.1460034,290.5745884,19.76170498,0.136909669
21ur-7143,UUUCUUAUCCUUUUUGACAAC,1.07896165,10.5033655,7.254983267,1.676750725,0.136909669
21ur-13766,UUUUUUAAUGCUCUCGGAUUG,0,0,0.250171837,0,0
21ur-13087,UUAAUUGCAACUUUGGUGUCA,0,0.55280871,1.56357398,0,0
21ur-7272,UUUUCCAGCAAUUCAACCAUU,2.832274332,11.60898292,182.5628979,6.108163357,0.547638678
21ur-8553,UGCCAAUUUUAUUCAAUAAAA,0.269740413,24.10245978,0.625429592,0,0
21ur-11637,UCCUCCGUUUUCCAUGAACAU,0.539480825,3.316852263,1.125773266,0,0
21ur-12693,UUUGUAGUCUGAAGUUUGCAC,0,1.382021776,0.938144388,0.119767909,0
21ur-11212,UAGUGCAAAUCAGAAUAUUAG,0,2.764043552,0.375257755,0,0
21ur-7464,UUAAUACUUUUUUCUGAACAG,0.539480825,5.528087105,5.253608572,1.077911181,0.136909669
21ur-10216,UUUUCAAGCACUACGUUUUUA,4.315846602,52.5168275,55.91340552,2.515126088,0.136909669
21ur-11812,UUUUUUUGAAUUUAAUAUUGC,0.269740413,13.26740905,9.756701634,2.634893997,0
21ur-9092,UUUAACGCUACCUCAAAAUGA,0,0.55280871,2.001374694,0.119767909,0
21ur-15163,UAUUUUAAUGCAAAUGGUUGU,0.269740413,0.18426957,0.312714796,0,0
21ur-8959,UUGGACAGUUUUGAAAAAAUU,0,0.829213066,0.250171837,0,0
21ur-13030,UUAUUGAACUCUUGGUCUACG,0,0.691010888,0.500343674,0,0
21ur-13212,UGCCUGUUGCUAGAAUCCGAU,1.483572269,4.975278394,1.56357398,1.437214907,0
21ur-6037,UGCUAAUUGUGAACUCAAUUC,0,1.105617421,1.250859184,0.119767909,0
21ur-8130,UUCGAAAAAAAUUUCGUAAGU,0,2.211234842,1.751202857,0,0
21ur-9952,UAAUCUGAUCCAUUUUUAAUC,0.539480825,2.211234842,2.876976123,0.838375363,0
21ur-9959,UAAGAUACUUAAAUUCCAUUU,1.618442476,16.0314526,10.75738898,1.19767909,0
21ur-8009,UUAUUCGAUACACUGUUUCAA,2.967144539,19.90111358,28.01924572,6.048279402,0
21ur-10099,UGCUAGUGAACUGUCUGUCUU,0,1.382021776,0.625429592,0,0
21ur-14618,UUAAGAUGAAGACAUCGUUUG,0.134870206,0,0.625429592,0.53895559,0.068454835
21ur-14589,UUAAUUUUGAAGCGAAUAAUU,0,4.975278394,0.625429592,0,0
21ur-11679,UAUUUCAGAUGCGAGAAUAGU,0.269740413,1.105617421,0.75051551,0.479071636,0
21ur-9612,UUAUGACAUGUUCCUAGUUCA,1.07896165,7.186513236,6.129210001,3.353501451,0
21ur-13363,UCCUUCCGUUAUGGGUCGAAU,0,4.698874039,7.505155103,1.556982816,0
21ur-13406,UCAUGUAUUACUUGUGCCUGA,0,0.55280871,0.125085918,0.119767909,0
21ur-12774,UUUAUUGUCUUUUGUAUUUCA,0,0,0.312714796,0.119767909,0