21ur-8345,UUUAUAGUUUGUCUACUUUCU,0.269740413,21.55953971,25.26735551,4.790716358,0.136909669
21ur-6129,UAAUUUUGGAUUGAUUUGUGC,0,0.55280871,4.62817898,0.179651863,0
21ur-10371,UCUCGGCUUUUUUGAAUUUUG,0,0,0.375257755,0.119767909,0
21ur-11078,UGUACUAUGUAUUCAUUAUGU,0.269740413,0.55280871,7.129897348,0,0
21ur-14961,UCUGGAUCAGGAACUUCCAAU,0,0,0,0,0
21ur-14693,UGUUACCAAUUUGUGAUAAAA,0,0.55280871,0.375257755,0,0
21ur-11208,UAUAACUGAUGAUGGUAAGUU,0.269740413,0,1.501031021,0,0
21ur-10720,UCCUCGAAUAUUGGGCAGUCC,0,0,0.625429592,0.239535818,0
21ur-8856,UGUUCCAGAUUGAAUAUUGUA,0,0,0.250171837,0,0
21ur-14348,UUCGGAAGCGCUGAAAUAUAG,0,0,0,0,0
21ur-14367,UUCCGUACUCGGUUGGACGAU,0,0,0,0.239535818,0
21ur-9563,UUUCGGAGAAAUAAUCAUUAU,0,0.276404355,0,0,0
21ur-11546,UGUCUUAUGGGAGAACUUACC,0,0,0,0,0
21ur-5850,UGAUUAUUUCUCCGAAAUUCU,0,6.633704526,2.001374694,0.239535818,0.136909669
21ur-14346,UUCGGAGAAAUAAUCAUUAUU,0,0,0,0,0
21ur-15544,UAAAAAUGAAGUAUGACACAA,0,0,0,0,0
21ur-15418,UAAUUCUGAACUUCUCAGGGU,0,0,0,0,0
21ur-14888,UGACAACAUGGACUUGACACU,0,0,0,0,0
21ur-15073,UCAUUCAUUGAUUCGUUGGCG,0,0,0.250171837,0,0
21ur-12174,UGUUCGGCAAUGAACUCGAUC,0,0,0.125085918,0,0
21ur-12330,UCGAAAGUUGUCUUACCUGAG,0,0,0,0,0
21ur-15152,UCAAAAACAGACUUGCUGAAU,0,0,0.375257755,0,0
21ur-15511,UAAAUGUAACAGAUCAGGAUU,0,0,0.500343674,0,0
21ur-15145,UCAAACACCCAAAGAAGGAAC,0,0,0.250171837,0,0
21ur-3987,UCAGACGACGAUCCGGUUAUU,4.315846602,17.13707003,73.55052001,1.437214907,0.136909669
21ur-4117,UGCUUCGUUUGGUGUCAAUCG,1.888182888,16.58426131,34.27354164,2.155822361,0
21ur-1894,UAAUAAAGUACUAUUGCCGUU,0.269740413,3.316852263,8.255670614,0.598839545,0.136909669
21ur-1674,UAAGGAAGUUAUAUGUAUAUC,0.539480825,15.75504825,3.502405715,0.119767909,0
21ur-4427,UGAUUUCCUUUCAUUUUGAUA,0.809221238,15.66291346,13.69690806,3.772689132,0
21ur-500,UUCUGAAUCGUAUGUUAUUCC,0,0,1.375945102,1.257563044,0
21ur-4091,UCAAUCGAAGCAAUCGAACUC,0.809221238,9.397748078,59.29072532,7.186074537,0.342274174
21ur-5002,UGGUAAUGUGUUGUACCAAAU,0.269740413,0.55280871,1.626116939,0.239535818,0
21ur-3314,UGGUUUUGCUAUAUUACUACA,0,6.633704526,1.501031021,0.119767909,0
21ur-645,UGCUGCUCGAUCUGCCUCAUG,0,0,4.878350817,0.239535818,0
21ur-4851,UGAAAUUUUCACAUGCUGUUU,1.888182888,208.1324795,224.0914228,7.425610355,0.068454835
21ur-2589,UGGUUUUAUAGUAGUAGGCUC,1.888182888,18.24268745,21.63986388,7.066306628,0.547638678
21ur-4101,UUGUUGUGUUGUGACUACAAU,0,0,0.375257755,0.119767909,0
21ur-85,UCAACGGGUUUUCGAUAGGUU,10.51987609,36.48537489,133.341589,32.21756751,1.916735373
21ur-2099,UACUUCAGCAACGUUCUCGCG,1.888182888,1.105617421,4.378007144,2.155822361,0
21ur-763,UACUUUUUCCGAUAUGUUUCC,0.269740413,5.528087105,14.2597947,1.437214907,0
21ur-873,UAUGGCUGAUUUUGUAGUAAC,1.07896165,2.764043552,1.751202857,0.479071636,0
21ur-1807,UACUCCUGAUUUCAAAAAAGA,4.855327427,36.48537489,114.953959,30.54081678,0.684548347
21ur-3252,UGUGUUGUGACUACAAUGUUC,0,0,0,0,0
21ur-2045,UUCCAUAACAUUCUUCUUUCC,0,0.55280871,6.129210001,0.239535818,0
21ur-1858,UGUUGUGUUGUAUCGAGUUGU,1.348702063,3.316852263,6.754639593,2.036054452,0.136909669
21ur-3908,UGAUUCCAUAACAUGUGUUUU,1.888182888,72.97074979,16.76151306,1.077911181,0
21ur-5388,UAAACUGAUAGUUGGUAAAAA,4.315846602,69.10108881,39.0893495,12.03667485,0
21ur-4070,UACAAUGCACGCUUCUGCGAA,0.809221238,3.869660973,7.129897348,0.598839545,0
21ur-2851,UGUUAAGUUGUGAUAAAUAGU,0.269740413,13.26740905,21.38969204,2.27559027,0
21ur-4313,UACUGGCAAAUAAUACUGGUG,0,1.105617421,0.375257755,0,0