21ur-7216,UUCCAGAAGAAGAAGUACUAA,0.539480825,1.658426131,2.126460613,0.179651863,0.136909669
21ur-8220,UGGCAGUAUUUGAAAUACUUU,0,0,0.125085918,0,0
21ur-7114,UUCUUCUGCCUCCAACACACC,0,110.5617421,64.66941981,1.796518634,0.136909669
21ur-8766,UCUCGUAGGAAAAAGCGGUUU,0,0,0.125085918,0,0
21ur-14386,UUCCAAAAUGCUGGUGCUUCA,0,1.105617421,0.625429592,0.119767909,0.068454835
21ur-9639,UGAUUUGCGCAAAUACUCGCA,0,0.55280871,0.250171837,1.19767909,0
21ur-8922,UAAGGACAUUGAAUAAAAAUA,0.539480825,1.105617421,2.126460613,0,0
21ur-9999,UUUGUGUAAGAAGUAUUGCUA,0.539480825,2.764043552,2.876976123,1.676750725,0
21ur-10155,UAUCAUCAUAUAUGGCUGAAU,0,0.55280871,1.501031021,0,0
21ur-6602,UCUAAUUAUUUUCUGAAAAAA,0.539480825,41.46065329,27.76907388,3.593037269,0.136909669
21ur-5484,UCAAUAAGGACAUUGAAUAAA,1.888182888,61.36176687,98.31753185,5.868627539,0
21ur-8837,UUCCUUUUUGUAAACUUCAAG,0.809221238,8.568535013,10.00687347,1.556982816,0
21ur-14200,UUGGAUGAAUUUUUUGAUUUU,0,0.55280871,0,0.029941977,0
21ur-6774,UGCAUUAUCUAUUCUAGAAGC,0.269740413,15.47864389,37.90103327,3.952340996,0
21ur-14540,UUAGGAUAUUUGGGUAGGAUA,0,0.55280871,0.375257755,0.239535818,0.068454835
21ur-15028,UCGACUACUAUCCUAUUUUCA,0,1.105617421,1.125773266,0.359303727,0
21ur-9458,UGAAAGAUUGAAAACCCAUUU,0,0,1.000687347,0,0
21ur-8200,UUGAAAAUUCGAUUUUAGAAA,0,1.658426131,1.250859184,0,0
21ur-13163,UGUACAUUUCUGUGCAACUUU,0,1.105617421,0,0,0
21ur-6185,UAUGCGAGUUUUCUCAUAGUA,0,0.276404355,0.250171837,0,0
21ur-12770,UUUAUUUUUAAUUUGACAAAA,0,8.844939368,1.626116939,0.119767909,0
21ur-11543,UGUGAUUUUGGGUUGAAAAAU,0,1.658426131,0.125085918,0,0
21ur-15513,UAAAUGGAUAAGAUUUUUGAA,0,0,0,0,0
21ur-11063,UGUGUGCACUUCUCAAAAGAA,0,3.316852263,0.500343674,0.239535818,0
21ur-14910,UGAACUAGUGAUUUUCAAUAC,0,0,0,0,0
21ur-13885,UUUUAUUUCGACAUGAUUCUC,0,0,0.625429592,0.119767909,0
21ur-15060,UCCAUUGAUGAAGGCGACGUC,0,0,0,0,0
21ur-11828,UUUUUCAACUUGUUGCCAAGU,0,0.829213066,0.75051551,0.119767909,0
21ur-14021,UUUCCCUUUAAAAAUUCAUCG,0.269740413,0.55280871,2.626804286,0.359303727,0
21ur-9548,UUUUCGAAAUGGUCAAAUUUA,2.157923301,27.64043552,23.26598082,3.593037269,0
21ur-8986,UUAGUUCGCCCAUCUCCUAGG,0,0,0.500343674,0,0
21ur-6658,UCAGACAUGUGUUAUCGUAUG,0,3.869660973,9.006186124,1.19767909,1.506006364
21ur-5992,UGGAGACGACAUUGAGAGUUG,0,0,1.125773266,0,0
21ur-9220,UUUUUCAGAACUGGUUGUUAA,1.618442476,15.47864389,4.252921225,2.27559027,0.410729008
21ur-13112,UUAAAAAUCGAAAUAUGGGAA,0.269740413,6.080895815,12.96724021,0.638762181,0.068454835
21ur-8481,UAUAAGAUAAUAAGAUUUAAU,2.967144539,53.06963621,64.54433389,8.623289445,0.273819339
21ur-7508,UGAACCAGGUAAAUUUCCAGU,0,1.658426131,4.503093062,0.239535818,0
21ur-7186,UUCGCCCAUCUCCUAGGAAGU,0,1.105617421,28.14433164,0.239535818,0
21ur-7639,UUCACACCAUAUACUCAUAUU,0.269740413,0.55280871,3.87766347,0.119767909,0
21ur-6692,UGCUCGACUACUAUCCUAUUU,0.269740413,20.45392229,13.13402143,0.958143272,0
21ur-15064,UCCAGAAGAAGAAGUACUAAC,0,0,0,0.059883954,0
21ur-7967,UCAUUUGGAAUUCUUCCGCCU,0,3.316852263,7.75532694,0.119767909,0
21ur-7995,UUGGGAAAUUUUGUGACUUUU,0.539480825,6.080895815,2.939519082,0.958143272,0
21ur-11955,UUUACCAAAUCGGUAUCGGAG,0,0,0.375257755,0,0
21ur-13665,UAAACAAUAUAUGGUAACUGU,0,0,0.500343674,0,0
21ur-12725,UUUGAAGUCCGAAGAUACAUU,0,0,0,0,0
21ur-7239,UAUCAAACCCGAUACAACCAA,0,0,6.004124083,0,0
21ur-8348,UUGUGGACCGAUUUUUUAAAG,1.888182888,30.95728779,21.01443429,1.19767909,0
21ur-10524,UUUGUGAAUGACUUCUUUUCG,0,1.105617421,1.501031021,0.479071636,0
21ur-11510,UUAAUAAAUGGAUAAGAUUUU,0,3.316852263,0.875601429,0,0.136909669