21ur-5293,UAGUUGAAGCACAACUUUUCA,0.269740413,3.316852263,2.501718368,0.359303727,0
21ur-5419,UGCUUUUGUGCCAUGAAUAAA,23.82706978,813.9186914,160.4018427,29.94197724,0.547638678
21ur-4255,UCUCUAUGGAUUUUUUGCUUG,0.539480825,3.316852263,12.13333408,2.754661906,0
21ur-1658,UCCGUUGAACAUUUGUCAAAG,0.404610619,4.146065329,7.630241022,2.016093134,0.091273113
21ur-1017,UGAAAUCUUCAUGGUCGACGA,7.552731553,146.4943083,37.21306072,19.16286543,0.753003182
21ur-4535,UAGUAUUACUUCAUGAUUUUC,1.348702063,33.72133134,55.10034705,16.7076233,0.136909669
21ur-1656,UCUGAACAUUACAUUAUUUUC,0.539480825,29.85167037,41.65361082,1.796518634,0.136909669
21ur-5007,UUAGUUAGCUUUGCUCUUGCU,1.07896165,12.71460034,9.31890092,7.365726401,0.136909669
21ur-860,UGCAUAGCCUGAAUCUGCCUG,0.269740413,2.764043552,12.75876368,0.119767909,0
21ur-2521,UACCGUUUCAAUAUCUUCUUA,1.618442476,4.422469684,22.89072307,4.191876813,0
21ur-3502,UAUUGUUAUUUGAUUGGCAUG,4.315846602,89.5550111,102.5704531,21.55822361,0.353683313
21ur-332,UGCUCAAUUGAAAAAAACAGG,21.93888689,778.4467992,997.3100273,29.62259615,0.5248204
21ur-300,UGCAAGUGUAAAAUUCACUGC,0.269740413,2.211234842,0,0.119767909,0
21ur-957,UAACAUCUUGAAGCAGGUCCU,2.427663714,61.91457558,56.66392103,5.509323812,0.136909669
21ur-3165,UCCGUGAUCUAUAUCUUCUUC,0,0,0.500343674,0.119767909,0
21ur-4611,UCUAUGUUGAGGACGUCAUUG,0.539480825,17.13707003,32.02199511,2.515126088,0
21ur-3589,UCAUCAUUGCAGGAAAUCGGU,1.348702063,9.397748078,12.25842,4.910484267,0.410729008
21ur-5140,UAAUUUUAAGAAUGAAUGGCA,57.7244483,1092.350012,744.5113863,107.4318143,0.821458017
21ur-1051,UUUAUUGUGAAGACUGUGACG,1.348702063,18.79549616,23.51615266,3.712805178,0
21ur-5376,UAAUACUGCGAUUUGAGUUGC,1.07896165,8.292130657,31.52165143,0.479071636,0.136909669
21ur-2027,UAUUCAUUGGUUCUAUUUUUC,0.539480825,9.950556789,17.26185674,0.479071636,0
21ur-4224,UUAGCUUUGCUCUUGCUAUUC,1.348702063,3.869660973,1.250859184,0,0
21ur-4312,UGUGUAGGCCAACCUCAUCUC,1.888182888,11.05617421,20.13883286,1.19767909,0
21ur-536,UCUUCCUCUACGUUUGUAAAG,13.21728022,88.44939368,227.1560278,19.76170498,0.410729008
21ur-3402,UUAGUAAGCGGUCUAAGAAAG,7.282991141,101.163994,110.9512096,10.53957599,0.410729008
21ur-6522,UUUAGUUAGCUUUGCUCUUGC,1.888182888,7.186513236,3.439862756,4.371528677,0
21ur-12931,UUCUUCUGAGCGGGUUAGAUC,0,0.276404355,0,0,0
21ur-11316,UUUUCACAUAUUCCGUGGAUC,0,0,0,0.239535818,0
21ur-14883,UGACUUCCUUUAAACUUCUUA,0,0,0,0,0
21ur-6600,UCUUGACAUUCCAUAAUCCUU,0,0,4.127835307,0.239535818,0
21ur-5714,UUAUGAUUUGGAAUUUUUGGC,6.473769903,106.6920811,75.42680879,24.91172506,0.273819339
21ur-7897,UUAGAUAGUUUUUGUGAAUUU,2.967144539,33.72133134,31.02130776,7.665146173,0.136909669
21ur-10435,UAUGGUAGAAAUAUUCCGACU,0,3.869660973,0.375257755,0.239535818,0
21ur-7608,UACUGAAUGGAAGAACUGGAA,1.07896165,12.71460034,17.26185674,2.395358179,0
21ur-5521,UGGUCCGUUGUAUUAUUCAGA,51.79015922,1352.722915,94.06461063,95.27537157,1.026822521
21ur-14226,UUGCAAGUGUAAAAUUCACUG,0,0,0,0,0
21ur-14141,UUGUUAUUUGAUUGGCAUGUA,0,1.566291346,0.667124898,0,0.079863974
21ur-13673,UAAAAAUCGACAUGUAUUUCA,0,0,2.376632449,0,0
21ur-13081,UUACAGUUUCACAACUAUACA,0,0,0,0,0
21ur-15415,UAAUUUACACCGCAUUAUUAG,0,0,14.63505245,0.119767909,0
21ur-11168,UCAAUUAGUAAGCGGUCUAAG,0,1.658426131,0.125085918,0,0
21ur-13612,UAAUCUCCUAUCUUUCCUUUG,0,2.764043552,8.005498777,2.874429815,0.547638678
21ur-12032,UUCUUCUGAUUGUUUUGCUAA,0,0,0.625429592,0,0
21ur-7770,UAUUACUUCAUGAUUUUCAUU,1.07896165,19.34830487,14.44742357,3.772689132,0.273819339
21ur-7430,UCUACACAAAUAUUCCAAAUU,0,1.105617421,0.875601429,0,0
21ur-13036,UUAUGCUUUUUCAAAUUUUUA,0,0.55280871,4.127835307,0.239535818,0
21ur-6904,UCAACGGACCAAUAAAAAUUU,0,7.739321947,2.689347245,0.359303727,0
21ur-8556,UGAAUGGAAGAACUGGAAAUC,0.269740413,6.633704526,17.26185674,0,0
21ur-9483,UCACUCUAAAGGAAACUGAAC,0,0,2.751890205,0.119767909,0
21ur-7077,UUUGCAUCGUUUUGUCACUCU,0,0.55280871,3.752577552,0.359303727,0