21ur-3960,UCGAUGUCGUUCUUAUGUCGU,2.697404126,31.78650085,41.96632562,19.04309752,0
21ur-3525,UCUGCCGAUUCCCAAUGUGAA,11.59883774,322.8402869,125.0859184,3.233733542,0.273819339
21ur-4235,UUAUGACUUUUGUUUAAUUGU,6.20402949,116.6426379,29.77044858,2.395358179,0.136909669
21ur-3306,UUGGCAUCAUCUUUUUGUUGC,0.539480825,21.006731,4.62817898,1.018027226,0
21ur-4447,UAAAUUCAAAUUGCUUGAAGA,3.776365777,55.28087105,82.05636246,11.49771926,0
21ur-1912,UACCUCGCUGUUCGGAAAACA,0.809221238,12.16179163,30.14570633,2.155822361,0
21ur-1354,UAUUGUUUCCUUUUUGCGAUA,11.55388101,258.4380722,40.59038052,24.0733497,0.068454835
21ur-2206,UAUCUCACAUCUAUUAUCAUC,0.269740413,1.105617421,6.004124083,0.598839545,0
21ur-2129,UAGAAGUUCAUCGGGUGAUUU,4.315846602,93.70107643,71.86186012,6.707002901,0
21ur-649,UAGUUUAAAAGUAUAAACCAC,1.483572269,27.64043552,7.129897348,0.479071636,0
21ur-3903,UGUUUCCUUUUUGCGAUAAAU,7.103164199,54.72806234,11.32027561,6.048279402,0
21ur-76,UCUGUCUGAGAAACCCAUUGU,2.967144539,29.85167037,188.0041353,14.61168489,0.821458017
21ur-4085,UGCUUGAUUGUUAAAUUGGAU,4.855327427,340.2537613,108.5745772,72.33981701,1.232187025
21ur-2661,UGGAGAAUCCUAUAAGCAGUU,0,15.47864389,5.503780409,4.072108904,0.136909669
21ur-912,UGGCAAAUCGAUAAAUAUUGC,0.404610619,85.96175448,21.63986388,1.257563044,0.068454835
21ur-3884,UUACUCCUAGUGCAAUUUUUA,3.236884951,79.60445431,49.03368001,4.191876813,0.136909669
21ur-225,UGUAUGAUCAGUAUGGAAAAU,10.25013568,233.2852758,277.0653092,26.82801161,0.958367686
21ur-4143,UGAUAUUAAAAAAUUCAAUGA,4.855327427,138.2021776,197.8859229,6.108163357,0.136909669
21ur-5377,UAGAUGUUGCUUUGUACAUGC,3.64149557,58.0449146,45.90653205,10.41980808,0.136909669
21ur-3238,UAGAUUAAGUGUAGGCUAUGA,0,8.844939368,21.7649498,1.077911181,0
21ur-4845,UGAUUGUUUGGCCACAACAUU,3.776365777,557.2311802,49.03368001,8.503521536,0.273819339
21ur-4792,UUUUGGUGUCGAAAAGUUUCA,29.53657518,464.3593168,170.6171927,6.108163357,0
21ur-5384,UUUAUAACGAUUUUGGACGAU,1.348702063,49.19997523,39.02680654,5.269787994,0.547638678
21ur-1038,UUUCACAGGAGAUUUUGCUCA,0.269740413,3.593256618,1.688659898,0.359303727,0
21ur-4869,UUGGCGAUGCUCUCAGUUGAG,1.07896165,11.05617421,22.64055123,0.958143272,0
21ur-2278,UGGAAUGGCAUGGUUUCCAGA,0.269740413,3.869660973,0.875601429,0.239535818,0
21ur-2955,UCAUAUCGCUUUUACUGUAUU,1.348702063,3.316852263,9.381443879,3.712805178,0
21ur-4717,UAAGUAUUUUAGAUUUAUUUU,3.506625364,163.9999174,29.39519082,18.20472216,0
21ur-4539,UAACACUGAGUUUUUGAAUAA,9.710654854,114.9842118,86.05911185,6.108163357,0.547638678
21ur-3834,UUAACCACCAUUUUCCAAAAU,1.07896165,16.58426131,18.76288776,0.239535818,0.136909669
21ur-4814,UGGCAUCUCCGGAAAAAACGA,7.822471966,39.61795759,36.65017409,11.68735178,0.068454835
21ur-3052,UCAACUUCAGAUACGUAGUGA,7.282991141,42.013462,89.56151757,3.593037269,0.958367686
21ur-619,UGUCUCUUUCGCUCCCUUCAG,4.046106189,51.96401879,86.93471328,2.036054452,0
21ur-3749,UCCUACUAUGGCGUUUAUGAA,0.539480825,9.121343723,11.57044745,0.718607454,0
21ur-2802,UCACAUAUCGAAAUCUUUCAG,0.809221238,3.040447908,4.69072194,0.359303727,0
21ur-3673,UCGCGAUGACAUAAACAGUGC,0,0.55280871,1.501031021,0,0
21ur-2096,UGUGCUUCUUUCGAAUGAUAA,7.552731553,162.065087,58.51936215,3.533153314,0
21ur-2531,UUGGUUUACAACUUUUUUAUU,3.506625364,54.08311884,21.51477796,0.838375363,0
21ur-453,UAUGACAACAACGAUGACAAC,4.046106189,80.71007173,63.9189043,3.47326936,0.273819339
21ur-4826,UAGACAACACUUUGAGUUUCA,0.809221238,0.55280871,5.879038164,1.317446999,0
21ur-1673,UUCACAGGAGAUUUUGCUCAC,0,0.829213066,4.440550103,0.239535818,0
21ur-215,UAAAGUAUUUGGGAACUUGGC,0.269740413,2.764043552,9.006186124,1.077911181,0
21ur-3260,UAUUUCAUGUCUUCGGUUUCA,13.48702063,64.58648434,194.2375836,8.862825263,0.136909669
21ur-1910,UAGUUCUCACUCACUCUUUGG,2.157923301,8.844939368,50.28453919,5.629091721,0.136909669
21ur-607,UGAAAGAACGGAAGGAUUUGU,3.776365777,23.77077455,31.52165143,8.503521536,0.547638678
21ur-1450,UAACAAAGCAUUUCGUGAAUC,1.618442476,11.05617421,8.130584695,0.838375363,0
21ur-988,UAGUUACAUCCUUUUUGUGGC,0.269740413,1.105617421,1.250859184,0.838375363,0.136909669
21ur-2415,UAGGUCUAUCCUUUUCAAAUU,1.07896165,20.45392229,31.14639368,4.191876813,0
21ur-4825,UAUUGAUGAAAAGUGAAUAUU,0.269740413,21.006731,2.126460613,0.479071636,0
21ur-503,UAAACAGGACUUAAUCUACAU,7.957342172,143.177456,292.1381624,19.64193707,0.547638678