21ur-11033,UUAAUUUGGUUGGUGUAUGAA,0.809221238,1.105617421,3.564948674,0.479071636,0
21ur-7072,UAUCUAAGGAACUUGAAACUU,0.539480825,2.764043552,1.751202857,0.359303727,0
21ur-10689,UGAAUUUUCAAAUCUGGGAAU,0.269740413,0,1.125773266,0,0
21ur-11203,UAUACUUCUCCAUUCUGAUCA,0,2.211234842,0.625429592,0.239535818,0
21ur-15206,UAUUAUUUAAUCGAUAUCCAU,0,0,0,0,0
21ur-6644,UUUUCGCAAAACAAGCAGUAA,0.809221238,3.869660973,1.375945102,0.958143272,0
21ur-6386,UAGCAGCCUCUUAACUACAAA,1.07896165,30.40447908,6.379381838,0.598839545,0
21ur-9416,UUCUUUCUGCAUUUAACCAUU,0,2.211234842,3.377319797,0.359303727,0
21ur-9775,UUGUGAUAACUACGUUUCAAA,0,0.55280871,0.250171837,0,0.068454835
21ur-7556,UGAUCUCACAAAAAAGAUUUU,0,8.844939368,2.876976123,0.239535818,0
21ur-13139,UGUUACAGGAUCAGUGAAAGG,0,0.55280871,0.250171837,0.239535818,0
21ur-10434,UAUGUCUCUAUCAUUAAAAUG,0.269740413,6.633704526,3.252233878,0.359303727,0
21ur-6569,UAGAGACUGUCAUCAGGUUCU,0.269740413,2.211234842,3.627491633,0,0
21ur-10604,UUCAAUAACAUUUAAAUGAGA,0.404610619,6.910108881,9.881787553,0.898259317,0.136909669
21ur-12954,UUCUAGGCGGAUCAAAUCAUU,0,0.276404355,0,0,0
21ur-5881,UUCAAACCAAAUUGAUACUUC,0,2.211234842,2.189003572,0.958143272,0
21ur-7733,UUUUUUAUGGGUGGUCAUUGG,4.315846602,121.341512,109.2000068,7.245958492,0
21ur-11731,UAGAAAAUUCAAGAAUGUUAU,0,9.397748078,15.13539613,1.676750725,0
21ur-9981,UUUUUCUGAGCAUCAAUCAUC,0,0,0.81305847,0,0
21ur-8685,UAUUUAUUUGGGGAAGACAAA,1.618442476,23.21796584,13.13402143,1.437214907,0
21ur-9310,UCUCUCACAAUAAUGAUUUUU,0.539480825,8.844939368,5.753952246,5.688975675,0.136909669
21ur-14504,UUAUCACUCCAAUUACUAAAA,0,0,0,0,0
21ur-12459,UAGGACUUUUGUAGACGUUUC,0,0,0.375257755,0.119767909,0
21ur-14067,UUUAUUGUAAUAUUUGUAGAA,0,3.869660973,1.375945102,0.119767909,0
21ur-6949,UUCAUGUGCAAAAAAAGAAUU,1.07896165,105.5864637,45.53127429,3.593037269,0
21ur-11872,UUUUAGUUUUUUUUCGAAUUA,0,0.55280871,0.125085918,0.179651863,0
21ur-13162,UGUACUACGAUGCAGUAAAUA,0,1.105617421,0.375257755,0.059883954,0
21ur-9725,UAAAACUGUCGAAAAUUUGUU,0,0.55280871,2.751890205,0.239535818,0
21ur-7548,UGUGUUAUUAAAUUGAAUCCC,1.07896165,8.292130657,15.38556796,2.395358179,0
21ur-7061,UUAUGAUUGCUUAGUGGAAGA,0.944091444,10.5033655,11.75807633,1.317446999,0
21ur-8007,UUCAGAAAUUUUUUCGUAUGA,0,14.92583518,10.69484602,0.718607454,0.136909669
21ur-9186,UACUCCGUUGAUAAAAGUAAU,0.539480825,4.422469684,8.005498777,1.916286543,0
21ur-13471,UAUUGAAACCUUGAGAACUAU,0,0,1.375945102,0,0
21ur-13833,UUUUGCAAUUCAAAACUGUUU,0.134870206,3.040447908,0.250171837,0,0
21ur-14018,UUUCCUGCCAUACCUUUACAA,1.07896165,34.27414005,16.32371235,1.19767909,0.136909669
21ur-11247,UAAUGAUCCACCUGUUCUCUC,0.269740413,0,0.250171837,0,0.136909669
21ur-15399,UACAAUUCAAGAAAAAAGUAU,0.539480825,5.528087105,11.00756082,0.838375363,0
21ur-5954,UCGGAAAUUUGAAAAAAUCAG,0.134870206,14.48358822,14.00962286,1.497098862,0
21ur-8636,UUCAUUUGUACUUGGGUUUUU,0.809221238,7.739321947,8.005498777,1.556982816,0
21ur-15427,UAAUGUAGAUUUUUGUUUGGA,0.269740413,0,0.250171837,0.359303727,0.136909669
21ur-7867,UAAAAUACUAGCUGGAGGAAU,0.269740413,3.316852263,11.63299041,0.958143272,0
21ur-14430,UUCAAUUGGUCUGUGGUCUGU,0,0,0,0,0
21ur-10316,UUAAGACACUAUGCAUACCUC,0,0,0.375257755,0,0
21ur-10066,UUCAAAACUUUAUGAAAAUGG,0,7.186513236,13.6343651,0.718607454,0
21ur-10714,UCGAUGACAAUAGAAAUAAUU,0,1.658426131,0.312714796,0,0
21ur-13098,UUAAUCCUCUUGCAAUUUUAA,0,7.186513236,7.129897348,0.179651863,0
21ur-13465,UAUUGUCUUCAUUUUACAAAG,0,0,0.75051551,0.119767909,0.136909669
21ur-10034,UUGUGUAAGUUCGAUGGUUUG,0,1.105617421,3.940206429,0.838375363,0.205364504
21ur-6988,UUGCUUAAGAUGCCGUUUUUU,1.07896165,15.75504825,27.08110133,1.916286543,0
21ur-9347,UACCACCUAAUAGAAAAUCCA,1.07896165,3.316852263,13.25910735,1.676750725,0