21ur-14307,UUCUUCGAGGCAAAGCAAGAU,0,0.276404355,0.125085918,0.119767909,0
21ur-9341,UAGGAAAAACACCCAACAUUG,0,0,0.75051551,0.239535818,0
21ur-14656,UGUUUGAUUUCAAAAUCGGGA,0,0,0,0,0
21ur-11248,UAAUGAGCGUUAAAUAUGUAU,0.269740413,1.658426131,3.690034593,1.018027226,0
21ur-13655,UAAAUCACAGAAUGAAACAGU,0,0,0.625429592,0,0
21ur-11837,UUUUGUAAUUAAAUAAGAAAG,0,13.26740905,7.630241022,0,0
21ur-7401,UUUUUUUUUCGGUGUUUCCAU,14.02650146,352.8762269,128.4632382,17.54599866,0.753003182
21ur-12942,UUCUCUGAGCUUUUUUCCAAU,0,0.55280871,0.938144388,1.377330953,1.232187025
21ur-8037,UAUAAAAGUUAGAUUGUCCGU,0,1.105617421,6.25429592,0.479071636,0
21ur-6275,UUGGUGCCUGCUAUUAGAAUC,0.539480825,14.92583518,1.125773266,0.119767909,0
21ur-8350,UUGAGUAGUAUUUUUCAAAAC,0.809221238,6.080895815,0.875601429,0.359303727,0
21ur-13431,UCAAUUAAUUAACCAAUUAAU,0,0,0,0,0
21ur-11518,UUAAAGACUUUGGAAAAGCGA,0,0,0,0,0
21ur-13513,UAUGAUGUUGUUCAUUUGCAC,0.269740413,0,0.125085918,0.059883954,0
21ur-12190,UGUGUACUCAUGGGAAUGGAU,0.269740413,0.55280871,0.062542959,0,0.068454835
21ur-12802,UUUAAUCUCUACUAUCAUAUA,0.539480825,30.40447908,12.63367776,0.838375363,0.136909669
21ur-15325,UAGUAAGCUCUCGGAAUUUUC,0,0,0.625429592,0,0.136909669
21ur-13108,UUAACAUAUGCAAAUAAGUAC,0,0,0.500343674,0,0
21ur-7632,UUCUGCUUUCCUUAGUUUGUU,2.157923301,1.658426131,2.876976123,1.437214907,0
21ur-6525,UUGAUUUCAAAAUCGGGAUUU,0.539480825,1.105617421,5.753952246,1.19767909,0.068454835
21ur-8530,UUCAGUAGACUUCUUGCCACA,0,0.55280871,1.751202857,0.239535818,0
21ur-10568,UUGUAAUUGAAAAAUGAAUUC,0.269740413,6.080895815,1.501031021,0.239535818,0
21ur-5723,UCUCAAGAUAACUUAUGAAUU,0.269740413,4.146065329,4.753264899,0.479071636,0
21ur-9247,UUUCCACAUUCGCAUUCGAAA,0.944091444,3.593256618,11.57044745,1.437214907,0.273819339
21ur-15517,UAAAUAAUUGAAUAAGUUUUG,0,1.658426131,1.501031021,0.119767909,0
21ur-6412,UCUAUGCUUUGUACCCAAUAA,1.348702063,7.739321947,10.63230306,0.359303727,0.136909669
21ur-9716,UAAGAAUUUGCAUUUUAACUG,0,2.211234842,0.625429592,0.119767909,0
21ur-12028,UUGAAACGGUCGAUUUUUCAA,0,0.55280871,1.375945102,0.479071636,0
21ur-10005,UUUGAUGAUACUGAUCCUAAG,0,5.528087105,2.501718368,0.119767909,0
21ur-14529,UUAGUGCGUAGCAAUGAAAUU,0,0,0.375257755,0.119767909,0
21ur-5567,UUCUAUAUCGAAUGACGUAUU,2.427663714,95.35950256,98.56770369,6.467467084,0.136909669
21ur-5753,CGAAACAUUAUGAUCACUGAU,0.809221238,18.79549616,7.254983267,0.898259317,0.753003182
21ur-8943,UUUCAGGAACGUUACUCAUUA,1.57348574,3.869660973,3.794272858,0.598839545,0.12550053
21ur-14113,UUUAAGAAUACCUAAUGUGAG,0,0.55280871,2.001374694,0.598839545,0
21ur-5919,UUCAAGCAGAAAAAAAUAUCU,0,21.006731,3.002062041,3.832573087,0
21ur-11551,UGUAUAAAGAAACACUAAUUC,1.07896165,0,0.875601429,0.359303727,0
21ur-12171,UGUUGAAGAUGGCAAAAACUU,0.269740413,2.487639197,1.438488061,0.119767909,0.136909669
21ur-13603,UAAUUGUUGAAACGGUAUGAA,0,1.658426131,0.062542959,0.119767909,0.068454835
21ur-6436,UCUGCUGACCUUUUUAUUAUG,0,22.11234842,4.503093062,0,0
21ur-6073,UUCCAACUACAAUUUUUCGAA,8.901433616,143.177456,64.79450573,22.7559027,0.136909669
21ur-9259,UUGAGUCUCACAGUUUUUAGC,0.269740413,7.186513236,1.063230306,0.658723499,0
21ur-14646,UGUUUUUUAACCAUAUUUUAC,1.888182888,2.764043552,1.250859184,0.838375363,0
21ur-14147,UUGUGUUCGUAACUGAAUUGA,0.404610619,3.040447908,2.439175409,0.958143272,0
21ur-11654,UCAUCUGUGAUCCCCUCAAUA,0.134870206,1.658426131,0.062542959,0,0
21ur-15572,GUAUAUGUCAUAAAAACGAAC,0,0,0,0,0
21ur-9829,UGUUUAAUUGACUUUAAAUUU,0,0,0,0,0
21ur-8611,UUUGAUAUAUAUUUCUUCUGG,1.348702063,40.90784458,97.12921563,16.94715912,0.273819339
21ur-10887,UUUCUUCUUUGAUUCGUUUUU,1.348702063,3.316852263,11.38281857,3.233733542,0.136909669
21ur-12000,UUGAUUGUACUGCUUUACAGA,0.269740413,0.55280871,0.875601429,0.239535818,0
21ur-8003,UUCGCUUCCUUUUCAUGAAAU,0,6.080895815,8.005498777,0.838375363,0