21ur-5418,UCUAUUAAUAACUAUUUGUGC,0,7.739321947,6.629553675,0.718607454,0
21ur-790,UAGUCUAUUUCUGGUUAAUGC,0,1.382021776,0.500343674,0,0
21ur-2894,UCACGUUGAAACUAAAAUGUC,1.888182888,16.58426131,30.27079225,5.509323812,0
21ur-1610,UCCAUGGUUAAUAACGCAAAU,5.664548665,321.4582652,196.8852355,8.503521536,0
21ur-4295,UCCACCUUUGUCCAUGAGUAU,0,7.186513236,28.26941756,0.598839545,0
21ur-4072,UGUAAAUCGAACAAAGCCUAA,1.07896165,14.37302647,25.64261327,0.359303727,0
21ur-3752,UGCUUCACCAGUCACGAAUCU,0.539480825,3.869660973,24.14158225,0.958143272,0
21ur-2824,UCUCAAAAAAUAGAAGCAUUA,0.809221238,2.764043552,3.252233878,0.119767909,0
21ur-280,UGGAUUAUGUGACUCUGUCAG,2.967144539,34.82694876,4.878350817,1.437214907,0.136909669
21ur-3697,UGUUACAGCAUAUGAAAACAA,0,6.633704526,0.625429592,0,0
21ur-1776,UGGUGAUAGGUUUUUUGAGUU,8.76656341,374.8043057,87.372514,8.383753627,0.410729008
21ur-4704,UCUUGCUUUUGCAGAUGUUGU,0.269740413,3.316852263,10.8824749,2.515126088,0
21ur-242,UGCUGCCUUGAAACACUUGAG,16.45416517,417.0941721,81.30584695,3.832573087,0.136909669
21ur-3801,UUUACGUAACUGAAUAAACUC,4.855327427,47.5415491,83.55739348,12.33609462,0.547638678
21ur-3877,UGAUCGCCUUCUACCAAAAUG,0.269740413,11.88538728,24.51684,0.419187681,0.068454835
21ur-1379,UAUAACACUCCCAUAGUUAAA,2.157923301,42.013462,59.91615491,0.958143272,0
21ur-1548,UGAGAACUAUUUUUCCGUUCC,1.07896165,55.83367976,11.88316225,0.598839545,0
21ur-568,UUCAUAGUGUACAAAUAUAUC,4.046106189,63.020193,68.0467396,3.832573087,0
21ur-1288,UAUUCUUCUUGUAUUCAUAAC,3.776365777,46.15952733,52.91134348,5.74885963,0
21ur-4565,UAUUGAUCGCCUUCUACCAAA,1.348702063,62.74378864,102.9457108,11.55760321,0.068454835
21ur-5092,UCGAUAUAACUGAACUUCAAA,0.269740413,4.975278394,4.252921225,0.359303727,0
21ur-2009,UAUGGUAAUCCAUCCUAUUUU,0.539480825,0,0.250171837,0,0
21ur-1366,UGUAUCGCUGUUUUUUUCAAA,21.03975218,182.4268745,142.597947,22.63613479,1.095277356
21ur-949,UCGGGAAAGUUUCCAUUUAUG,0,5.528087105,1.876288776,0.838375363,0.410729008
21ur-4757,UCGGGUUAAAUUUUUGCGAUA,0.539480825,12.71460034,18.26254408,5.389555903,0
21ur-3637,UGACUAUUACAUUCUCAAGAA,14.29624187,126.3167903,62.66804511,7.904681991,0.136909669
21ur-4412,UGUUCUGUUAUUCAGUUGUUC,1.618442476,18.24268745,28.14433164,5.030252176,0
21ur-15469,UAAUAAGUCUUUGAUGGUCAU,0,0.276404355,1.313402143,0.179651863,0
21ur-8122,UUUAAUAAGAGACAUAUACUG,0,1.658426131,1.626116939,0.119767909,0
21ur-10846,UUUUUCAGCCAGUUGUUGUAC,0.269740413,0.55280871,13.91580842,0.359303727,0
21ur-13281,UGAAGAUGUGUUGGGAGUGAA,0,0,0.500343674,0,0
21ur-6919,UUCCUAGUAAUAUUUUGUUCG,1.888182888,34.82694876,33.64811205,12.93493417,0.410729008
21ur-8505,UUUGCGGUUAUCGGUUUCAAA,0.269740413,0,1.751202857,0.239535818,0
21ur-5733,UUCAUCUCUGGGCCAAACUUU,5.799418871,647.339,424.60415,2.874429815,0
21ur-7700,UGAUCUCAACCAAUCCUAAUU,0,3.869660973,4.315464184,1.317446999,0
21ur-5554,UUCAAAAAACAUGUAGUGAUU,1.888182888,33.16852263,29.77044858,6.108163357,0
21ur-7936,UAAAAAAUUGGGGUAAAUUUU,0,41.18424893,69.92302838,3.353501451,0.136909669
21ur-14657,UGUUUCUUGCUUCUUGUGCCU,0,0,0.125085918,0,0
21ur-9239,UUUGAAGAAACAUAAGACAAA,0.269740413,2.764043552,2.189003572,0.359303727,0
21ur-6746,UUCAGCGUUAACAUGCCAAAU,0.809221238,6.080895815,14.76013837,0.598839545,0
21ur-8030,UAUUUGACCUAAAAUCAUAAA,1.618442476,35.37975747,10.8824749,2.515126088,0
21ur-7719,UAUCACUUCUUGGCUUUACAU,0,2.764043552,3.87766347,0.359303727,0
21ur-13898,UUUUACGAAAAGUUGUUAUUU,0,1.105617421,0.250171837,0,0
21ur-10007,UUUGAGAGUGAAACUCUUUUU,0,0,0.250171837,0.119767909,0
21ur-8049,UUUUGAAGUUCCUUAUGUAUC,1.618442476,24.32358326,9.756701634,2.634893997,0
21ur-11423,UUCUUGCUUCUUGUGCCUACU,0,0,0,0,0
21ur-10420,UAUUGAAACAGUUUUUGUCAU,0.809221238,3.316852263,2.626804286,0.479071636,0
21ur-9608,UUAUUGGUUUCAAUCUUCAGU,0,0,2.251546531,0.359303727,0
21ur-7667,UAUCUAUUCUCAGACAAACCG,0,0,5.753952246,1.556982816,0
21ur-8791,UACUAAGAUCUUGUGCAUGCA,0,4.975278394,2.751890205,0.119767909,0