21ur-7629,UUGAAUGUUUUUUUCCUGGUA,1.07896165,8.292130657,4.315464184,1.19767909,0
21ur-6011,UUUUAAAUGAAAAAUUGGAGA,71.25642567,89.5550111,123.8976022,89.04744031,0.547638678
21ur-5984,UUCACACCCAAUCUUUCAUCA,9.440914442,74.07636721,142.7230329,2.515126088,0.136909669
21ur-12949,UUCUCAAGAUAACUUAUGAAU,0,1.934830487,2.751890205,0,0
21ur-10919,UUGUUGCACUUGUCAUCAACA,0.269740413,0.829213066,0.250171837,0.718607454,0
21ur-10075,UUACAAAAUCGAUUGAAGUUC,0,7.186513236,6.629553675,0.299419772,0.410729008
21ur-9911,UAUUGUUCUCUAGAUGGGACC,0.269740413,2.026965272,1.542726327,0.718607454,0
21ur-8266,UUUGUUUAAAACGAAUACAAA,0.269740413,7.739321947,0.500343674,0,0
21ur-7115,UGUUGUAUUUUCGUUCAAUUU,5.12506784,29.29886166,20.01374694,14.61168489,0.821458017
21ur-9728,GGAGAAUGUAUGUAUUGUAAU,0,0,0.250171837,0,0
21ur-8778,UAUUGUGUUCGUAACUGAAUU,0,0,0,0,0
21ur-14895,UGAAUGUUGAAAUGUAUUUUU,0.269740413,1.382021776,1.626116939,0.359303727,0.068454835
21ur-6896,UGAUCACAUCUUUUAAUGUUU,0.269740413,1.658426131,2.376632449,0,0
21ur-13724,AGUAAAUAAACUGUAGACUGU,0,0,0.250171837,0.119767909,0
21ur-7279,UUUACGAACACAAUUAAAUUU,0.269740413,4.422469684,12.25842,0.119767909,0
21ur-10208,UUUUGAUUUCCCACUCAAGUC,0,0,0.250171837,0.239535818,0
21ur-6367,UAAGCUCUCGGAAUUUUCUUA,9.710654854,58.59772331,44.78075878,21.19891989,0.410729008
21ur-12288,UGAAUGUUUUUUUCCUGGUAU,0,0.55280871,0.437800714,0,0
21ur-6138,UGAUAAUUCCAUAUAAUAUUU,0.539480825,80.71007173,13.60309362,1.556982816,0.136909669
21ur-5821,UUUUCGCGAAUUGGUUUCUAA,7.417861347,64.40221477,29.08247603,7.48549431,0.479183843
21ur-12086,UUAUUGCUACGCGAAUGUUAU,0,0.691010888,0.062542959,0.119767909,0
21ur-10250,UUGUCAGGAAAUUUAGUGUAU,0.269740413,1.382021776,4.440550103,0,0
21ur-12131,UUAAUUGGUUGUUGGCGUGUU,1.07896165,13.82021776,9.006186124,0.718607454,0.205364504
21ur-7714,UCAUAGUUUAAGAGCAAUAAA,3.371755158,63.84940606,8.255670614,0.958143272,0
21ur-13725,AGGAUUCCAGGCGAUCUGAUU,0.134870206,0.276404355,0.062542959,0.119767909,0
21ur-8430,UUGUCGACUUCAAAUGACACA,0.134870206,1.105617421,3.752577552,3.173849587,0.205364504
21ur-6482,UAAGCAAAAUAAAUCAAAGUU,0,11.60898292,15.6357398,0.718607454,0
21ur-13323,UCUCGGAUUGAUUAUCAGAUU,0,1.658426131,1.501031021,1.676750725,0
21ur-10841,UUUUUUCUAAUUACCAAGUUU,1.888182888,27.08762681,42.52921225,8.263985718,0.684548347
21ur-15395,UACACGACAUACAGUUAUGUC,0,0,0.125085918,0,0
21ur-9370,UUUUUAAUGCUCUCGGAUUGA,0.539480825,0,15.38556796,2.27559027,0
21ur-5522,UUGGUGCCUACUACUGGAAUC,0,0,0.562886633,0,0
21ur-6009,UCUUGUUGGAUUUCUUCAAUU,0.809221238,3.869660973,12.50859184,5.269787994,0.136909669
21ur-7453,UUCUUAGUUAGUAGUAAUAAC,1.483572269,22.94156149,5.191065613,5.20990404,0.136909669
21ur-7601,UAUUGACCCGCAAUGAUUUCU,0.809221238,3.316852263,11.13264674,0.239535818,0
21ur-12516,UAAUAUGUUUUCAAGAAAAUC,1.888182888,16.58426131,23.01580898,2.994197724,0
21ur-8380,UCUGGAAAUUUUAGUGAAUAA,0.269740413,1.658426131,0.125085918,0.838375363,0.136909669
21ur-11745,UACAAUACUUUGAAACAGUAA,0,0,1.000687347,0,0
21ur-13526,UAUAAUUGUUGUCAAGUAUCU,1.348702063,31.5100965,32.89759654,4.670948449,0
21ur-7093,UGUUUAACCAAUGUUUACCAU,0.539480825,5.528087105,3.377319797,0.359303727,0
21ur-12813,UUGUUUCUGCCGCUCUUUCAC,0,8.844939368,6.629553675,0,0.273819339
21ur-8992,UUAAUUUAAUUUUUGAUUCUC,0.269740413,8.499433924,6.754639593,0.718607454,0
21ur-8903,UAUUCUUCUAAUAUAGUGAGC,0.269740413,2.211234842,2.876976123,0.239535818,0
21ur-13789,UUUUUCCUUUAUUUCUAUUUC,0,2.764043552,1.501031021,0.239535818,0
21ur-15682,AAUUGAUGCCUGCUAUUAGAA,0.674351032,9.397748078,0.062542959,0.239535818,0
21ur-5907,UUUGUCCUCAAUCACCGUGUU,0,11.88538728,23.95395337,1.556982816,0.068454835
21ur-12549,UAAAACGCAAAAAUUGUCCGA,0,0,0.250171837,0.119767909,0
21ur-11579,UGCCUACUACUGGAAUCCAUU,0,1.105617421,1.188316225,0,0
21ur-8765,UCUGGCUACAAUUUGAAGCUU,0.269740413,4.975278394,0.625429592,0.119767909,0
21ur-11570,UGCUGUCUCGUUAGAUACAUC,0,0,0,0.119767909,0