21ur-1987,UUCCUACGAAUUAUUUAUUAU,5.529678459,570.2221849,19.26323143,1.437214907,0
21ur-5424,UGAGGAAUACAAAACACGAUU,0.404610619,13.82021776,6.129210001,0.119767909,0
21ur-4494,UCCAGUGUGAACUGAUUGUGA,17.80286723,27.08762681,20.3890047,20.60008034,0
21ur-1252,UAUCGUUUUUAUGAGAAGCGA,9.980395267,78.49883689,44.28041511,12.57563044,0.273819339
21ur-797,UGUACCGAUUGUUUGCAGGGU,3.506625364,13.26740905,39.77732205,8.383753627,0.684548347
21ur-4785,UGUCACGAAUUCAUUAAAUGA,9.171174029,120.5122989,115.8295604,9.102361081,0.410729008
21ur-744,UAGAUUGUGCUUUUUUAUUCA,60.69159284,1323.976862,226.78077,42.63737559,0
21ur-5059,UAGGUCCGGUUGUGGAAUAUC,0.539480825,1.658426131,5.378694491,1.556982816,0
21ur-3657,UAAUUGCACUGUAUUAAUUUG,2.832274332,53.06963621,40.21512276,7.305842446,0.410729008
21ur-4054,UGCCAUUUUGUAUGCAUUUGU,1.618442476,7.739321947,12.13333408,0.958143272,0.136909669
21ur-444,UGGAUUCUUUAUACCAGACUG,1.888182888,1.105617421,0,0.958143272,0.136909669
21ur-2361,UGCUGUUAGCAUAGAUUAAUG,3.776365777,208.6852882,147.7890126,5.229865358,0.045636556
21ur-5448,UGGGUUGCCUUUUAAUUUACA,2.427663714,116.0898292,1.501031021,0.479071636,0
21ur-2752,UUAGAGGUGCACUGUGAGUUA,11.86857816,1061.669129,164.8632404,8.922709217,0
21ur-3169,UUAUACUAUUUUUCCGUUAAA,1.348702063,60.5325538,52.53608572,5.988395448,0
21ur-794,UGAAUCUGGACCCCAAAUUUC,0.809221238,11.60898292,9.131272042,0.598839545,0
21ur-2024,UAAAUUCGUGUCCUAUUCCUA,10.25013568,730.5367109,89.8116894,24.19311761,0.410729008
21ur-3897,UUUCAAUUGAAUGGAACUGUC,62.98438635,969.6264782,1177.558836,30.60070074,0.958367686
21ur-1164,UUCCAAAAAUUGUUUCAAAAA,11.86857816,364.7281106,205.1409062,11.73725508,0.410729008
21ur-5052,UGGUCACACACAACAAAGGCU,0,10.22696114,24.01649633,0.359303727,0
21ur-5234,UGUUAUCGAAAGAUCUAAAGG,1.348702063,9.950556789,25.51752735,2.375396861,0.045636556
21ur-2292,UUAACUGUCUGCUUUCAAUUC,4.315846602,36.48537489,71.4240594,7.545378264,0.547638678
21ur-1070,UAAUCUGUCAUCUGUUUCAAA,0.404610619,3.869660973,22.26529347,0.479071636,0.136909669
21ur-1099,UGAUGCAAACACCUCUUAUUC,2.157923301,159.7617173,4.753264899,0.958143272,0
21ur-3195,UGUAUAAUACCCUGAACUUCC,0,4.422469684,16.38625531,0.239535818,0
21ur-4834,UGACUCAUCGAAUUGCAUAAU,8.361952791,51.68761443,66.17045083,10.35992412,0.205364504
21ur-2252,UGAAAUGUGGAUUUUUUUACA,13.35215042,456.6199949,184.0639289,25.33091274,0.410729008
21ur-2086,UGAGAAAUCAAAAUGUGGAAA,74.71809429,1620.835139,270.0604978,19.64193707,0.273819339
21ur-452,UGAACAACUUUUACAACUUUG,0.809221238,12.16179163,6.129210001,1.676750725,0.273819339
21ur-1682,UCUUGAGUACUAUCUAUUUAA,6.473769903,260.9257114,38.27629103,3.47326936,0
21ur-4190,UUGGGAUCCAAUGUGAAAUGC,1.618442476,20.45392229,27.26873021,1.257563044,0
21ur-2787,UGUCAAAUAAACAGUCGAAAA,1.618442476,41.73705764,54.34983154,2.036054452,0
21ur-2902,UGCUUGAGGUGAAUUGUAGUC,6.473769903,325.0515218,92.12577889,3.353501451,0.205364504
21ur-1375,UAGAAUCGGAUUAUUUAUUAU,16.99364599,372.0402622,173.1189111,26.82801161,0.410729008
21ur-1043,UGUAUCUAUAUUAAACGAAAU,0.809221238,19.34830487,19.63848919,0.479071636,0
21ur-1046,UGCAUAGUCUAUCGAAAAUAA,7.013250728,67.99547139,92.43849369,5.030252176,0
21ur-4945,UGGCUUCUAAAUUUGAUGUCC,5.799418871,28.46964859,27.26873021,6.707002901,0.273819339
21ur-2774,UCAAUGAUCAAAGCUUGCAAC,12.67779939,115.5370205,227.9065433,14.55180094,0.479183843
21ur-2012,UAUGUUUUUCGAUUACAUUCC,0,7.186513236,0.875601429,0.239535818,0
21ur-1360,UUCUCUCAGCCUACGACCAAA,1.888182888,61.36176687,11.50790449,1.437214907,0
21ur-3432,UGAAUUUGCUGAAUUGAAAAA,1.07896165,14.92583518,16.94914194,1.077911181,0.136909669
21ur-4513,UGCAUCGUUUUUAUUGUAAAU,2.697404126,72.41794108,72.42474675,9.701200625,0
21ur-4546,UGGGUGACGUUUUGUUUUCUA,0.269740413,1.658426131,0.500343674,0.119767909,0
21ur-3515,UCCGUCUGAUGUUUUUUUAAU,1.618442476,76.28760205,95.56564165,3.593037269,0.136909669
21ur-5314,UAUCUCUUCGUAAUAAAACAA,2.697404126,23.21796584,38.7766347,7.545378264,0
21ur-1761,UGAUGAUGUGAAACACUCAAA,1.07896165,125.2111729,3.002062041,0.598839545,0
21ur-5383,UUCCAUAUUCACUAAAAAUGC,1.348702063,9.950556789,7.880412859,1.19767909,0
21ur-4421,UGAUACUUUUGCUACACUUUG,0,19.90111358,2.439175409,0.718607454,0
21ur-5184,UAGUUUCACUGGAAUAUUUUC,2.427663714,37.0381836,32.77251062,6.347699175,0
21ur-4874,UGCACUUGUAGUUUCGCCCUC,5.12506784,13.82021776,40.40275164,6.587234993,0.273819339