21ur-11887,UUUGUAAAAAAUUAUGUUUUU,0,9.397748078,1.375945102,0,0.136909669
21ur-14692,UGUUAGUAGAUCCAUUGAAUU,0,0,0,0,0
21ur-14601,UUAAUCUUUUUCUGAUAUUUG,0,0,0,0,0
21ur-9669,UCAGAAAACUGAAAGCUUCUC,0,0,0,0,0
21ur-15074,UCAUUAAAUUUGACGGUAAUA,0,1.105617421,0.250171837,0,0
21ur-12927,UUGAAAAAAAUCUGUUUACCA,0,0.55280871,4.878350817,0.479071636,0.136909669
21ur-5658,UUCUGCUAAUGCCAAUUGGAA,4.855327427,26.5348181,50.03436736,3.832573087,0
21ur-12593,UUUUUUUUCUGUUCCAGGUGG,0,1.105617421,0.500343674,0,0
21ur-7589,UGUGUUGUGAUUGAAAUCUAA,2.157923301,21.006731,21.26460613,1.556982816,0.136909669
21ur-12082,UUCAACUCUACGGUGCCUAAA,0,0,0,0,0
21ur-10268,UUCUUUGCUGGCAUGUGGGUU,0.269740413,2.487639197,1.938831735,0.479071636,0.205364504
21ur-6687,UUUGUAAAUCGAAAAAGUCAA,0.539480825,9.950556789,14.63505245,0.598839545,0
21ur-10690,UGAAUUAUUUCUACUGUUUCU,0.269740413,0,2.126460613,0.479071636,0
21ur-7141,UUUGACGUGACUUCGUUCUGA,0.269740413,6.633704526,4.753264899,0.479071636,0
21ur-15548,UAAAAAGUUCAAAAAUACUAC,0,0,0.250171837,0,0
21ur-7009,UUUAUUGCUCGAGAAUACAAC,0.809221238,0,8.234822961,1.377330953,0
21ur-14634,UUAAAGACAAUAGUUUGAUUC,0.134870206,6.910108881,2.564261327,0.419187681,0
21ur-7031,CAAAUUAAAAUUUCAGUUGAA,0.269740413,1.105617421,2.626804286,1.077911181,1.095277356
21ur-13609,UAAUGGUCCUUGGCUAUAGCC,0,6.080895815,0,0,0
21ur-15498,UAACAGACAGUAGUUUAAAUU,0,0,0,0,0
21ur-13353,UCGACUCUAUUUAAGGUGGAG,0,0,0.166781225,0.119767909,0
21ur-12325,UCGCUGGUUUUCUUCGCGUCU,0,0,0.250171837,0.239535818,0
21ur-12503,UAAUGUUGGUAAAGCUGUGGA,0,0,1.250859184,0.119767909,0
21ur-14708,UGUCUUCCGGAAAGUUAAUUC,0,0,0,0,0
21ur-10176,UAAUUUUUUGGGCUUUUUUUG,0,10.91797203,6.942268471,0.898259317,0
21ur-10752,UAUGAAGCUUCACAAAAGAUU,0.404610619,1.934830487,0.562886633,0,0.068454835
21ur-14980,UCUAUAAUUCCUCAAAAAUAC,0.269740413,2.211234842,1.751202857,0.239535818,0
21ur-8609,UUUGAUUUUUCACUGUUUCUG,0,1.105617421,2.376632449,0.479071636,0
21ur-13797,UUUUUCAAAUUUUUAUUGAAA,0,0,0,0,0
21ur-8537,UUACCCUUCGUUUUCUAAUUG,0.809221238,4.975278394,3.627491633,0.778491408,0
21ur-8255,UAAGCUAGAAAAUGGAUAAAU,0,0,2.751890205,0.119767909,0.136909669
21ur-7098,UGGUUCAUCAAAAAAUGUAAA,0.539480825,43.67188813,2.751890205,0.479071636,0
21ur-8635,UUCGGUUUGAUUCAGUCUCCG,0,0,0,0.239535818,0
21ur-10234,UUUCGAGUAAAUGAAAAAUUU,0,0,0.687972551,0.119767909,0
21ur-9991,UUUUAUUAAAACGUACGGAAA,0.269740413,6.633704526,3.815120511,0.598839545,0
21ur-11188,UAUUAUUCAAGUAGAUAAUUU,0.539480825,8.292130657,1.751202857,3.113965633,0
21ur-12188,UGUGUUCUUUGGAAGCUUUUU,0,0,0,0,0
21ur-14396,UUCAUAGCACAUUUGUGAUAU,0,0,0,0,0.068454835
21ur-6251,UUUGAAGACUGUUGAACAUAU,0,0.55280871,1.876288776,0.778491408,0.068454835
21ur-12501,UAAUUAAAUUUCUUUCUAGAC,0,0,3.002062041,0.479071636,0
21ur-7842,UUAAUGACCUUUUCCAAAAAA,0,4.698874039,1.938831735,0.359303727,0
21ur-6331,UUCUGAUAGUGAUCCGCUUUC,0.809221238,2.487639197,10.92417021,0.359303727,0
21ur-8562,UCUUCAUUGUUUUCGUUUGAA,0.134870206,2.487639197,1.688659898,0.658723499,0.136909669
21ur-11938,UUUAUUGAUUAGGUUUCAAAU,0.539480825,11.05617421,1.125773266,0.718607454,0
21ur-12470,UAGAAGCUCAUGCAGUCAGUA,0,0,1.125773266,0,0
21ur-11295,UUUUUUAUUAGAAAAGAGUGA,0.404610619,11.05617421,21.38969204,1.556982816,0.136909669
21ur-5838,UUCGAUUGGUUUUUUUGUGUA,8.631693204,194.0358574,147.8515555,30.7803526,0.136909669
21ur-7877,UUUGGUUGUCUUUUAGCUUUU,0.269740413,5.80449146,9.256357961,1.437214907,0
21ur-9162,UCCUUAUGCAAAAGUUUCCCC,0,0.55280871,2.126460613,0,0
21ur-14778,UGGAUAUUUCUUACGUUUCAA,0,1.105617421,0,0.119767909,0