21ur-2065,UUCAGGGAAUUGAUGCUGACU,0,0,1.876288776,0.239535818,0
21ur-5017,UAGUCGCAGUAGGAUAUUAAU,0.539480825,5.80449146,16.38625531,0.658723499,0.068454835
21ur-2853,UAAUUGACGCUGCGGGUGUAC,21.84897342,249.3167284,199.3869539,8.503521536,0.136909669
21ur-2134,UGAAUUGGCAUUAGAUGUUUA,2.427663714,4.146065329,11.13264674,1.437214907,0
21ur-3824,UAUAAGUUCUAGGUAUUAUUA,0,1.658426131,0.625429592,0.119767909,0
21ur-4245,UGGCGUUCUCAUCCACUGAAC,0.539480825,13.82021776,18.51271592,0.239535818,0
21ur-5077,UGGGCUGUUGGACAUGUAGAA,6.20402949,58.59772331,0.500343674,22.15706316,0.136909669
21ur-1679,UAAACAUAACUUCAGUUCUUU,0.809221238,7.739321947,11.63299041,0.958143272,0
21ur-1842,UGUUAGAAUUUAUCCAGAGUC,2.427663714,10.5033655,45.78144613,4.191876813,0.410729008
21ur-1487,UCAUUUACUAAGUUGCGAAUA,10.25013568,274.7459291,323.2220131,38.92457041,0.273819339
21ur-9842,UGUAUUUGAAUUAUUCGACGG,0,3.316852263,1.626116939,0.958143272,0
21ur-8833,UUCUUGAAUAAAAAAUCAAUU,0,1.658426131,0.500343674,0.119767909,0
21ur-12052,UUCGAUGGCUAUGUGGACUAU,0.404610619,7.555052377,25.4966797,0.479071636,0.547638678
21ur-7890,UUCUUUUCAACCAUUCAAGUU,0.269740413,2.764043552,2.001374694,0,0
21ur-14196,UUGGCAUUAGAUGUUUAGAUG,0,0.276404355,0.125085918,0.119767909,0
21ur-10229,UUUCUUUUCAACCAUUCAAGU,0,0,0.500343674,0,0
21ur-8919,UAAUUCGUCGAAAACUUUGGC,0,0,1.375945102,0.239535818,0.136909669
21ur-6920,UUCAACUCUGAUGUUUCCUUG,0.269740413,0.55280871,2.939519082,0.359303727,0
21ur-13591,UACACCAAAAUCUGAAUUUUU,0,17.13707003,25.01718368,0.958143272,0.273819339
21ur-11730,UAGAACAGAUACUUCCUAUAG,0,0,0.875601429,0.239535818,0
21ur-13462,UAUUUAACUCAAAUACUUCAA,0,3.316852263,2.376632449,0.119767909,0
21ur-10364,UCUUUUUGAGAAAUUAACAGA,0.134870206,1.934830487,1.313402143,0.239535818,0
21ur-8967,UUGACGCUGCGGGUGUACUUC,0.269740413,0.829213066,1.56357398,0,0.068454835
21ur-12791,UUUACUGAAAUUGAAUGUAUU,0,0.55280871,0.625429592,0.359303727,0
21ur-11106,UGAUUCACAAUUUUUUAAACG,0,0,1.751202857,0,0
21ur-12972,UUCGAAAGAGUUGGUUCUGAA,0.606915928,11.05617421,15.17709143,1.377330953,0.068454835
21ur-9432,UUAUUCAAUAAGAAUCCUUUU,0.809221238,2.211234842,3.627491633,0.119767909,0
21ur-13896,UUUUAGAAGUGUUAAUUUUCU,0,4.975278394,0.125085918,0.239535818,0
21ur-12633,UUUUGUCAUAUGUAAAAAUGA,0.269740413,0,1.125773266,0,0
21ur-12122,UUAGAAAAUUUGUGACGUUUG,0,1.658426131,1.375945102,0.299419772,0
21ur-6793,UUAAUUCCUUCUGAAAUAACA,2.157923301,9.950556789,9.381443879,1.916286543,0
21ur-14429,UUCAAUUUAGUCUAAGCGGCA,0,1.382021776,0.875601429,0.119767909,0
21ur-12096,UUAUUCGAAAGAGUUGGUUCU,0.067435103,1.289886991,1.938831735,1.077911181,0
21ur-7892,UUCCUUCUGAAAUAACAAGGC,0,0,0.375257755,0,0
21ur-12777,UUUAUUAGUUUGUUUGGACAU,0,7.186513236,6.066667042,1.437214907,0.136909669
21ur-10487,UAAAUACUGUUUUUUCAAAAC,3.236884951,19.90111358,56.28866328,0.838375363,0.273819339
21ur-10180,UAAUCUUUUUCUGUUCAAUAG,5.12506784,37.0381836,42.65429817,12.81516626,0.410729008
21ur-6428,UUCUGAUCCGAAUUUCAAGUC,0,1.105617421,0.75051551,1.077911181,0
21ur-15207,UAUUAUUUAACUCAAAUACUU,0.269740413,6.080895815,1.626116939,0,0
21ur-8754,UGCGUUGUCGCUAUAGCAAUU,0,0,0.125085918,0,0
21ur-7680,UUUGAACCGUUUCCAUAGUUU,1.348702063,32.33930956,38.7766347,3.47326936,0
21ur-6834,UAGGCAAGAGCGGGUGAAGAA,0.269740413,3.040447908,5.628866328,0,0
21ur-6311,UCUUAACAGCCGUUUAAUUCU,5.664548665,27.08762681,39.52715021,6.227931266,0.136909669
21ur-9439,UUAAUUGACGCUGCGGGUGUA,1.348702063,4.698874039,3.189690919,0.598839545,0.068454835
21ur-13060,UUAGGCAAGAGCGGGUGAAGA,0,0.276404355,0.250171837,0,0
21ur-14549,UUAGACAGCUGAAAGAAUUAG,0,0,1.250859184,0.119767909,0
21ur-12114,UUAGUUAGAAAAUUUGUGACG,0,0.55280871,2.876976123,0.53895559,0
21ur-11176,UAUUUCUUUUCAACCAUUCAA,0,0,0.250171837,0,0
21ur-11537,UGUUCGUGUUUACCAACCAGC,0,0,1.188316225,0,0
21ur-10054,UUCUAGGGUGUGUUAAAAAAU,0,4.975278394,7.129897348,0.598839545,0