21ur-2013,UAAAGGUCAAGUUUUCACGCU,11.05935692,165.2898044,111.5766392,23.35474225,0.136909669
21ur-4138,UAUUCGAAUCGAAAGGAGAUU,3.506625364,42.56627071,77.92852716,7.186074537,0.342274174
21ur-1443,UAAUACGCCCUGUAGUCUUCA,0.269740413,0.55280871,10.13195939,0.718607454,0
21ur-521,UAGGAAAAUACUUGAUGCGCG,2.967144539,135.9909428,122.3340282,10.41980808,0.136909669
21ur-3517,UUUGUGUUCUGUUUUCUGCCA,0.269740413,7.186513236,7.630241022,0.598839545,0
21ur-592,UCGAAUCGAAAGGAGAUUCAA,0.539480825,15.47864389,10.63230306,4.311644722,0.136909669
21ur-3874,UGUUGCUACAACUGUGCUUUA,0.539480825,14.37302647,1.501031021,0,0
21ur-1982,UACCUUCAGAGUGUUUUGCAA,0,0,2.001374694,0.718607454,0
21ur-3400,UUCGUUGUUUUUGCGAAUCAA,1.618442476,19.34830487,13.00893551,3.233733542,0
21ur-858,UCAUCAGUUACUUUGUUUUUG,0,8.292130657,25.26735551,10.06050435,0.547638678
21ur-3084,UGCAGUCACAAGAGGAUUCAC,0.269740413,0.55280871,2.876976123,0.119767909,0
21ur-2446,UUGUCUGUUGUGUUCAGAAAC,16.99364599,169.7122741,196.0096341,19.04309752,0.136909669
21ur-4334,UGAGUUUAUUUGCACUAAAGU,25.89507961,670.0041571,583.4007234,10.41980808,0.410729008
21ur-2240,UGCUGUCAUGUUUCACUGGGU,6.473769903,55.5572754,12.88384959,15.80936398,0.273819339
21ur-3042,UGACUGCGCUCUCAAUCAGUU,0,6.633704526,2.501718368,0.479071636,0
21ur-5351,UCACUAUGAGUAGUUUAACCA,6.473769903,46.98874039,45.15601654,17.12681098,0.136909669
21ur-761,UGCAUCGCGAAUUUAGUGAGG,18.34234806,161.9729522,240.2900492,50.90136131,1.095277356
21ur-4732,UUGAAGUUGUGUGCAGUUUGC,0.269740413,9.950556789,5.816495205,0.239535818,0
21ur-3156,UUGUUCAUCAGUGGCUGUAAA,4.855327427,148.7055431,111.826811,21.55822361,0.821458017
21ur-3894,UCUUUGCGACAAGAAUUGUGA,4.855327427,30.95728779,73.55052001,6.886654765,0
21ur-424,UCCAUGAUAAUAAACUCUUCC,0.809221238,5.528087105,11.88316225,1.19767909,0
21ur-1031,UCUCACAGGUCUUAACUAUGC,0,0,0.125085918,0,0
21ur-1593,UACAAACUAGAAAUUGAUUGU,0.539480825,42.56627071,82.68179206,5.509323812,0.136909669
21ur-466,UCAUGAGUAGUCUUUUUUUCA,24.81611796,133.7797079,110.32578,54.73393439,1.232187025
21ur-1197,UAAAAAUGUGUAAGUGGCGUA,0.269740413,4.975278394,6.629553675,0.718607454,0
21ur-879,UAUAGGACCUUUUUUCAGACA,0.269740413,1.105617421,0.75051551,0.119767909,0.136909669
21ur-4505,UCUUGCUCUUUUAUUAACUUC,0.539480825,38.69660973,95.31546981,12.21632671,0.136909669
21ur-688,UUAGUCAGAUUAGCUUUUUCG,0,0.55280871,10.50721714,0.838375363,0
21ur-859,UGCGUCGUUGAAUCUCCUUUG,1.888182888,0,8.380756532,2.27559027,0
21ur-5031,UAACGAUACAGCCUUACAUGU,13.75676104,307.361643,42.27904042,9.22212899,0.958367686
21ur-5199,UCCGAAAUAGAUAACCAUCAG,1.348702063,8.844939368,79.92990185,0.958143272,0
21ur-4899,UGGGCAUCUGUAUUCAGAACA,1.213831857,97.5707374,86.05911185,1.137795135,0
21ur-1938,UGUAAAUCCAAAUUUUUAUAG,0.539480825,54.72806234,20.3890047,0.718607454,0
21ur-4790,UAGAUUUGCUAACCGUAUAUU,14.29624187,359.8784705,404.0275164,13.29423789,0.410729008
21ur-3770,UCUUCGAUGAACUGUCCUAUU,0.539480825,22.11234842,12.38350592,0.479071636,0.136909669
21ur-2439,UGCAAUCGUGAAUUUCAACUU,12.40805898,76.84041076,89.06117389,11.61748717,0.136909669
21ur-3019,UAUGGAUUUUGGAGACAUAAU,0.539480825,6.633704526,1.125773266,0.119767909,0
21ur-1006,UGAAGCAGUUCAAAUCUGAUG,1.618442476,25.98200939,8.881100206,9.102361081,0.136909669
21ur-4281,UAGUACCGACAUAUCAACGGA,0,0.55280871,0,0.239535818,0
21ur-2518,UAGACGAUUCAUUCCUUAAAA,7.013250728,77.94602818,94.31478247,9.940736443,0.547638678
21ur-2243,UCAAAAGAAAGCUUGACGGCA,8.182125849,12.71460034,77.24055461,12.99481812,0
21ur-2063,UAAUGGUGUUGCCAGAAGAUA,19.01669909,615.8289035,60.2288697,7.48549431,0.273819339
21ur-567,UUGCAAAAUACCUCAAGUGUG,0,0.55280871,1.000687347,0,0
21ur-35,UAAAGUAGUUUAUCUCAGGGA,2.697404126,5.528087105,24.39175409,7.665146173,0.273819339
21ur-5042,UCAACGUAUUGUAUUCAACUU,0,3.316852263,7.880412859,0.359303727,0.136909669
21ur-4783,UGUCAGUUGAAAAUGUGCACU,3.776365777,35.93256618,96.37870012,1.916286543,0.068454835
21ur-4167,UAAACUCACCGACAAAACGAG,2.427663714,7.739321947,32.89759654,5.030252176,0
21ur-4905,UUGCAUCGUUGAAAUACCCAA,3.236884951,20.17751793,14.76013837,6.587234993,0.136909669
21ur-5160,UGGUUUUGCCCUGAUCUUGGA,0,0,0.125085918,0.119767909,0
21ur-952,UGAACAUUUCCUUUUCUUUGA,0.269740413,0.55280871,4.127835307,1.19767909,0