21ur-3282,UGCGUCUGACAAGGAAAGGAA,1.07896165,1.658426131,14.82268133,2.994197724,0
21ur-1054,UGAAAAAUUUUCAAUUUGUCG,0.269740413,2.211234842,2.626804286,1.077911181,0
21ur-4482,UAAUGCCUUGAUAUUUGAGGU,0.809221238,24.32358326,11.63299041,4.311644722,0.136909669
21ur-2699,UUUCAUUUCCGUCUUAUCAUC,0,0.55280871,7.817869899,1.976170498,0
21ur-3724,UGGUACAAUAACUCCUAAAUC,0.539480825,6.633704526,1.250859184,0,0
21ur-4350,UUCCGUGAACACUCCCAGGCU,3.776365777,26.5348181,98.69278961,1.676750725,0
21ur-5143,UAGUAGGUGUUCAAGUUAGGG,19.55617991,274.1931204,134.0295616,30.30128097,0.479183843
21ur-537,UGUGGCAUUGGAAUAAUUUUG,1.07896165,59.15053202,17.76220041,1.317446999,0.136909669
21ur-2290,UAGGAUCUCUGCUCUGUUGAG,5.12506784,29.29886166,3.002062041,4.55118054,0
21ur-1108,UGUUCCUCCUGGUCUAUUCAC,7.822471966,102.8224202,295.3903963,2.155822361,0.136909669
21ur-5348,UUAAUUACGGAUACUGUUCAA,1.348702063,42.56627071,25.51752735,5.090136131,0.045636556
21ur-996,UGUAAAAAUUACCUAACUGCG,0.809221238,8.844939368,24.14158225,0.718607454,0
21ur-3794,UCUAAUGCCUUUGGGAAGUUG,0.539480825,6.080895815,15.38556796,0.239535818,0
21ur-5102,UAGUUGAACAGUUUCAAUUUG,0,3.869660973,3.002062041,0.119767909,0
21ur-3759,UCCAAUGGGGUGUCCAAUCGA,5.394808252,104.4808463,67.17113818,2.994197724,0
21ur-1771,UACAAUGUUAAAAAAUUGAAA,7.103164199,694.8805491,146.7257823,11.85702299,0.136909669
21ur-1416,UAGUCGCCCUAAAUGCUAUCA,7.822471966,27.08762681,192.3821425,28.98383397,0.273819339
21ur-942,UGUAAUUAUACAUACAACAGU,0,6.633704526,8.005498777,0.658723499,0
21ur-2791,UAGUUUCUCUUUGUUGCAAAA,3.776365777,32.06290521,16.76151306,9.940736443,0
21ur-1021,UUCUUUUGGGGUUUGAUCGAA,16.04955455,391.388567,87.87285767,82.10090159,0.958367686
21ur-650,UCAAUUUUGGGAAUGUUCGGU,0.269740413,8.844939368,2.001374694,2.994197724,0
21ur-2868,UAAUUACGGAUACUGUUCAAA,4.180976396,79.88085867,25.64261327,6.28781522,0.182546226
21ur-3821,UAAAGGAGACAUUCUGCUUAC,1.07896165,6.633704526,11.88316225,1.19767909,0
21ur-5379,UAGUAAGUGGUGAAAACUCAA,0.809221238,24.32358326,23.1408949,1.437214907,0
21ur-5370,UCGUAAAUGUGCCAAGCAGUC,0,4.422469684,1.626116939,0.239535818,0
21ur-1429,UUAUUGGACCAAAAAGCUAAA,16.85877579,325.1436566,185.0646163,6.82677081,0.479183843
21ur-3555,UCUGUAUCGAAUGUGUGACUA,18.88182888,820.9209351,89.93677532,116.0551038,0.547638678
21ur-3889,UUUCACAUUCCAUUGAAAUAG,0.269740413,0,0.500343674,0,0
21ur-373,UACGGAAAAAAACAAUUCCUA,0.539480825,54.72806234,15.88591164,0.958143272,0.136909669
21ur-3505,UGAUGUUUUAGUCACUUCUGA,8.631693204,85.13254142,23.39106674,19.76170498,0.136909669
21ur-1306,UCAAGAGGACUUCUCAGGACC,10.25013568,67.99547139,265.9326625,23.71404597,0.136909669
21ur-282,UGUCAUCUUGAUUUCUAAAAU,25.89507961,410.1840632,273.8756183,13.59365767,0.273819339
21ur-748,UGGGUCUGGGAUACUCUUUAU,0.809221238,11.05617421,1.000687347,0.119767909,0
21ur-4218,UUGAACAGUAAUCUCAAACAU,0.269740413,0,0.062542959,0.119767909,0.045636556
21ur-4922,UUGUAUUUCGUUAUGGGGUUA,20.77001177,389.1773322,405.0282037,54.8537023,0.547638678
21ur-8489,UAAUGUAAUUAUACAUACAAC,0.269740413,39.24941845,5.879038164,0.419187681,0
21ur-7886,UUGUUUUCAUAGUUAUCAGAU,1.348702063,27.45616595,32.08453807,3.413385405,0
21ur-6378,UUCUUCUACAAUUCUCGAACU,1.888182888,39.24941845,29.14501898,5.269787994,0.273819339
21ur-6991,UUACGGAUACUGUUCAAAAAU,1.213831857,17.96628309,10.50721714,0.359303727,0.045636556
21ur-13179,UGGGAUCUAUUAUUGUGCAUU,0,1.105617421,1.501031021,0,0.136909669
21ur-9490,UAUUCUCUUUUUAUUCUCAGG,4.046106189,25.42920068,43.40481368,15.80936398,0.273819339
21ur-8619,UUGUUAUUCGUCAGCUUUUUG,1.348702063,12.16179163,425.7924662,4.311644722,0.273819339
21ur-14447,UUCAACAAAAAGUUGUGGACC,0,0,0.625429592,0,0
21ur-6001,UCUUUUGGGGUUUGAUCGAAG,4.990197633,117.1954466,103.5085975,19.82158893,0.547638678
21ur-13892,UUUUAUAGUUUUAAUUUGAUA,4.315846602,206.197649,52.41099981,12.69539835,0.136909669
21ur-7526,CGGGCAUGUUGUAAAGGUGUU,0,6.080895815,1.876288776,0,0.547638678
21ur-8621,UUGUAACAAUUGAAAGAAAAC,0,1.842695702,3.314776837,0.838375363,0.068454835
21ur-13211,UGCCUUUGGGAAGUUGUAAUA,0,0,0.500343674,0,0
21ur-15237,UAUUAAGAAUGUAAAACCAUG,0.539480825,0,0.500343674,0,0
21ur-11925,UUUCAUAGUUAUCAGAUUUUC,0.809221238,7.002243666,5.003436736,3.353501451,0