21ur-13888,UUUUAUUCAAGAACUUAUAUC,1.348702063,16.0314526,14.76013837,0.958143272,0
21ur-12071,UUCAUAUGCUGUUGUCAAGUA,0,0,0.75051551,0.598839545,0
21ur-7076,UUUUCUGAACCAACUACAAAA,0.269740413,9.397748078,11.13264674,1.19767909,0
21ur-10181,UAAUCUAGACAUAGUCUUUUC,0,1.105617421,2.001374694,0.239535818,0
21ur-13907,UUUUAAAAUUUUGAUCUCAAG,0,0,0,0,0
21ur-10018,UUUCAAUGAAUUAGAAAGAAA,0,0,0.312714796,0.119767909,0
21ur-11599,UGAAUUUCUCUUUCUACAUUG,0.269740413,0,0,0,0
21ur-14344,UUCGGUCGUUCAUAUUAGCUA,0.539480825,0.55280871,4.503093062,0.598839545,0
21ur-10430,UAUUAAUAUGAAUUUUAAAAA,0.809221238,64.67861913,11.75807633,0.479071636,0
21ur-9729,CGACGUCUUUUUGUAAUCCUC,0,0,0,0,0
21ur-7370,UUAAGCACGGCCUCUGUGAAA,0.404610619,8.292130657,7.380069185,0.279458454,0.251001061
21ur-5742,UCUUUUGUGAUUUGAAAACCC,1.618442476,90.10781981,129.8391833,7.305842446,0.684548347
21ur-8649,UGUUUGAAGCUAGAAAGAAAA,0.269740413,4.146065329,17.84559102,0.638762181,0
21ur-11779,UAAAAUUUUUUUAAACAAUCA,0.539480825,21.19100057,20.6892109,1.437214907,0.136909669
21ur-14774,UGGCAACUUACGUUAACUUAU,0.269740413,0,0.125085918,0,0
21ur-12067,UUCCACUUGUAUAAAGCACUU,0.269740413,0,1.000687347,0.119767909,0.136909669
21ur-7378,UGCAGAAGGCAAAUCCAGAUU,0.269740413,1.105617421,1.501031021,0,0
21ur-11678,UAUUUUAGAACACCUUCAAAG,0,0,2.001374694,0,0
21ur-6861,UUUGUUUGGUGGCCUUAUUGA,2.697404126,48.64716652,69.79794246,1.077911181,0
21ur-13322,UCUCGGUUUUUGGUAGUGAAU,0.404610619,3.040447908,0.500343674,0.239535818,0.205364504
21ur-14020,UUUCCGGUGGCGAUUCCUAAA,0,0.55280871,0.500343674,0,0
21ur-8482,UAGUGAGAAGGUUUUUCGGAG,0,0,0.625429592,0.119767909,0.136909669
21ur-9865,UGAGGAAAACUGUUCAAUUCU,0,0,0,0,0
21ur-15434,UAAUCUUGUCAAUUUGUGUUA,0.269740413,2.764043552,0.500343674,0,0
21ur-6034,UGUGAUGGAUGAGUAAUUUUG,1.618442476,36.48537489,11.13264674,0,0
21ur-11473,UUAUUUGGAUUCCAUUCUGAA,0,0,0.375257755,0.119767909,0
21ur-9505,UAUAGUUUGUAUUGUUAAAUA,2.967144539,61.91457558,27.8941598,3.353501451,0
21ur-8405,UAACCAUUCCAUAGUAGACUC,0,0,1.626116939,0.119767909,0
21ur-6207,UAGGGUUGAUGAGUUAAGUUU,2.427663714,54.17525363,16.63642715,3.712805178,0
21ur-10556,UUUAAUUAGUAUUCUUCAAGG,0.269740413,2.211234842,4.252921225,0.958143272,0.136909669
21ur-6772,UGCCACGUAGUUCUCAAUUUU,0,34.91908355,0.75051551,1.077911181,0
21ur-13484,UAUUAUUCUCUCGCCGUGUGC,0,0,0.208476531,0,0
21ur-12838,UUGUAAGGUUGGACAUCUCUU,0,2.764043552,2.001374694,0.179651863,0.410729008
21ur-8669,UCUCUCAAUCUCGUUUGUAAC,0.269740413,0.55280871,2.189003572,0.299419772,0
21ur-9984,UUUUGGAGAAAAGUGAAGAUA,0,1.658426131,0.250171837,0.119767909,0
21ur-15347,UAGAAACAUGAAAAGGAAGCA,0,0,0.125085918,0,0
21ur-11573,UGCUGACUUUUUAGUUGCAAC,0,1.105617421,0,0,0
21ur-11560,UGGGAAUUGUUUCAUUUUGAC,0.269740413,0,1.375945102,0.239535818,0
21ur-7266,UAGUUUUAGAAUCGUAUAGUU,0.944091444,7.186513236,5.378694491,2.036054452,0
21ur-9658,UCCGGUUAUCAUAGCUAGAGA,0.944091444,2.764043552,3.002062041,0,0
21ur-8692,UAGUCUAACUUUGCAAAGAUU,0.269740413,0,3.252233878,0.239535818,0
21ur-12425,UAUCUUUAGUGUGAAUUCAAC,0,0.55280871,1.125773266,0,0
21ur-6871,UCAAGAUUUUAACAUCUCAUU,1.618442476,41.46065329,12.38350592,2.27559027,0.136909669
21ur-14468,UUAUUGGCAACUUACGUUAAC,0,0.829213066,0.75051551,0,0
21ur-14082,UUUAUGAACGAAAUUACUAUU,0,2.211234842,0.75051551,0,0
21ur-14568,UUACGAUGGCUACAAUAAUAG,0,1.382021776,0.062542959,0,0
21ur-15025,UCGAGUAACCAUUGGAUACGU,0,0,0.312714796,0.059883954,0
21ur-9369,UUUUUAUACACCGACUCUGAA,0,0,4.315464184,0.119767909,0
21ur-9915,UAUUCCUCGUGACUGAGAAAA,0,0,0.625429592,0.119767909,0
21ur-7457,UUCCUGUAGUCGAAUUUAUUG,0.809221238,13.26740905,28.51958939,9.581432716,0.410729008