21ur-9470,UCGGCAAGUUAGUAAAAAGUU,0,0,0,0,0
21ur-14410,UUCAGACUACAAUCAGACUAA,0,0,1.125773266,0.119767909,0
21ur-10406,UAUUUUCGCAUUGUCUCUGAU,0,0,0.375257755,0.119767909,0
21ur-7965,UCUCGAAAUCGUAUUAUUUUC,0.269740413,1.105617421,3.377319797,0.359303727,0
21ur-11444,UUCGAAGGUUUUUUUUUGGGA,0.134870206,1.382021776,1.56357398,0.658723499,0.547638678
21ur-6361,UGGUUCGCUUGGAAAGUAACU,0,6.357300171,3.002062041,0.119767909,0
21ur-7128,UAGCGAUUCUUUUUUCCUUCU,0.809221238,2.211234842,29.77044858,1.077911181,0
21ur-15177,UAUUUAGAGAGAUCUCGUUGU,0,0,0,0.119767909,0
21ur-10867,UUUGUUUGUAUAAUCAAAUCC,0.809221238,12.16179163,1.626116939,0.359303727,0
21ur-7319,UUUAAACUUUAUUGAGACAGA,0.269740413,8.292130657,12.63367776,1.437214907,0
21ur-6997,UGAUUAGUUGAGUGUAGGCCA,1.618442476,72.41794108,31.14639368,5.629091721,0.136909669
21ur-5624,UUCGAAACAACUCAAUUGCUU,1.348702063,65.23142784,63.54364654,0.598839545,0.136909669
21ur-6821,UUCAAUCGCAGUCUGUAUUCC,0,2.211234842,19.45086031,1.317446999,0.068454835
21ur-5507,UGCUCGGCAAGUUAGUAAAAA,3.64149557,21.55953971,195.2591186,3.353501451,0
21ur-6398,UCUACUUGCAAUUUCAAAUUA,0.809221238,77.94602818,22.89072307,0.838375363,0
21ur-10819,UAAACAAGGGACUGUUAGGGA,0,0,2.31408949,1.497098862,0.205364504
21ur-13242,UGAUGGAAGCUUGAUGGAAAA,0,0.276404355,0,0,0
21ur-15522,UAAAGUUGCAAUUAUUAAAGA,1.348702063,6.633704526,12.88384959,0.958143272,0
21ur-8089,UCAUAAAAAGUUUUUGAAAGA,0,0,0.500343674,0,0
21ur-11591,UGAUACUUCCAGUGUUUGUGA,0,1.105617421,5.378694491,0.119767909,0
21ur-12528,UAACGAAAUUCUGCUGUUUUU,0.134870206,0,0.187628878,0,0.068454835
21ur-12763,UUUCAGUUGGUUGGUAUAGUG,0,0.55280871,0.375257755,0.479071636,0
21ur-8201,UUCUGUGCGUGGUUUUCAAUA,2.292793507,87.25164147,12.44604888,2.634893997,0.479183843
21ur-7887,UUGUUAUGUUGUUGCUUUUUU,2.967144539,194.5886661,51.78557021,6.467467084,0.136909669
21ur-12238,UGGAACUAAAUGUUGUUUUUU,0.269740413,0,1.751202857,0.119767909,0
21ur-14145,UUGUUACAGGAUCAGUGAAAG,0,1.658426131,0.312714796,0,0
21ur-6892,UGUUAAGAUCAACUAGAAGUU,0.269740413,0.55280871,1.125773266,0.479071636,0
21ur-9448,UGUCUUAGUUAUUCAAUUUUC,0,2.211234842,2.126460613,0.119767909,0
21ur-8710,UUUCAUCACAGAGUCCCAUUU,0.809221238,2.211234842,2.251546531,0,0
21ur-14668,UGUUGGGAGAUCGAUGCUCAA,0,0,0.125085918,0,0
21ur-12616,UUUUUGACGCUACUAAUUUGU,0,1.105617421,0.375257755,0,0
21ur-13864,UUUUCUACCGCGGCAAAUUAA,0,12.16179163,37.52577552,0,0
21ur-7582,UUUCAUAAAAAUUGAACAGAU,0.809221238,26.5348181,18.38763,2.395358179,0
21ur-14804,UGCUGCUUAAUGGAAGAUAGG,0,1.934830487,0.625429592,0.119767909,0
21ur-15461,UAAUACAUACUCAUUGAAUGG,0,0.276404355,0.250171837,0,0
21ur-14048,UUUCAAUGCUACCCAUUUCUC,0.809221238,2.764043552,4.940893776,1.437214907,0
21ur-13236,UGAUUCUUCAAACGCCCAUCA,0,0,0.125085918,0,0
21ur-12611,UUUUUGUUAUAAAAAUGAGGC,0,0,0.500343674,0,0
21ur-9096,UUGGCAUUGCAAAAUCUAGGG,0.404610619,1.934830487,5.378694491,0.658723499,0
21ur-11054,UGUUUAUCUUCAACUAUCUUU,0,0,1.751202857,0.239535818,0
21ur-14482,UUAUUCAAUAUUUGCAUAGGG,0,3.132582693,5.191065613,0.718607454,0
21ur-12370,UCAAUACUAGUGCUUCGGAAA,0,1.105617421,2.689347245,0,0
21ur-7794,UUCCACUGUUUUAGUUUGUCU,0.269740413,0,2.376632449,0.119767909,0
21ur-8394,UAUAACAACAAAAUAAUAAAA,1.618442476,17.13707003,27.51890205,0.479071636,0
21ur-8024,UCUGUUCGUCCUGAAUUUUGU,0.269740413,0,3.252233878,0.239535818,0
21ur-9111,UUCUUCAGUUUUAGUUUAGCU,0,0.829213066,4.378007144,0.838375363,0
21ur-11309,UUUUGAAGAUAAUUAUUUGAC,0,3.869660973,0.875601429,0,0
21ur-7780,UUUGUUUUGUCGCUUUAGGUU,0.134870206,1.658426131,4.127835307,0.598839545,0
21ur-10902,UUUCAAUUUCACAAGUUAAGU,0.269740413,1.105617421,2.751890205,0.239535818,0
21ur-15381,UACCUCUUCAAAGGACCAAAA,0,0.55280871,0.375257755,0.119767909,0