21ur-10928,UUGUCCUAAGAAUGCCAUUUC,0.134870206,5.80449146,4.190378266,0.359303727,0
21ur-7307,UAUCGUUUUGGUUCUAAAUGA,1.07896165,3.316852263,3.502405715,1.437214907,0
21ur-8218,UGGUAUACGGAGCUUCAGUUG,0,3.316852263,5.128522654,0.119767909,0
21ur-15181,UAUUGUUUUUCGUGAUCUAGU,0,0,0,0,0
21ur-13186,UGGCAUUGCUGUCAAGACAGG,0,0,0.250171837,0.119767909,0
21ur-14817,UGCGACUCUAGAUCUUUACAC,0,0,0,0,0
21ur-14381,UUCCAGAAAAUUGUUGGGCGA,0.269740413,0,0.500343674,0,0
21ur-12039,UUCUCGACGAACACCUGGUCG,0,0,0,0,0
21ur-13310,UCUUCUCCAGAAUUAAUCAAU,0,0,0,0,0
21ur-15339,UAGAUUAAAAACCUCGGUCAC,0,0,0,0,0
21ur-15392,UACAGCCGGAAAACACAAAAA,0,0,1.501031021,0,0
21ur-11607,UGAAAGAUGCUUACAAAAUAA,0,2.764043552,0.375257755,0,0
21ur-12821,UUGUUCUUUUGUAGGGUGUUU,0,2.211234842,1.125773266,0.239535818,0
21ur-15586,GAUCCACUCGCAAUAAGACAU,0,0.55280871,0.375257755,0.359303727,0
21ur-15122,UCAAUUGGUCCCAAAAUGACU,0,0,0.125085918,0,0
21ur-7915,UCUCAAAAAAAAAAGAGUUAA,0,0,0.250171837,0,0
21ur-12205,UGUCAGAACGACUCGAUCCAC,0,0,0,0,0
21ur-12922,UUGAAAGCCUGUACAUCAAAA,0,0,0.625429592,0.119767909,0
21ur-1351,UGUAUAAUUGAUAGUUAAAAA,8.361952791,238.2605542,98.94296145,12.45586253,1.232187025
21ur-15559,UAAAAAAUCGUGUAUUCACAG,0,0,0,0,0
21ur-6012,UUCAUCGUGGAACCGUUCCCA,0.269740413,5.528087105,10.50721714,0.119767909,0
21ur-7571,UAUUCGAUGAAUAUGAAUUUA,0.269740413,1.658426131,0.500343674,0.119767909,0
21ur-9044,UAUUAAAAAAUCGUGUAUUCA,1.348702063,1.105617421,8.505842451,0.119767909,0
21ur-13733,AACUGUGAAUGAAACGUCUGU,0,0,0,0,0.136909669
21ur-12556,GAUUUGGUAAAGUUAAUUCAA,1.753312682,0.55280871,0,1.437214907,1.779825703
21ur-9904,UCAGCGCUGUGCUACACGCAA,0,0,0,0,0
21ur-2522,UAUAUCCGUGUAUUUCGUAGA,0,2.211234842,0.500343674,0.359303727,0
21ur-3144,UGACAAAUUCAAUGGGUUAAC,18.07260765,371.2110491,701.6069163,12.81516626,0.273819339
21ur-198,UUAUUCCGAAUUGUUGCAUCG,0,0,0.500343674,0.119767909,0
21ur-4682,UGAUCGCACUGCUAGUUGAAA,4.315846602,11.60898292,67.79656777,18.44425798,0.342274174
21ur-2309,UGCUCUGUGGAUAAAUCUGUG,0.539480825,19.34830487,46.2817898,5.509323812,0.547638678
21ur-3682,UUCAACAACAACAUUAUUUUA,0,0,2.251546531,0.239535818,0
21ur-3843,UCGCACUGCUAGUUGAAAGCA,0.269740413,1.105617421,20.88934837,1.796518634,0.068454835
21ur-4270,UAAGACAAAUAAGGCAAGAAA,0,0,0,0,0
21ur-1235,UACGAUCCAUACGAUGUUCAU,0.269740413,1.105617421,15.88591164,2.155822361,0.136909669
21ur-3567,UGUAACCGUGUAUAUUACAUA,0.809221238,26.5348181,11.13264674,0.359303727,0
21ur-2797,UGGGUUUCCAUCAAUAUGCAU,0,3.316852263,0.875601429,0.239535818,0
21ur-918,UCAGAAAACUUUUUAGUCAUG,0.269740413,0.55280871,1.876288776,0.838375363,0.068454835
21ur-4460,UGUCUAAGAGUUUUUAUUGAA,8.631693204,162.5257609,78.30378491,2.874429815,0
21ur-1649,UAGACGAUUGGUUCAAUUUGC,1.07896165,9.397748078,91.25017747,14.13261326,0.068454835
21ur-3134,UCCGUCAUCGCUAUCUCAUGC,0.269740413,0,119.9573957,0.718607454,0
21ur-7066,UGAUUUACGCGCUAAUCUGAG,0.539480825,12.16179163,17.13677082,0.718607454,0
21ur-14368,UUCCGGAGCAUUUUACAACGU,0,0.55280871,2.876976123,0.119767909,0
21ur-8410,UAAAAGUGGCUCCGAGCUAGG,0,0,3.585796327,0,0
21ur-13930,UUUGGUAUGUAAUAUACACGG,0,0,0.125085918,0,0
21ur-12754,UUUCCCGUUAACUUUCUCUGU,0,0.18426957,0.625429592,0.239535818,0
21ur-7880,UUUCCAGAAGACUGAGUCAAA,0,0,0.250171837,0.119767909,0
21ur-8746,UGUUCCUUCAGAAGAGAUUAA,0,0,0.875601429,0.479071636,0
21ur-13364,UCCUUCAGAAGAGAUUAAAAA,0,0,0,0,0
21ur-13457,UAUUUCCCGUUAACUUUCUCU,0,0.18426957,2.626804286,0.359303727,0