21ur-15674,AGAAGAUUUUGGAUGGAAACU,0,1.105617421,1.000687347,0.359303727,0.068454835
21ur-13244,UGAUGAUCGUAAAUUUGUUCG,0,1.105617421,0.75051551,0.119767909,0
21ur-7139,UUUGCUCAACCAAAUAUCAAC,1.07896165,7.739321947,10.50721714,1.077911181,0
21ur-9958,UAAGAUGGGUAAACAACUAAA,0.269740413,0.55280871,0.375257755,0.179651863,0
21ur-11732,UACUUUUGAUCUACGGAGAAA,0,0,0,0.119767909,0.068454835
21ur-12400,UAUUGAUAUCCGUGCUAAAAA,0,3.501121833,0.75051551,0,0
21ur-8875,UCUUCAAAAAGUAUUUUCCAG,0.269740413,6.633704526,16.13608347,1.676750725,0
21ur-12278,UGAGUUAUACGUCGGCAGAAA,0,0,0.250171837,0,0
21ur-14944,UCUUCUAUCUUGUAAACAUGU,0,0,0,0,0
21ur-8803,UUUUGUUUUUCUUUUGCCUCC,1.07896165,17.13707003,16.38625531,4.55118054,0
21ur-11241,UAAUUUGGGUUUCUUUAAAUA,0.539480825,23.4943702,10.75738898,1.317446999,0.136909669
21ur-7683,UUUAAUUGGCAUUAAAGAACG,0.269740413,1.658426131,10.25704531,0.359303727,0
21ur-12464,UAGAUGUGCAAAUAUCUGGAA,0,0,0.125085918,0.119767909,0
21ur-15353,UACUUGUAGAACGACAGGAAA,0,0.829213066,0.875601429,0.059883954,0
21ur-14207,UUGGAAGAUUAAAACUCCGCC,0,0,0,0,0
21ur-9192,UAAUUUAUCCAAAUAAUUGCA,1.618442476,25.42920068,23.64123858,1.317446999,0.136909669
21ur-10832,CAAUAACUUGCCUUGUUCGAA,0,2.487639197,0.187628878,0.299419772,0.136909669
21ur-5767,UUCUACACUCUGCUCAAUUCC,1.618442476,61.91457558,195.3216616,5.629091721,0.136909669
21ur-5607,UCUCACUCAAGUUCAGACGGU,0.269740413,1.105617421,14.76013837,0.958143272,0.273819339
21ur-11703,UAUAUUGCUAAUUUCUCAAAC,1.888182888,33.16852263,9.006186124,3.353501451,0
21ur-11395,UUGGCAUUAAAGAACGAUCAC,0,0.55280871,1.375945102,0,0
21ur-6081,UGCGAUCUAAUUUUUUCAAUC,0.269740413,13.82021776,18.51271592,1.077911181,0
21ur-13075,UUACUCUCACUCAAGUUCAGA,0,0,0.500343674,0,0
21ur-9037,UAUUUUCGUUUCUGUCCAAGG,1.07896165,2.948313123,5.378694491,1.796518634,0.136909669
21ur-10270,UUCUUCAGCCUGUGGAGUUAA,0,0,0.250171837,0,0
21ur-9799,UUCGCGAUCUUCUUUAUGGUA,0.404610619,1.382021776,6.129210001,0.778491408,0
21ur-15486,UAACUUCGGUUCUUUUUUUUC,0,0,0.500343674,0.479071636,0
21ur-10472,UAAUAGUUUUGAAAAAAAAAA,2.427663714,32.89211827,3.002062041,0.119767909,0
21ur-10301,UUAUGAGAUUAAAUUGGAAUU,0,0,2.751890205,0.119767909,0
21ur-10226,UUUGAUACGAGAUGGAAACUA,0.674351032,12.9910047,1.626116939,0.239535818,0
21ur-12479,UACUGGGUGAAUCCGACAACU,0,0,0,0,0
21ur-9165,UCCAUCCAAACUAGUAAAUUU,0,0.55280871,8.255670614,0.479071636,0
21ur-5675,UUGAGUAGUUAAAAUGAGCAU,4.585587014,49.47637959,94.81512614,10.69926653,0.684548347
21ur-7669,UAGAAUCGCCAUUAUUUUUAA,3.506625364,76.28760205,113.5780139,18.32449007,0.410729008
21ur-14991,UCUAAAAAAAGUUUGAAUGUA,0,2.211234842,0.125085918,0,0
21ur-15493,UAACGAAAGUAAAUUGCUAAA,0,0,0.75051551,0,0
21ur-10307,UUACCAUUGCUAACAGAUUUU,0,6.080895815,0.75051551,0.119767909,0
21ur-14527,UUAGUGGGAGAAUUAUUUUAC,0.269740413,1.105617421,0,0,0
21ur-6044,UCUCCUUCCGUACAUAUCUCA,0.269740413,6.080895815,4.252921225,1.077911181,0
21ur-7590,UGUAUCACUUUGACAGCUUUU,0.809221238,2.764043552,3.502405715,1.19767909,0.136909669
21ur-5962,UUUCGUUUCUGUCCAAGGAUU,1.348702063,10.68763507,23.01580898,8.743057354,0.136909669
21ur-14116,UUUAACGUUAGUAGAUGGUUG,0.134870206,1.105617421,1.688659898,0.958143272,0.273819339
21ur-7056,UUGUAGAACGACAGGAAAAUU,0,0.276404355,3.12714796,0.059883954,0
21ur-5489,UUUUAACGUUAGUAGAUGGUU,16.58903538,112.2201682,202.9519026,21.79775943,0.821458017
21ur-7907,UGAUGUGUUUUUUUGGAACUU,0.809221238,10.5033655,8.255670614,0.479071636,0
21ur-10517,UUUUCAAUCCAAUUUAUUUCC,0,0.55280871,1.56357398,0,0
21ur-11268,UAAAUCAUUGUCAAAUAAUUU,0,1.105617421,2.751890205,0,0
21ur-11004,UUAUUAAGUUUGGUGACCGUU,0,0.737078281,2.001374694,0,0
21ur-9387,UUUCUACACUCUGCUCAAUUC,0.809221238,1.105617421,8.318213573,0,0.136909669
21ur-7529,UUUUCGUUUCUGUCCAAGGAU,0.539480825,6.817974096,4.002749388,1.317446999,0.273819339