21ur-4227,UUGGUCGUUUUCCAAAUUGUG,0,12.71460034,3.12714796,2.515126088,0.136909669
21ur-1452,UUACAGAUCAGUUUUUAUUCC,1.07896165,2.764043552,14.88522429,0.958143272,0
21ur-634,UUAUUGCACUAUUCUUUGAAC,3.371755158,35.14942051,14.67674776,6.108163357,0
21ur-857,CUGCACGAAGUGUUUUUUCAA,40.19132148,206.197649,150.228188,15.68959607,1.369096695
21ur-1344,UUGAUUAGGACACUUCAUCUC,2.697404126,48.09435781,68.29691144,7.725030128,0
21ur-4290,UUGCGACUUACGUUCUGUCGG,0.809221238,6.080895815,7.254983267,4.371528677,0.136909669
21ur-4559,UUGGAAUGUAAAUCGCGCCUA,0,5.528087105,2.751890205,0.359303727,0
21ur-1917,UCGCCGAAAUAUUUGAAUCCA,0.404610619,28.19324424,47.47010603,5.389555903,0
21ur-190,GCACUAUUCUUUGAACUGUUU,1.753312682,40.7696424,20.45154766,6.227931266,0.068454835
21ur-2394,UCGUAUAAUUGCAUUUAUUAA,0.269740413,7.739321947,11.75807633,1.19767909,0
21ur-2721,UUUAGAUCAGUGCUGUGCGGC,4.855327427,19.94363732,81.18076104,6.347699175,0
21ur-3946,UGGUAGUUCAAUAUUAUUUCA,14.70085249,168.6066567,14.13470878,17.24657889,0
21ur-1422,UACUGAGCUUCUACGAAAACA,1.213831857,17.68987874,7.880412859,1.796518634,0.136909669
21ur-4048,AUCUCGCUUUGACUUCAAUUG,0.539480825,0.55280871,2.376632449,0.479071636,0
21ur-2937,UACUCAUUGGAUGUGCGUUCU,65.81666068,1581.585721,1894.926578,92.3410578,0.821458017
21ur-307,ACUUGACGGGACCAAUUAAAC,0.269740413,149.8111605,44.28041511,1.796518634,0
21ur-4264,UUAACUUAAGUAGAUAAAUGA,16.45416517,341.0829744,211.7704598,39.88271368,0.958367686
21ur-3938,GACAAGUGCCCUUGAAUUUUU,10.7896165,89.00220239,7.254983267,0.838375363,0
21ur-2668,UUCAAGCUCCAAAUUCAUUUC,1.348702063,6.633704526,34.52371348,2.874429815,0
21ur-1415,UACAUUAAUAUUGUUCGGAAA,13.75676104,230.6133671,124.2728599,26.88789556,0.068454835
21ur-2074,AUCUUAACUUAUGAUGGGUAU,0.539480825,27.64043552,29.77044858,2.155822361,0
21ur-56,UCCGUCGCAGGAUGUAUCUUU,0.539480825,0.55280871,46.9072194,0.119767909,0
21ur-4448,AUAUUUUCGAGUUGAUGCGUG,0,1.658426131,8.630928369,0.838375363,0
21ur-3751,UUCCGUAGCGGCUGUAAUGCA,0,2.211234842,10.38213123,0.598839545,0
21ur-4282,UGAAAAUGAGUCUUCGUUUCC,2.157923301,31.5100965,54.16220266,9.102361081,0.273819339
21ur-1856,AUAAUAUUUUCUUGUUCCUAU,0.539480825,4.975278394,9.256357961,2.27559027,0
21ur-4066,GUGGUUUGAUCAAAAGUGAAA,7.282991141,85.13254142,31.70928031,7.904681991,0.798639739
21ur-1648,UUCAAUCCUAAUUCGAUAUAC,0.269740413,6.633704526,8.505842451,0.239535818,0
21ur-37,UAAAAAAGGAUGAAAUUUAUC,0.269740413,16.0314526,2.876976123,0.479071636,0
21ur-46,UGUUUAGAAACCAGUAAUAGA,25.44551226,438.9301161,929.5343072,55.09323812,0.342274174
21ur-4983,UAAUCGUUCGAUUUUCAGAGU,6.20402949,29.57526601,96.50378604,30.90012051,0.136909669
21ur-1586,UUACUAGAUAUUCUAUUAUAC,0,0,0.75051551,0,0
21ur-736,AGUAAUUGGACUUGGUGAUAA,25.7602094,337.4897178,99.630934,18.98321357,0.136909669
21ur-2835,UGUAAUGUAACUGUAUGCCUA,2.697404126,76.01119769,16.69897011,1.19767909,0
21ur-2723,UCAUUAUGAAGCUUCACAAAA,21.98384363,344.1234223,234.3484681,17.00704307,0.889912852
21ur-354,UAUAGAUAACAUUUCUUUCCA,1.888182888,32.33930956,9.819244594,1.497098862,0.068454835
21ur-2094,AUUUCAAUAUCAUUUUUGAGU,2.157923301,25.42920068,7.129897348,19.52216916,0.136909669
21ur-4556,UAAUUACACUGCUGUUGGAAA,0.944091444,3.869660973,4.002749388,1.856402589,0
21ur-1759,AUCUGUCUUUAGGUUGUAUUC,2.967144539,24.32358326,49.09622297,13.05470208,0
21ur-612,UGUCGAACUGUUUUUGAAAAU,0,0,0.75051551,0.119767909,0
21ur-5003,GUUAACUUGUAAUUCUAGCUU,0.269740413,0.55280871,0.875601429,0.119767909,0.136909669
21ur-1728,UUGUGUUCCGCGGUUUGAGGU,6.473769903,30.40447908,29.2701049,3.593037269,0.547638678
21ur-3498,ACUAUUCUGGCCAACUUUGAC,0.269740413,7.739321947,4.378007144,0.359303727,0
21ur-1073,UUUGAGUUAUUGCAGGUGUGU,0,14.37302647,11.75807633,3.233733542,0
21ur-669,UUGUCGAUCUUUUGAAUUCUU,0.269740413,0,4.378007144,0.718607454,0
21ur-2324,UGAAUAGGCUGGCUUGAUGGA,0.809221238,1.382021776,0,0.359303727,0
21ur-3007,UAACAAUAGUUAAUGGGAAGC,0.269740413,24.32358326,9.756701634,0.119767909,0
21ur-1315,GGUUAAGAACAUUUGGAAAAU,0.134870206,1.658426131,0.75051551,0.179651863,0.068454835
21ur-1909,UCCGGAAAUAUUGCUAAAAAA,50.71119757,885.5995542,545.4996901,71.02237001,0.410729008
21ur-1208,UAAUGUUUUAUCAUCCCCACA,3.371755158,28.74605295,12.38350592,4.431412631,0