21ur-9610,UUAUUAUGUCCUGUAACUGAA,1.708355947,61.91457558,10.25704531,4.611064495,0
21ur-8595,UAAUCCGUGAAAACUCCGUGA,0,0,0.375257755,0.119767909,0
21ur-13161,UGUAGCCUCUAUCAUCACAAU,0,2.764043552,0.375257755,0,0
21ur-11689,UAUUCAAGUGCAUGUAAGGAA,0.269740413,1.566291346,1.250859184,0.159690545,0
21ur-12533,UAACAACUUCACCGUUUUUUU,0.809221238,1.658426131,4.62817898,0.838375363,0
21ur-7876,UUUGUACACUUAAAACGUUGA,1.888182888,25.98200939,31.70928031,16.88727516,0.205364504
21ur-10053,UUCUCUCGCAAUUUUUUUUUA,0.269740413,2.764043552,3.002062041,1.317446999,0
21ur-7256,UGUUCCAUCGUGAUAAUCAAA,1.213831857,3.040447908,2.626804286,1.497098862,0.273819339
21ur-14491,UUAUGUCCUGUAACUGAAACC,0.764264502,3.040447908,2.939519082,0.299419772,0
21ur-5690,UAUGAUUGAUAAAUAUAACAC,5.12506784,124.9347686,68.29691144,2.754661906,0
21ur-11601,UGAAGUCACUCACAAUGGGUU,0,0,0.875601429,0.119767909,0
21ur-11623,UCUAUUUCAGAACUAAGACGC,0,0,3.252233878,0.479071636,0
21ur-13361,UCCUUUUGCAAUUGACGAAUA,0.134870206,3.040447908,0.437800714,0.359303727,0.068454835
21ur-8843,UUCAAAUGAACGGAUUUUUUU,0.539480825,21.55953971,18.13745817,2.994197724,0
21ur-9659,UCCAUUUAAAGUUUAUGUCAC,0,0.55280871,1.375945102,0.359303727,0
21ur-11791,GAUAGGGAAAUAAAGACGAUU,0.134870206,0,0.375257755,0.359303727,0
21ur-10457,UAGACUGAGUUUUUCAAAAGU,0.269740413,3.316852263,20.26391878,0.119767909,0
21ur-9471,UCGCUCUUAUUGUUUAUUGUA,0.539480825,1.105617421,4.62817898,0.718607454,0
21ur-7533,UUUCCGUUCCAUUUUCGUAAC,7.912385437,26.5348181,52.22337093,10.77911181,0.319455895
21ur-9655,UCGAAAUUUCAAAAACAUUAG,0.269740413,1.105617421,3.377319797,0.479071636,0
21ur-7736,UUUGCUCAUUUGACUAAACAU,7.013250728,20.73032664,33.14776837,2.694777951,0.342274174
21ur-8300,UCUUUCAACUGGAUUUAGUUU,0.269740413,0.55280871,2.251546531,1.916286543,0
21ur-10597,UUCAUUUAUUGAAUUGACUCA,1.348702063,5.528087105,8.505842451,0.119767909,0
21ur-9995,UUUGUUUUCUUGCUAGAACAC,0.269740413,0.737078281,0.125085918,0,0
21ur-9428,UUCAACAAUCUAAUCAUUUUA,0.809221238,1.105617421,3.752577552,0.359303727,0
21ur-14299,UUCUUUCGAGUACCAUAGGAC,0,0.276404355,0.562886633,0.119767909,0
21ur-11716,UAGUCGCUCUUAUUGUUUAUU,0.269740413,0,2.876976123,0.359303727,0
21ur-15338,UAGAUUGUUGAAAUAGUACUU,0.089913471,0.276404355,0.375257755,0.119767909,0
21ur-11467,UUCAAACUUGUGCCUUUGAAA,0.539480825,2.764043552,1.000687347,0.179651863,0
21ur-7190,UUAGAUUGUCUAGGAACCAAA,0,1.105617421,4.002749388,0.838375363,0
21ur-13269,UGACAAUAAAAUUACCGAUUA,0,1.105617421,0.291867143,0.119767909,0
21ur-14454,UUCAAAAAACCUGCGAUAAUU,0,2.764043552,3.627491633,0,0
21ur-6950,UUAUGUAUUGGCCUUUUUGUU,28.32274332,842.4804748,312.4646241,29.10360188,1.232187025
21ur-12438,UAGUUUUUCGAAUUUUCUUAG,0.134870206,12.71460034,5.128522654,2.515126088,0
21ur-7869,UUUUUUAAGUUAUGGGAAAUA,0.269740413,40.90784458,15.82336868,2.994197724,0.136909669
21ur-10685,UGAGGUGAGCUAAACUAAAUC,0,1.658426131,0.125085918,0,0
21ur-8496,AGUGCACGAUUUAUGAAUUCA,0,6.357300171,0.375257755,0.419187681,0.273819339
21ur-12788,UUUAGAACAAUCCAUGGAAAA,0,1.105617421,15.26048204,0.239535818,0
21ur-5807,UUGGUUGUCAGAGCUAUUGCU,3.506625364,220.0178668,52.78625756,5.030252176,0
21ur-6294,UCAAGUGCAUGUAAGGAAACA,5.934289078,90.29208938,62.91821695,7.705068809,0.136909669
21ur-5971,UUGCAUAACUAAUUGCAUAAC,0,9.397748078,2.626804286,0.119767909,0
21ur-8425,UUUGAGCGAUCGUUAGGAGUA,0.539480825,0,13.75945102,0.179651863,0
21ur-7540,UUCUAUAGUUCGCUUUUAUGU,1.618442476,25.42920068,66.54570858,3.832573087,0.136909669
21ur-12571,CCUAAUGUAUGUAACGUUGCU,0,0,0.875601429,0.838375363,0
21ur-9941,UACCACUACACAGGAAUUAAA,0.269740413,3.869660973,13.25910735,0.239535818,0
21ur-9071,AGAAGUCGAAACAUACUAGAA,0.269740413,0,4.127835307,0,0
21ur-6112,UCGGUAAUUUUAUUGUCAAUU,0.269740413,18.24268745,22.26529347,2.634893997,0
21ur-14945,UCUUCCGGUUCCAGCCCACAA,0,0,0.875601429,0,0
21ur-10759,UAUAUUUCCAAUUCGUUUAAA,0.809221238,14.92583518,9.881787553,0.838375363,0
21ur-5778,UUCGAUAUGAGAACAAUAAUU,3.236884951,100.6111853,293.1388497,6.82677081,0.273819339