21ur-5478,UGGCAAUUUUAUUUUAUAAAA,1.888182888,98.39995047,8.881100206,0.479071636,0
21ur-13792,UUUUUCCAGUCCCAUUCUUUU,0,0.55280871,0.312714796,0,0
21ur-11930,UUUCAAACUUCUACCGUAUCA,0,2.764043552,1.626116939,0.119767909,0
21ur-10534,UUUCUUCAUUGGCUGUGCUUG,0.134870206,4.698874039,7.380069185,1.856402589,0
21ur-14421,UUCACAUUCUUGUCCUCUGUA,0,3.316852263,1.813745817,0.299419772,0.068454835
21ur-5455,UCCAAAAAGAAGAGAAAACUU,0.269740413,66.33704526,3.87766347,0.479071636,0
21ur-7379,UGAGCACGUCAUAUUUUUAUU,1.348702063,6.633704526,24.64192592,0.479071636,0
21ur-7244,UUUUUUGUGUAUCUCACCUGA,0.809221238,0,1.125773266,0.359303727,0
21ur-11589,UGAUGACUUUCUUAUAAUUUG,0,0,0.375257755,0.119767909,0
21ur-12952,UUCUAUGCAAAAAACCGUCUC,0,0,0.875601429,0,0
21ur-5770,UAUUCUCUCGCCGUGUGCUUC,1.618442476,3.316852263,77.82428889,0,0
21ur-6368,UAACUUAAAUAGAUAUACAGA,1.618442476,41.46065329,24.14158225,1.676750725,0.273819339
21ur-5961,UACUUUGAUUAUUCCGGCUUC,0,8.844939368,37.4006896,3.353501451,0
21ur-7575,UAGCUUCGUUGAUCGGACAAG,0,0,1.000687347,0.359303727,0
21ur-13432,UCAAUGUAACAAAAAACAUUG,0,0,0.125085918,0,0
21ur-13506,UAUGUCUGAUAUAAAACAGAU,0,0,0.250171837,0,0
21ur-11107,UGAUGUGACGAAAACUGACGA,0,0,0.312714796,0.119767909,0
21ur-9705,UACUUCAUUUUUAAAAUUUCG,0.809221238,6.080895815,12.13333408,4.55118054,0.273819339
21ur-14499,UUAUCUUUCGGAAAUACAUUU,0,1.658426131,4.503093062,0.359303727,0.410729008
21ur-12248,UGCUAGAUUUUGGGUCCCAUU,1.07896165,0.276404355,1.000687347,2.215706316,0.136909669
21ur-6274,UUGUAGAUUGGAGAGUAAUUU,1.07896165,17.13707003,18.51271592,1.317446999,0
21ur-5732,UUCUAAUCGGUCUCAAUCAAU,8.361952791,779.4602818,248.0453762,17.00704307,0.547638678
21ur-9707,UACUGACAAACAACGAAAAAA,0,0,0.250171837,0.239535818,0
21ur-7411,UUCCUUCAGAGUUUUUUUCCA,1.888182888,29.29886166,1.626116939,9.461664807,0.273819339
21ur-11532,UGUUGUUUCUGAACUUAUUGU,0,1.105617421,1.250859184,0.359303727,0
21ur-9229,UUUUAUUUCAUCUAUGAAACA,0.269740413,14.92583518,4.378007144,0.598839545,0
21ur-6214,UUACAAUGUAAUUGCUUGAAA,6.473769903,59.97974509,39.65223613,8.623289445,0
21ur-8860,UGUAAAAGAAAAUGUUGACAA,0,5.528087105,3.87766347,0,0
21ur-13895,UUUUAGAAUCGUAUAGUUUUU,0.134870206,3.869660973,1.626116939,0.239535818,0
21ur-13613,UAAUCGUCAGCUUCUAUAAAU,0.134870206,0,1.000687347,0,0
21ur-9025,UCUAGUGUUCCUAUAGCGUAA,0.809221238,2.764043552,1.626116939,0.479071636,0
21ur-10308,UUACCAGAUCUUGAACGUUUC,0,0.967415243,7.75532694,0.718607454,0
21ur-14335,UUCUACGAGAGAAUUUUAAAU,0,2.211234842,0.875601429,0.119767909,0
21ur-11066,UGUGCAGGUCGCUUAUGAAGA,0.134870206,1.105617421,1.063230306,0,0
21ur-14080,UUUAUGGAUGUAAAUGUCUUU,0.269740413,6.080895815,2.626804286,0.479071636,0
21ur-8499,UUUUUAGUUGAUUCUUUUUUC,3.236884951,13.82021776,9.631615716,4.910484267,0.684548347
21ur-8758,UGAAUGCACUAUUUUUCAUCC,0.539480825,5.528087105,4.127835307,0,0
21ur-12803,UUUAAAGAGUUUUCAUGUUUU,0,0,0.625429592,0.119767909,0
21ur-13720,AUAGCACUUUCGGAAAACAAA,0,0,0,0,0
21ur-11628,UCGUUUGACUUUUCGUUUCUA,0,4.422469684,2.001374694,1.19767909,0
21ur-11123,UGAAACAUUUUAUUUGAGAUU,0,4.422469684,3.377319797,0.479071636,0.136909669
21ur-11870,UUUUAUGCAGUUCUCUAACCG,0,0,0,0.119767909,0
21ur-9788,UUGAAGAAAAAUGCACUGGAA,0.404610619,0,0.062542959,0,0
21ur-8035,UAUGAUAUUUUCUCUCCCUCU,0,11.05617421,55.91340552,0.479071636,0
21ur-12860,UUGCUUGUAUGUAUACUUUGU,0,0.55280871,0.75051551,0.119767909,0.068454835
21ur-6859,UAAAAAAGAAAUUCAAAACAU,1.618442476,25.98200939,25.68430858,0.838375363,0
21ur-7018,UGAUCUGACGAGAAAGUUUUU,0,9.950556789,9.506529798,0.239535818,0
21ur-11512,UUAACUUUUAUUAAUGCACGG,0.539480825,4.975278394,7.00481143,0.359303727,0
21ur-12510,UAAUGAGUGGUUGUAAUUUGG,1.07896165,19.07190051,6.316838879,0.718607454,0
21ur-6298,UUCGAGUAACCAUUGGAUACG,0.539480825,4.422469684,20.82680541,0.53895559,0