21ur-1845,UGUUGAUGAUGUGAAACACUC,0.539480825,78.77524125,4.753264899,1.077911181,0
21ur-409,UCGCACAUUGGAAAGAUUUGU,0.809221238,21.55953971,33.14776837,3.712805178,0
21ur-191,UCAAAAUUCCCACCCGAUCUG,0.944091444,13.26740905,64.23161909,1.137795135,0.205364504
21ur-1289,UCUACUGUUACAGUGAGAUAA,0,0.55280871,1.250859184,0,0
21ur-3376,UAUGAGAGUCCAAUGGAUUAA,5.394808252,53.62244492,42.90447001,11.85702299,0.136909669
21ur-1033,UAAUCCAAUGGAUGGGUUUAU,0.539480825,9.397748078,10.63230306,1.317446999,0
21ur-3756,UGGCUAUUUUUUCGAACCAGU,3.776365777,21.006731,14.13470878,3.712805178,0.273819339
21ur-1718,UGGGCGAUGUGUGAUCAAUUC,8.227082585,303.4919821,153.6055078,1.317446999,0.136909669
21ur-1402,UCACAAAAAACGAACAUGGAA,67.56997336,861.5523753,972.3553866,45.69145727,0.547638678
21ur-3976,UAAAAAAGUUAAAUGCCUGAA,38.572879,1045.361272,566.5141244,20.95938407,0.410729008
21ur-2435,UAGUGAAAUUUGAGUCGGUUC,12.13831857,297.963895,207.7677104,39.40364205,0.273819339
21ur-3526,UACAUGGGAAUUGUUUUCAGA,2.427663714,14.92583518,13.50927919,5.150020085,0
21ur-3061,UAAAUAUGAAUUUUUGAUAUG,0,13.82021776,3.627491633,2.395358179,0
21ur-5217,UGUUGUCCUCCUGGCCUUUGA,0.269740413,1.105617421,1.501031021,0.119767909,0
21ur-2303,UGUAGAAUGUAUAACGUUCAA,2.427663714,0.55280871,9.381443879,0.119767909,0
21ur-2695,UAAAAUUGUAUAACAUAAAAA,10.51987609,431.7436029,272.812388,8.144217809,0.136909669
21ur-4849,UAGACUUAGAUAAAGCUAAAC,0.539480825,1.658426131,2.751890205,0.239535818,0
21ur-499,UAUACAAAUAACUCAAUAAAA,4.046106189,389.1773322,133.0914172,1.317446999,0.410729008
21ur-5038,UGUACCGUCGGUAUAAAUAUC,0,0.55280871,13.50927919,0.119767909,0
21ur-1867,UAUGAUAAAUCCAAAACGUUU,0,1.934830487,2.876976123,0.479071636,0
21ur-4813,UGGGCUAAUUUUAUCUCAACA,0.809221238,79.0516456,20.88934837,0.119767909,0.410729008
21ur-4759,UGCAUAAUUUGAAAUACAGUU,0,8.292130657,5.503780409,0.239535818,0
21ur-3509,UUAGUAAACUGGUAGACAAUA,14.56598228,320.6290521,193.6330017,19.40240125,0.205364504
21ur-2449,UGACGUAAAAAUACUUUCUAA,0.269740413,9.397748078,12.13333408,0.119767909,0
21ur-4031,UGGACACAACACAAGAACCAA,0.809221238,21.006731,9.256357961,0.718607454,0
21ur-4309,UGAUCAUUAUUUUGCGGUCCA,4.315846602,39.24941845,22.14020756,11.43783531,0.068454835
21ur-3647,UUAAUACUUUUGGUGCUUUCG,2.157923301,160.8673348,117.4556774,8.383753627,0
21ur-4931,UACUCUCAUAAGAUUCAUUUG,5.394808252,56.38648847,76.1773243,35.33153314,1.506006364
21ur-350,UGAUGAGUAUGUACUCCAUUU,0,9.397748078,1.000687347,0,0
21ur-5414,UGCUUAUUCAAGGUUUCCAAC,0,10.5033655,1.000687347,0.239535818,0
21ur-2251,UAAACAAAAGUCCAGUUUUUA,1.888182888,35.93256618,368.5031156,5.74885963,0
21ur-1897,UAAUAAAACUGCGUGGUGUGU,0.27985556,2.976862431,4.874895121,0.663830332,0.07872388
21ur-1906,UAGGUUCCGAACUUUCCGUUU,5.664548665,77.94602818,104.19657,9.102361081,0.136909669
21ur-403,UACACAGGUUUUCCGCCAAAA,1.07896165,9.397748078,20.88934837,0.119767909,0
21ur-4458,UCUUGAGGCACCUUUGUUGAA,14.56598228,490.8941349,362.4989915,31.01988842,0.410729008
21ur-3016,UGUUAUUUGAAUCAGACGACU,1.348702063,27.08762681,20.3890047,4.670948449,0.136909669
21ur-156,UUAAGUCUUUCCAAUCUCUGA,7.282991141,61.08536251,70.17320022,29.88209328,0.273819339
21ur-753,UAAACAAGAUUAGCUAUGAUU,0.809221238,3.316852263,6.129210001,0.479071636,0
21ur-1768,UCCUGGAGAUUUAAUUAUCAC,0.539480825,15.47864389,2.751890205,0.359303727,0
21ur-561,UGCAUCGUUUUCAUGCUACUU,0,0,3.377319797,0.359303727,0
21ur-1996,UGAUGCUAAUGACAAAUAUCC,1.07896165,62.46738429,3.502405715,0,0
21ur-3136,UAACUUCGAUGUUCGUUUUCA,4.315846602,19.90111358,24.76701184,9.940736443,0
21ur-1489,UGCAGUUUUUGAUGACAGCAA,10.51987609,153.1280128,4.252921225,7.066306628,0.616093513
21ur-266,UCACACACAACAAAGGCUAAA,0.269740413,1.105617421,7.00481143,0.239535818,0
21ur-2418,UAGAAUUGACAAGUUGGGAUU,1.618442476,28.19324424,29.39519082,2.515126088,0
21ur-3854,UAGGUAGUGAAUUUCACUGUA,10.25013568,173.8583395,108.1993194,12.33609462,0.456365565
21ur-517,UGUAGUUAUCAAUGUUUUUCA,0.269740413,0.55280871,1.125773266,0,0
21ur-4906,UCUAUCUAUAUUGUGAACAAA,14.70085249,314.2717519,248.295548,11.85702299,0.273819339
21ur-4222,UGCUAAGACAAGAUGGGUAAA,53.13886129,1150.394927,1528.112122,31.13965633,0
21ur-508,UAAUUCGUCCUUCAUGGCUGG,0,1.934830487,4.252921225,1.676750725,0