21ur-7040,UGAUUUUUCAGAAAUUCAGAA,0.269740413,8.292130657,4.62817898,0.598839545,0
21ur-7801,UGUUCGUUUUUCCCUUUUCUU,0.809221238,6.633704526,19.51340327,0.958143272,0.136909669
21ur-15663,AUGUAUAUAGAUCGACUAACA,0,0,0,0,0
21ur-13585,UACAUUUGUUUCACACAGAUU,0,1.105617421,0,0,0
21ur-15512,UAAAUGGAUUGAAAUUUUCUG,0,1.658426131,1.125773266,0.598839545,0.068454835
21ur-7154,UGAUCCUUUUCAGUGAGAACU,0.539480825,9.397748078,5.753952246,2.155822361,0.136909669
21ur-10196,CGAGACUUUAAUUUUUGAGCU,0,0,0,0,0
21ur-12055,UUCGAAAUGUUCUGUGGUGUU,0.269740413,9.674152434,5.128522654,0.658723499,0
21ur-9827,UGUUUCGAUUCGAGUGGUUGA,0.539480825,5.343817535,4.62817898,0.838375363,0
21ur-15633,CAUUAAGAAUCUUUGCGAAUU,0,1.658426131,0,0.059883954,0
21ur-5903,UGCACAUCCUAUUUUCAAAAA,2.697404126,65.78423655,25.51752735,1.437214907,0
21ur-15009,UCGGGAAGAAAUUAUCGGCCA,0.269740413,0,0.125085918,0,0
21ur-7038,UGUUCUAGAAUAAAAUAAAAU,0.269740413,8.292130657,6.129210001,0.239535818,0
21ur-10981,UUCAUGUAAGCAGUGUGAAAA,0,0.55280871,0,0,0
21ur-11092,UGCUAGAGUUUGAAUUUCGGG,0,0,0.375257755,0.239535818,0
21ur-11331,UUUGUUUUGUACAGUUGUACA,0,0,0.625429592,0.119767909,0
21ur-13436,UCAAUAACUCAGCUCUAUCUA,0,0,0,0,0
21ur-15440,UAAUCCGUAUCUAUAAUGAAU,0,3.593256618,0.875601429,0.119767909,0
21ur-8308,UCGUUUCGAGGAAACAGUAAA,0.809221238,3.316852263,7.942955818,2.994197724,0
21ur-14329,UUCUCAUGCGAUAGAAUUAGA,0,0.55280871,1.813745817,0.179651863,0
21ur-8950,UUGUUCUAUAGACAUCAUUUC,0.269740413,0.55280871,7.254983267,0.359303727,0
21ur-7711,UCGAUUUUUUUGCUUUUUGCU,1.618442476,9.950556789,16.26116939,5.74885963,0
21ur-12727,UUUGAAGACUUAUUGAAAAUG,0,0,0.687972551,0.119767909,0
21ur-6534,UAGUUAAAACUUUUCCUCUUA,0.269740413,0.55280871,1.125773266,0.479071636,0
21ur-7349,UAGAUAGGCAGGAUUGCAAAA,0,1.658426131,4.378007144,0.119767909,0
21ur-5972,UUGAAUUCUCGAAUUCAAAAA,0.269740413,24.87639197,4.503093062,0.119767909,0
21ur-6546,UUAAAUGGAUUGAAAUUUUCU,1.888182888,44.77750555,28.26941756,4.311644722,0.205364504
21ur-9675,UAUUUUAUAAUUGCCAACGAC,0.269740413,8.292130657,5.253608572,0,0
21ur-14725,UGUAUAUAGAUCGACUAACAU,0,0,0.125085918,0,0
21ur-14621,UUAACUAUUCAGAAGAAAAAU,0,4.975278394,2.626804286,0.119767909,0
21ur-6062,UCUUCGAAGGCAUUAUUUUCU,12.13831857,6.633704526,108.0742335,27.78615488,0.410729008
21ur-6632,UUAUAGAAAUAUACUAAAAUU,0,11.60898292,1.751202857,0.239535818,0
21ur-9457,UGAAUUUUCUGAAUAUUCUUC,0,0,0.75051551,0,0
21ur-12519,UAAUAGAUAGGCAGGAUUGCA,0,0,0,0,0
21ur-6978,UAUCGCUUGAAUUUAGAACAA,0.269740413,1.658426131,1.751202857,0.119767909,0
21ur-11411,UUGAGAAAUUUUGAAUAGAUU,0.269740413,1.382021776,0.437800714,0,0
21ur-5572,UCUCAAAGCAAGUUAUUUUUU,5.394808252,20.45392229,1190.692857,11.49771926,0.273819339
21ur-15171,UAUUUGAAGACUUAUUGAAAA,0,0,0.250171837,0,0
21ur-7925,UAUUAAUCCAUUAUUGCUCUU,0,2.764043552,5.003436736,0.718607454,0
21ur-6464,UUCCAUCACUCAGAAAUCUGU,1.07896165,4.975278394,9.881787553,1.437214907,0.136909669
21ur-7372,UGUUUUGACCACAUUAUAAAU,7.282991141,232.1796584,66.6707945,2.515126088,0.136909669
21ur-11406,UUGAUCGAUUUUUUUGCUUUU,0.269740413,6.357300171,4.940893776,0.718607454,0.136909669
21ur-11881,UUUGUUUGUUUUGCACCCUUG,0,0,1.501031021,0,0
21ur-7172,UUUUGUUUGAAAAAACACUGC,0,0,1.375945102,0,0
21ur-7670,UACUGACUGAAUUUUUUUUCU,1.07896165,11.60898292,11.13264674,0.479071636,0
21ur-10539,UUUCCCCACAGGUAGUCCACA,0,0,0.125085918,0,0
21ur-12013,UUGAUAGCCGGCUAGUUCAAC,0,0,0,0,0
21ur-193,UAGGAAAUUCCGCCCAACAUA,0,1.105617421,11.13264674,0,0
21ur-1103,UGCCACUUUGUAUAUUGGAAU,0.269740413,2.211234842,10.00687347,1.437214907,0.136909669
21ur-3389,UAACGCCUUUUUAAAGUCAAA,0.809221238,5.528087105,22.01512164,1.676750725,0