21ur-1995,UAUCACUCCAUUGAAAUAUUG,2.427663714,7.739321947,9.756701634,3.353501451,0.136909669
21ur-4316,UGCAAUUGAUCCCACAAUUGA,4.046106189,38.69660973,11.63299041,1.916286543,0
21ur-983,UGCCAAAACACCACUGAAUCC,0,21.006731,12.38350592,0,0
21ur-1497,UGAGUUGAUAUUCGAUUGCGG,8.361952791,57.49210589,119.582138,30.96000446,0.684548347
21ur-2686,UCCGGCAUUGAUCUGUGGAGG,15.7348574,97.84714176,306.8983008,76.77122964,0.821458017
21ur-3392,UGAGCAAUCUAUUUAUGCAGA,0.809221238,14.92583518,6.754639593,0.239535818,0
21ur-2527,UGAUGAGCAAUCUAUUUAUGC,0,3.316852263,0.250171837,0.119767909,0
21ur-4366,UGAAUCAGAGUUUGAGUUUGU,0,4.975278394,9.881787553,0.598839545,0.136909669
21ur-970,UAUGAAGAUGAUGAGCAAUCU,1.618442476,16.58426131,7.880412859,4.670948449,0
21ur-512,UUGAGUUGAUAUUCGAUUGCG,2.967144539,16.0314526,30.89622184,9.401780853,0
21ur-12867,UUGCGGUUCUUAGUAAUUUCU,0,0,0.125085918,0,0
21ur-9615,UUAUAGUAUGUUGAUAAAAUC,2.157923301,55.83367976,26.5182147,4.790716358,0
21ur-8012,UUAGAAUUUUUUAAAAAUGUU,0.269740413,13.26740905,2.189003572,0.119767909,0
21ur-9424,UUCCGGCAUUGAUCUGUGGAG,0.49452409,0.55280871,1.688659898,0.718607454,0
21ur-15581,GCAUUGAUCUGUGGAGGAAUU,0.224783677,0.55280871,0,0,0
21ur-9234,UUUGCGGUUCUUAGUAAUUUC,0,0,1.250859184,0.239535818,0
21ur-8504,UUUGCGGUUCUUUGGAAUUUU,0,6.080895815,1.375945102,0,0
21ur-9989,UUUUCAGACUUCAAAAAUUGG,0,0,0.375257755,0.239535818,0
21ur-15265,UAUCGAAAUUCCUUGAUUCAA,0,0,0,0,0
21ur-11081,UGGUUAGAAUUUUUUAAAAAU,0,0,0.125085918,0,0
21ur-1557,UACAUAUCACUUUCAUAACCC,0,0,4.62817898,0.119767909,0
21ur-3239,UGUCAAUAAAGAUGUGUUCAA,31.02014745,419.0290026,329.601395,49.4641464,2.053645042
21ur-5345,UGUCCUUUCCAUAGCAUUACU,8.092212378,59.15053202,84.05773716,4.431412631,0.136909669
21ur-4553,UAACUCAUUGAAACAGUUCUG,0.809221238,1.105617421,0.875601429,0.479071636,0
21ur-1049,UAUAUUUCAGUAGUUGUCAUG,1.483572269,7.739321947,19.57594623,6.886654765,0.479183843
21ur-1377,UGCGUAAGCUAGCCGAAUUGG,7.013250728,121.0651076,237.2879872,27.66638697,0.958367686
21ur-4821,UAUUUUCGACGAGAUCAAAAG,5.394808252,23.21796584,126.1491487,27.66638697,0.136909669
21ur-2085,UCUCAAACUUCUAUAUGAUAA,0.269740413,4.698874039,6.942268471,0.958143272,0
21ur-710,UAGAUCUGAUCUAAUUGUUCC,9.440914442,55.28087105,116.45499,76.65146173,0.136909669
21ur-1072,UUAUUGUCAAAGUGUUUUAGC,1.618442476,34.27414005,57.28935062,9.701200625,0.136909669
21ur-3731,UGAUUAUAUGGUAUUUGUUUC,3.371755158,159.2089086,220.8391889,1.077911181,0.136909669
21ur-844,UGCUCGUGUAGAUCGAACUAG,0.944091444,2.211234842,2.251546531,1.077911181,0
21ur-2023,UGUGCAGUUUUUCGAAACUUA,0.539480825,246.5526849,26.76838654,11.49771926,0.273819339
21ur-3360,UAACUCGUUCAGUUGGCUAUU,11.05935692,31.5100965,241.2907366,26.34893997,0.547638678
21ur-2556,UCAAUCGUAUGGAAACUUCAC,1.888182888,25.42920068,97.31684451,5.509323812,0.136909669
21ur-729,UACUUUUCGUAUUUAUCUUUA,29.80631559,703.1726798,345.3622207,38.20596296,0.410729008
21ur-491,UCAAGUUGCUGAAUUUGACCU,0,0.55280871,2.001374694,0,0
21ur-5313,UCAUCCUCGAAUCAAAUGUUA,2.157923301,25.42920068,62.91821695,6.227931266,0
21ur-579,UGUAUUUUUCCAGUUCUUGGA,1.07896165,2.211234842,7.254983267,1.796518634,0
21ur-1258,UAGACUUGAGUUAGAACGGUU,1.618442476,7.739321947,12.13333408,3.952340996,0
21ur-5233,UACAAAGGUUCCUAGAAGAAU,30.75040704,2790.578371,1721.182237,20.24077661,0.273819339
21ur-3454,UGAUUCUGGAUCAAUGUUUCC,14.29624187,103.0988245,110.32578,33.29547869,0.273819339
21ur-4831,UUUAUGACUCGUGAGGAAAAU,1.213831857,19.90111358,26.58075766,6.946538719,0.136909669
21ur-147,UCUGAUAUCUCUAAUAGGUAA,35.33599405,531.8019795,110.7010378,36.1699085,0.136909669
21ur-5338,UUUGAUUGACAGAAUUGGGAU,35.33599405,488.6829001,301.2068915,72.45958492,1.095277356
21ur-1326,UACGACUGUGCUUUGACAAGG,2.157923301,39.80222716,113.3278421,4.670948449,0.136909669
21ur-4795,UAACUUAUGUUCAUUGACAGC,0.809221238,8.292130657,12.25842,0.718607454,0
21ur-1581,UCUUGUUGUAGUAUAGAUGAA,24.27663714,206.7504577,227.7814574,58.56650748,0.821458017
21ur-2153,UGCACUUCAAGUUUUUUUCUG,0,0,1.250859184,0.119767909,0
21ur-4086,UUAUAUUUCAGUAGUUGUCAU,1.213831857,17.68987874,42.71684113,7.006422674,0.068454835