21ur-2897,UGAAAUCCACAACUACAAUGC,0.539480825,48.37076217,58.16495205,7.665146173,0
21ur-3820,UCGUUUUUCACAUCAGAUAAA,5.934289078,52.14828836,66.46231797,8.263985718,0
21ur-3701,UAAUCUCUUGUUUUCCAUUUC,4.046106189,19.90111358,46.2817898,7.904681991,0.273819339
21ur-119,UGGGUUUAGGCGAUAAUGACU,6.338899696,267.8358202,4.440550103,26.64835974,1.095277356
21ur-12650,UUUUCGGUUUUUUCGGUUUUU,1.07896165,0,0.75051551,0.958143272,0
21ur-10728,UCCAUGAGGGGGCGAAUGAAU,0,2.211234842,0.625429592,0,0
21ur-6663,UAGAUGAUGUUCUGAACCAUU,0.269740413,18.24268745,1.501031021,0.838375363,0
21ur-12522,UAAUACUAACUGAAUAUUUAA,0,1.105617421,0.625429592,0,0
21ur-8029,UAUUUUCUUAACUCAAAUCAG,6.473769903,20.45392229,36.52508817,5.868627539,0.273819339
21ur-11569,UGCUUCUCGGUAUGACUUUUU,0,0,1.375945102,0.119767909,0
21ur-12964,UUCGAUUCUGGAUCCACAGUG,0,0,0.062542959,0,0
21ur-6359,UUCGCGAGGGCGCUUUUUACC,0,3.316852263,1.501031021,0.239535818,0
21ur-5819,UGGUCCUGCUGUAGAAUAAAA,0,3.869660973,0.375257755,0,0
21ur-9570,UUUAUAAGAAAUUUUAUUUGC,0.539480825,23.77077455,6.25429592,1.137795135,0
21ur-15467,UAAUAAUAAUACUUUACUUAG,1.618442476,37.59099231,10.13195939,1.077911181,0
21ur-10340,UGGAAUUAUAAGGCUUAGACA,0,0,0,0,0
21ur-9607,UUCAAAAAAGCCAAUAAUUGA,0,3.316852263,25.1422696,0.359303727,0
21ur-13249,UGAUACACACUUGACUUAGGU,0,1.105617421,1.000687347,0.359303727,0
21ur-15470,UAAUAAGCAAAUUCGCAAUAU,0.269740413,0.829213066,0.562886633,0.179651863,0
21ur-7863,UACUUUCAUUCCUCUUCGUAU,0,3.869660973,3.815120511,0,0
21ur-15072,UCAUUCGCCCCCUCAUGGAUU,0,0,3.252233878,0,0
21ur-11139,UCUGAGUCGAAAAAAAAGCGA,0,0,0.125085918,0.119767909,0.068454835
21ur-12808,UUGUUUUCCUCUGAAUUUCCU,0,0,0.250171837,0,0
21ur-7681,UUUCAAAUAAAAUUUCCCAUG,0,3.316852263,19.63848919,1.437214907,0
21ur-7835,UUGUUUCGUCGCAGCACGCUU,0,0,6.504467756,0.239535818,0
21ur-6067,UGUUUGUUGUGUGUUGUUGUA,16.31929496,352.4155529,66.79588042,23.29485829,0.479183843
21ur-10655,UGUAAUUUUCAUAAGAAGUUG,0.269740413,8.844939368,3.627491633,0.479071636,0
21ur-10620,UUAUUAAAUGAAGUAGAAAAA,0,10.5033655,1.813745817,0.239535818,0
21ur-15305,UAGUUACAAUCGAGUAUAUAG,0,0,0.250171837,0,0
21ur-11983,UUGGUAUAAACACUUCCAAUA,0,0.55280871,1.626116939,0,0
21ur-12817,UUGUUGUGUGUUGUUGUAAUA,0.674351032,12.9910047,1.876288776,1.137795135,0.068454835
21ur-7509,UCUUAAAAAUAGAAAAACGUU,1.07896165,5.712356675,11.13264674,1.077911181,0
21ur-8356,UUCAUUUCGAUCAUCAUUUAA,0.269740413,2.764043552,5.378694491,0.119767909,0
21ur-12484,UACGGCCGUACAGCAAAUUAA,0.809221238,1.105617421,3.752577552,0.359303727,0
21ur-6670,UUGGGUUUAGGCGAUAAUGAC,1.483572269,42.28986635,2.939519082,5.20990404,0
21ur-15609,CUAAACCGUAUGUAGUAAAAG,0,3.777526188,4.315464184,0.638762181,0
21ur-9944,UAAUUCAUUUCGAUCAUCAUU,0,0,0.875601429,0.239535818,0
21ur-8886,UCGUUCGAUUCUGGAUCCACA,0,0,0,0,0
21ur-7614,UUUUGAUGUCCAUUCAAAAUA,0.674351032,58.87412767,5.503780409,3.47326936,0
21ur-11301,UUUUUCUGUUUUCUGGCAUUG,0.539480825,2.211234842,7.28000045,1.077911181,0.273819339
21ur-7951,UUAUUGGCAAAUAUUUCAACA,0.269740413,0.55280871,1.876288776,0.239535818,0
21ur-7873,UUUGUGAAAAUAGAACAUCUU,1.07896165,3.869660973,4.127835307,1.676750725,0
21ur-11455,UUCAGCAACUGAAAUUUUCGA,0,1.658426131,0.250171837,0.359303727,0.136909669
21ur-6249,UUUUGUUUGUUUUCCUCUGAA,1.753312682,22.66515713,12.13333408,4.072108904,0.136909669
21ur-10573,UUGAUUUCUAUUUCAAAUUAA,0.269740413,81.5392848,8.255670614,1.19767909,0.068454835
21ur-6010,UACGCAUCUUGUCUAUUCUGA,0,1.658426131,5.753952246,0.958143272,0
21ur-5605,UUCUCGGUAUGACUUUUUUCU,2.697404126,121.0651076,245.5436578,15.92913189,0.136909669
21ur-11016,UUAUAAGAAAUUUUAUUUGCC,0.269740413,1.105617421,0.375257755,0.179651863,0
21ur-7273,UUUGUUUGUUUUCCUCUGAAU,2.292793507,18.24268745,21.13952021,6.347699175,0
21ur-15120,UCAAUUUUUCAGUUUCGUGCU,0,0,0.250171837,0.119767909,0