21ur-7993,UUGUUUUGCCUUUAACCUCCU,0,33.72133134,4.940893776,0.359303727,0
21ur-13664,UAAACAGACACGUGAGAACAA,0,0,0,0,0
21ur-12551,UAAAAAAAAUCUCGAACCAAG,0,0,0,0,0
21ur-13177,UGGGGAAAAACAAUGAAAACA,0,3.316852263,0.375257755,0,0
21ur-12508,UAAUGAUUACUGUCAACAUUA,0,0,0.125085918,0,0
21ur-14112,UUUAAUAAAAAAUCAAAAAUG,0,0,1.501031021,0,0
21ur-15373,UACGGGCCUAACAAACGCCUA,0,0,0,0,0
21ur-12572,CAUUGGAUUCUAUAUAAUUCU,0.809221238,0,0.375257755,0.598839545,0.136909669
21ur-12285,UGACACCAAAUCCAGCGGAUG,0,0,0.375257755,0,0
21ur-9017,UGAAACUCAACGAUUGACUAG,0.269740413,0,2.251546531,0,0
21ur-14257,UUGAGAUCGGAAAUAUGUGAU,0.269740413,0,1.250859184,1.077911181,0
21ur-7760,UGAAAUGUUGUGAUGAAUUUU,0.539480825,14.92583518,11.25773266,0.598839545,0
21ur-2113,UCCACCUGAUGCGGGAGUGAA,0.539480825,3.869660973,2.876976123,0.479071636,0
21ur-5051,UAAAGUCAAUCUUUCUUGUUU,0.539480825,1.105617421,4.503093062,2.395358179,0
21ur-4616,UGCCUAUUCGUCAAAUUUGAA,6.473769903,256.779646,386.3904019,22.45648293,0.410729008
21ur-298,UGUGAGAAGUUUACAUAUUGA,0.269740413,4.422469684,15.13539613,0.838375363,0.136909669
21ur-1840,UAUCACAAUUUUACGAAUGAU,0.809221238,50.85840137,27.39381613,3.593037269,0.136909669
21ur-526,UCGAUCUUCAAAACUCCUUCA,0.539480825,1.105617421,49.03368001,2.754661906,0.273819339
21ur-4705,UACUGGCAAAUUAUCAUCCUC,0.269740413,0,0.250171837,0,0
21ur-4751,UCAUGUAACAUAGGUGAUUCG,0,2.764043552,5.128522654,0.119767909,0.136909669
21ur-3958,UAGUCUCGCCAUUGCUGUAGG,0,4.975278394,4.878350817,0.239535818,0
21ur-2591,UGGCAAAUUAUCAUCCUCAGU,0,0,0.125085918,0,0
21ur-2182,UCGUUCAAGCACAAGAUGAAU,1.07896165,1.105617421,28.76976123,0.479071636,0
21ur-818,UCAAAGACACGCCCGAAUUAA,1.618442476,54.17525363,106.0728588,3.593037269,0
21ur-267,UAUUCUAUACAAUGGGUAUAC,0.539480825,22.11234842,20.88934837,1.077911181,0.136909669
21ur-3368,UAUUCCGUCUUUCAUCAGGUU,0,0,0.375257755,0,0
21ur-3318,UCGUUCGGAAACUCUUUGUAU,0,0,0.500343674,0.359303727,0
21ur-1336,UCAGAAAUACUUCAUGAGCAA,0.539480825,1.105617421,5.128522654,0.119767909,0
21ur-3080,UGUUUUGUUUCAUCUCUUCAG,0.539480825,1.105617421,2.126460613,0.958143272,0
21ur-3666,UACAUAUGGCUCCAUACUUUA,0,0,0.625429592,0,0
21ur-3463,UAUUGAUUGGAUUUUUGUUAA,16.99364599,353.7975747,128.5257811,69.5851551,0.479183843
21ur-4451,UGAGUCGGGUUUUUUGCUUUU,0,0,0.375257755,0.598839545,0
21ur-2450,UAGAACACUGCCGUUUUUAAA,0,7.186513236,12.69622072,0.419187681,0
21ur-3335,UCAUUUCCCAACUCAUCGACG,0.539480825,2.211234842,18.76288776,2.634893997,0
21ur-899,UGCAAUGCUUAAUGAAUAUCA,2.697404126,38.14380102,51.16014062,0.838375363,0.136909669
21ur-2430,UCUUCGUGAAUUCUCCACAAA,0.539480825,0,6.504467756,0.359303727,0
21ur-3194,UGCGGCUGUGUUUUAAAAGAU,0.269740413,18.79549616,4.127835307,0.838375363,0
21ur-3202,UGGUAAAUAUAUAUCUCACGG,0.539480825,0,5.879038164,0.838375363,0
21ur-4395,UCGUGUCACUAUUGGAUCAAU,0.269740413,2.764043552,5.253608572,0.958143272,0
21ur-1363,UCAACAGGCAAAACAAGGGCA,2.967144539,13.26740905,90.18694716,6.587234993,0.273819339
21ur-1029,UCCGUCUUUCAUCAGGUUGUG,0,0,0.75051551,0,0
21ur-1928,UGAUGUUCUCGCAUUUAUGUU,0,3.316852263,0.500343674,0,0
21ur-1323,UUCAACAUGGUGCUCCUUUAA,0,16.0314526,5.503780409,0.119767909,0
21ur-277,UGUAUCAUCUACUAUGUCUAC,0.539480825,15.47864389,37.15051776,4.670948449,0
21ur-1414,UUGAACGUCGAUAAAAUUUAU,0.269740413,5.528087105,24.76701184,1.676750725,0
21ur-984,UAGGUUUCAGGUCGAUUGUAA,0.539480825,2.211234842,3.002062041,1.19767909,0
21ur-3344,UAUGACUAGUGCAAAUUUCUG,0.269740413,4.422469684,9.756701634,0.239535818,0
21ur-4507,UGAUCGGGAGGUCCUGAUAUC,0.809221238,2.211234842,9.881787553,2.036054452,0.136909669
21ur-1520,UCAUAAGAUCUUUCCCCUGCU,0,0,0.75051551,0.119767909,0
21ur-14428,UUCAAUUUUACUGCAUGGUUU,0,0,4.002749388,0,0