21ur-1965,AAAUGAUCACUAAUUUUCCUU,0.809221238,0.55280871,6.754639593,0.479071636,0
21ur-4093,AUUGAAAUUGGUAUCUUGUUC,0.134870206,6.910108881,3.377319797,0,0.136909669
21ur-3218,UGCUCCACUAUUUAUUAGAAC,2.157923301,23.21796584,43.65498552,1.19767909,0
21ur-993,UGUAUUCCUUAUACUUAGCGA,3.506625364,42.56627071,47.40756307,9.820968534,0.273819339
21ur-4774,AUUAGGACACUUCAUCUCCCU,0.809221238,60.25614944,17.0116849,2.81454586,0
21ur-2601,UCUGCAACUCACAAAGUGUCA,4.855327427,27.64043552,55.72577664,4.371528677,0.136909669
21ur-1536,ACCAAAGAGUCAAAAGAAUGU,1.888182888,14.92583518,39.90240797,2.395358179,0
21ur-2332,UGUUGAAAGAAUUCAUGACUG,4.046106189,11.05617421,8.56838541,1.796518634,0
21ur-4202,UUCAUUUCAUUUACUAGUGAA,4.046106189,42.56627071,7.630241022,4.55118054,0
21ur-4493,AUCAGUCUUUUCAAUCUGUUC,0.269740413,2.764043552,3.502405715,2.036054452,0
21ur-2959,UUUACCUUCUGCCUUUUUGAA,21.57923301,735.7883937,204.0151329,33.65478242,1.095277356
21ur-4111,AUAUCAUCAUUGUCUAGUGGU,2.697404126,1.658426131,36.52508817,8.982593172,0
21ur-3579,UUAAAAAUAUCCAAUGUUUCG,10.7896165,23.21796584,47.03230531,8.0244499,0.410729008
21ur-3710,UUGCAGGUUUGAUUUUCUGUG,4.585587014,28.19324424,18.26254408,17.72565053,0.273819339
21ur-695,UGCAAAAUCUAUAUUGUCAUC,0,5.528087105,3.377319797,0.119767909,0
21ur-2514,GCUGUUAGUAGAUCCAUUGAA,1.348702063,5.528087105,12.63367776,0.479071636,0.136909669
21ur-3445,AUAGGGAAUGACUUUUUUCCC,0.269740413,85.68535013,22.39037939,0.598839545,0
21ur-433,UCAUAAGGAAGCCUGAUUGAA,1.348702063,21.006731,51.28522654,4.55118054,0
21ur-78,AUAAAGAUGGAGUACUGUACU,1.618442476,23.40223541,6.379381838,0.958143272,0
21ur-3906,AUUCCGUUUGUUCAUAAAUGU,6.473769903,116.6426379,88.18557247,32.45710333,0.547638678
21ur-4000,UUGGACAACGUUAUAGAUUCA,1.07896165,68.5482801,23.39106674,4.790716358,0
21ur-3122,UCUCAGUCGUUGAUACAUUGA,32.63858993,270.0470551,789.354688,36.88851596,1.232187025
21ur-2822,UUGAAGACUGUUGAACAUAUC,0.809221238,1.658426131,17.63711449,2.27559027,0.068454835
21ur-4594,UGUUGACCUUAUAUUUUUUUA,4.315846602,158.1032912,67.29622409,0.838375363,0
21ur-1372,UCGGAUAUUAGCAAACAUUAA,1.348702063,39.24941845,25.01718368,2.395358179,0
21ur-2140,ACGAGUCACAAAUAUGAAAAG,0.269740413,12.71460034,17.51202857,0.718607454,0
21ur-3317,UUGAAAAUGGCAUCAAUUGUA,6.473769903,210.06731,323.5972709,8.263985718,0.684548347
21ur-4049,UGGUCCUUGGCUAUAGCCGGC,0.809221238,113.3257857,173.3690829,2.994197724,0
21ur-1496,UUGGAUGACUAAUUUUGACUA,100.8829143,2199.07305,130.9649566,22.39659897,0.547638678
21ur-5426,UUGGUUGAGAUCUCACGCGGA,0,0.276404355,0.312714796,0,0
21ur-42,UUGAAACCUCAGAAAUAGUUU,2.967144539,29.29886166,3.12714796,7.305842446,0
21ur-4579,AAACAUCACCACUGUGAAAAU,1.348702063,24.32358326,82.05636246,1.077911181,0
21ur-1016,UGACUCGUAUUGGACUAAAAA,11.46396754,203.7100098,167.9695407,44.79319795,0.342274174
21ur-1565,UAUGAAAGUCUCACUUAUGAA,1.618442476,16.58426131,14.2597947,0.838375363,0.273819339
21ur-3138,UCAAGUAGUCUUUUAAAUGUA,0.809221238,6.080895815,22.01512164,2.634893997,0
21ur-3304,UGGGCGAUGGAAACUAAUUCG,0.539480825,13.26740905,4.878350817,0.119767909,0
21ur-4715,AUAUAAUAUCAAUCAAAUCAA,9.980395267,201.2223706,195.0089468,9.341896899,0.410729008
21ur-3068,GUGCUAGUAUUCCUCUGUCUC,1.888182888,1.105617421,6.754639593,2.874429815,0
21ur-4696,UAAUUAUGAUUAAAGAAAAAG,15.64494393,483.154813,216.7738966,10.53957599,0.136909669
21ur-366,UUUAGAAAAUGAAAAGGUCAC,11.86857816,133.7797079,115.9546463,14.13261326,0.547638678
21ur-4631,UUGGAUCCAAUAGAUUCGCCA,0,1.658426131,0.250171837,0.239535818,0
21ur-4173,UUGCAAUUCCGAAAUACUUAU,19.24148277,287.2762599,304.959469,6.587234993,0.410729008
21ur-4343,UGAUCCACAAUGACUGUUUCC,0,4.975278394,6.066667042,0.239535818,0
21ur-887,AUGCACAGAUAGUAUUCAUUG,2.427663714,16.0314526,46.2817898,4.55118054,0
21ur-3559,GAAUAAAGGCCGAAGGCAAAC,0.539480825,67.44266268,154.3560233,1.676750725,0.136909669
21ur-5210,CUAUGCAAUGACACUAUGCAA,2.697404126,44.22469684,220.4013882,2.155822361,0
21ur-482,CAGUAGACAUCUCUAACAGCA,0.269740413,6.633704526,62.41787328,4.072108904,0
21ur-3286,UUGUGCAAAGCAUUGUUUUGU,6.20402949,90.66062852,20.51409062,0.119767909,0.136909669
21ur-1962,AUAGUCGUAUGUCGUAUGGAA,0.269740413,0,7.380069185,2.036054452,0
21ur-5050,UAAUCUUUUUCUGAUAUUUGC,0.269740413,19.34830487,5.879038164,0.718607454,0