21ur-14813,UGCGUCAGCUGAAUCUUGAUC,0,0,0,0,0
21ur-13291,UGAAAACGUUUCCUGUUUCAA,0.269740413,0,0,0,0
21ur-9364,UUUUUUUUGUUGAAAAAAAUA,0,0.026185676,0.639328027,0.119767909,0
21ur-6724,UUGUUUUUUUCCGAGGAACAU,0,0.276404355,2.001374694,0.239535818,0
21ur-8051,UUUGUUAUAUAAAACAUGGUA,0.539480825,28.19324424,12.25842,0.239535818,0
21ur-10820,UAAAAUUUUGUGUGAUAUGGA,0.269740413,3.869660973,4.62817898,0.958143272,0.273819339
21ur-7651,UGGUUUUGUUUCCCACGUUUU,0,0.55280871,2.876976123,0.359303727,0
21ur-9809,UUCAAUACAUUUGUUGUGAAA,0,4.146065329,1.063230306,0.179651863,0
21ur-13679,GUUCUUUUGCGUUUUGGAGCC,0,0.55280871,0,0.419187681,0
21ur-11226,UACUCACUCCAUACUACUAGA,0,0,0.125085918,0,0
21ur-8449,UUAAUUUUUGAAAUCUAGUAA,14.56598228,200.1167532,79.67973001,11.37795135,0
21ur-15656,AUUUCAGGAACGUUACUCAUU,0.224783677,0.55280871,0.250171837,0.119767909,0.034227417
21ur-14747,UGGUCUGAUUUCUCGAAAAAU,0,1.658426131,0.375257755,0,0
21ur-9253,UUGGUUGUUGUUUUUUUUCGU,0.809221238,57.49210589,22.14020756,7.305842446,0
21ur-5628,UUAUGAUAGAUCCUCAAAUUA,15.64494393,108.3505073,117.3305915,8.623289445,0.958367686
21ur-10190,UAAAUACCGAACAAUUUUUUU,2.157923301,74.62917592,43.40481368,2.395358179,0.273819339
21ur-6903,UCCUCGAGAAAAUUUUGUUAU,0.539480825,1.105617421,9.506529798,1.556982816,0
21ur-6223,UCUUUUUAUUUAUAAUUAAAA,5.12506784,447.2222468,49.53402368,2.27559027,0
21ur-15201,UAUUCACGAGCUUUUUAUUAA,0,2.211234842,3.002062041,0.479071636,0
21ur-10036,UUGUCGAUCGGAUUAAUUUUU,0,1.105617421,1.000687347,0,0
21ur-14478,UUAUUCUCAGAUGGUAUUUGA,0,0.921347851,0.187628878,0,0
21ur-13567,UACUUACAAUUAGUCGAUCCG,0,0,0.875601429,0.299419772,0.068454835
21ur-6261,UGUUUGAUCAUACCGCAUUUU,1.348702063,2.211234842,14.19725174,0.658723499,0
21ur-12385,UAUUUCUGCACAUUCCUGUUG,0,0,0,0,0
21ur-12863,UUGCUCUACCGUUAAGCAAAA,0,6.080895815,8.380756532,0.479071636,0
21ur-12889,UUGAUCUCUCCUCUUUUAAUA,0.809221238,15.47864389,5.253608572,1.556982816,0
21ur-13990,UUUCUGUUUUUUGUCGAUCGU,0,0,0,0,0
21ur-8423,UUUGCUUGAUUUGUACGUUUC,0,0,2.126460613,0,0
21ur-14706,UGUCUUUUGUAUUUCAUACUU,0,0,0,0,0
21ur-13046,UUAUAGUUACCAUCAGAGGUG,0.539480825,0,0.875601429,0.059883954,0.136909669
21ur-325,UAAUUGGUGCACACCAUCUAU,0,0,0,0,0
21ur-2847,UACAGCGUAGUUACUUAGUUU,0,2.211234842,1.751202857,0,0
21ur-1347,UCGAAAUAACAAUUGUACUUG,0.539480825,1.658426131,8.881100206,2.395358179,0
21ur-3626,UGCCUUCAAAAAUUUGUUGGC,0,12.71460034,6.25429592,0.718607454,0
21ur-3696,UCAGUAUGUGGGUUGAUGUUU,3.506625364,33.72133134,29.01993307,0.119767909,0.136909669
21ur-1576,UCAAAAACUCCCUAAAACAAA,0.539480825,8.568535013,16.19862643,0.838375363,0
21ur-14703,UGUGCAUGUCGGGUCUCCUUG,0,0,0,0,0
21ur-13900,UUUUAACCAAGAAUUCUUGUU,0,0,0,0,0
21ur-6927,UGAGUCAUCAUAUCAGGUAUC,0.809221238,14.92583518,46.40687572,0.239535818,0
21ur-15173,UAUUUCUCCCUUUUUAUGUAG,0,0,0.75051551,0,0
21ur-15179,UAUUUAAUAAUGGACGCAGUU,0,0,0.125085918,0,0
21ur-11509,UUAAUAAUGGACGCAGUUUUC,0,0,0.375257755,0,0
21ur-8861,UGGUGGAGUCUGUUCCAAUUC,0,2.211234842,1.751202857,0,0
21ur-10613,UUAUUCUGUCCUUAAGCGUAC,0,3.316852263,2.626804286,0.479071636,0
21ur-13018,UUCAAAAACUCCCUAAAACAA,0,0.829213066,0.938144388,0,0
21ur-14391,UUCAUUAGACUUGGCGUAAUC,0,0,0.375257755,0.119767909,0
21ur-12256,UGCAGGUACAAUAUAUUUGUU,0,0,0,0.119767909,0
21ur-12776,UUUAUUCUGUCCUUAAGCGUA,0,0,0,0,0
21ur-8445,UUAUUUAAUAAUGGACGCAGU,0,3.869660973,3.627491633,0.119767909,0
21ur-13395,UCAUUUUCUUUUGCGAGUUCA,0,0,0.125085918,0,0