21ur-5476,UCUCCUAUUUUUUUUAACACC,11.64379448,493.3449202,89.24880277,12.0965588,0.410729008
21ur-8090,UCAAUUGUGUGGGAAUUUAGA,2.967144539,22.11234842,27.26873021,3.47326936,0
21ur-13825,UUUUGGAAUAUGAAACAUUUU,0,0,0.125085918,0,0
21ur-9544,UUUUGGUAAUUUGGCCAUUGU,0.539480825,21.006731,16.76151306,1.317446999,0.342274174
21ur-15368,UACUAAUUCGUCCUUCAUGGC,0,0.276404355,0,0,0
21ur-7594,UGACUUUGGAUUUUCUCGAUU,0.539480825,1.105617421,1.501031021,0.371280518,0.068454835
21ur-6180,UUAAGAAACUUUUUCGAGAGU,2.697404126,28.46964859,34.3360846,5.030252176,0
21ur-15515,UAAAUACAAUAUUUUUUGAAA,0,0,0,0,0
21ur-10471,UAAUGCGAUGUGGGUUCAAUC,0.539480825,10.5033655,2.376632449,0.359303727,0
21ur-13938,UUUGGCAAACCUAAUACAUUC,0.269740413,17.96628309,9.631615716,0.718607454,0
21ur-8872,UGAAAUUUGAGUCGGUUCGUC,0.539480825,2.211234842,2.126460613,0.119767909,0
21ur-8790,UACUAUAGAUGCAAGAUAAAC,0.674351032,7.739321947,2.751890205,0.119767909,0
21ur-9131,UGUUUUCUUGGAUGAAACUGA,0,0,0.250171837,0,0
21ur-15695,AAAUAUCUAGGAAUGCGAAAG,0,1.382021776,0,0.119767909,0
21ur-15546,UAAAAAUCAUCAUUUGUUUGG,0,0,0.875601429,0,0
21ur-7709,UCUACCGUACAAAAUAUAAUA,2.967144539,258.1616678,47.28247715,0.239535818,0
21ur-15044,UCCGUUUCUGUAUAACAUAUU,0.134870206,0.276404355,0.938144388,0.319381091,0.091273113
21ur-5568,UUUCGUUCUGUUUCUUGUGAA,20.50027136,82.64490222,55.66323368,36.70886409,0.273819339
21ur-15463,UAAUAAUUGCACUGUAUUAAU,0,1.934830487,0,0,0.136909669
21ur-8213,UUACUAAAAGCUUCUAUAUGA,0.269740413,1.658426131,6.25429592,0.239535818,0
21ur-8178,UAAUAAUUUCACUCAAAAAGA,0.539480825,7.186513236,8.255670614,0.598839545,0
21ur-7997,UUGCAAGAGAAGCAGUAUAUC,0,11.05617421,1.250859184,0.089825932,0.136909669
21ur-13857,UUUUCUGUAGUUUCAUUAUGU,0,0,0,0,0
21ur-8593,UACAUAUUUUUGACAAUAUGA,0.269740413,1.105617421,1.375945102,0,0
21ur-10988,UUCAGAACGACACAAUUUUGA,0.269740413,3.869660973,13.00893551,0.119767909,0
21ur-6250,UUUGAUAUGAUUACUUAAUCC,2.023053095,70.48311059,9.193815002,5.868627539,0
21ur-12432,UAUACUUUGCUUAUGUGCAAA,0.269740413,10.5033655,1.375945102,0.479071636,0
21ur-10012,UUUCUUAUAGGAACGAGUUUU,1.618442476,13.82021776,30.89622184,4.072108904,0
21ur-6406,UUUUGAGGUUCUUAACAUUGA,12.67779939,268.1122246,195.5092904,28.98383397,0.136909669
21ur-15675,AGAACAGCGUGUUGAUGCAUU,0,0,0,0,0.136909669
21ur-10555,UUUAAUUCACUUGAUUUUCAA,0,0,2.126460613,0.239535818,0
21ur-10205,UUUUGUUCGCAAAUCUGUCCA,0,1.658426131,4.565636021,0.998065908,0
21ur-7620,UUUGGAGUCUAUUUCCGUAAA,7.822471966,91.21343723,21.07697725,12.69539835,0
21ur-9694,UAUAGCGAAAUCUUUCAACUG,0,0,0.875601429,0,0
21ur-13989,UUUCUUAUUAGCAUUCACUUC,0.269740413,1.105617421,6.879725511,0.838375363,1.095277356
21ur-9335,UAGUUUUGACUUACUAAAAAU,0.809221238,12.16179163,16.13608347,0.718607454,0
21ur-11109,UGAUAGCUCUUCCGAGCGAGU,0,2.211234842,1.501031021,0.239535818,0
21ur-9048,UAUAGAAACGUUUCCCUCCUA,0.269740413,3.316852263,2.751890205,0.119767909,0
21ur-12376,UAUUUUUAACCUUUUUUGUCG,0,0,0.250171837,0,0.136909669
21ur-10231,UUUCUCAUUCCUUUCCCAAAA,0,0.55280871,1.501031021,0.239535818,0
21ur-10401,UCAAAUUGGUGCAUCGAGAAG,0.269740413,5.528087105,25.01718368,0.479071636,0.136909669
21ur-8836,UUCUAUCUAUAUUGUGAACAA,0.134870206,14.09662212,4.190378266,0.718607454,0
21ur-10674,UGCGAUAUUUUUGCGUUUUUU,0.539480825,4.975278394,0.75051551,0.718607454,0.136909669
21ur-10907,UUUAUACCAUUCUUUCAGAUU,0.809221238,8.844939368,17.26185674,8.0244499,0
21ur-10363,UGAAAAAAUGCUCUUAAAAAA,0,0,0.500343674,0,0
21ur-13106,UUAAGAGUGAACAAAAAAACU,0,0,0,0,0
21ur-10112,UCUUUAUAGGUUUCAUUUCUG,0.809221238,3.869660973,10.8824749,1.077911181,0.136909669
21ur-9813,UUAUCGAUCCAAACAAAAACC,0.269740413,0,5.378694491,0.53895559,0.136909669
21ur-9539,UUUUUUUUAAAAAUUGGUAAC,0.64063348,45.33031426,26.64330062,0.718607454,0
21ur-10228,UUUGAAAAAUGAGGCCUCAGU,0,1.658426131,1.313402143,0.119767909,0