21ur-4432,UGCCAUCCAAUAAUUAUGUGG,0,13.26740905,3.12714796,0.119767909,0
21ur-2673,UACUAGACUUCCUGUCGAAAC,0.539480825,2.764043552,9.631615716,1.676750725,0
21ur-1826,UGCAAUAAUCACGCUGCGAUU,0,13.54381341,17.63711449,0.838375363,0
21ur-4263,UCAUAUGUUAUAAAUAAAGCA,0.539480825,0.55280871,0.875601429,0.119767909,0
21ur-3177,UAUUCGCUUAAUAUAACGGGA,0.809221238,0,3.752577552,2.515126088,0
21ur-5533,UGGGAAAAAUGGUUGACAUUU,0,7.739321947,5.503780409,2.036054452,0
21ur-8529,UUCAUUAAAACUUUCCGGACA,0,1.105617421,2.626804286,0.359303727,0
21ur-11795,CUAGUGGAAGGUUUCUGAUAU,0.269740413,0,0.125085918,0,0.273819339
21ur-9344,UAGAAUGAAUGAGAUCAAAUU,0,0.829213066,1.501031021,0,0
21ur-11605,UGAACAUUUGGUUUUUCUUUC,0,1.382021776,2.001374694,0,0
21ur-10684,UGAUAGAAUGAAUGAGAUCAA,0,0.276404355,0.125085918,0,0
21ur-6508,UUAACUUUUUGAUCAACAAAG,1.07896165,15.47864389,26.26804286,3.712805178,0
21ur-12694,UUUGUAGAAAACGUUAAAAGU,0,0.55280871,4.002749388,0.239535818,0
21ur-13589,UACAUAGCUUUUCCAGUGAUU,0,3.316852263,1.125773266,0.598839545,0
21ur-10526,UUUGGAAUUUCUUUCGGCUUU,0,0,0,0,0
21ur-10776,UAGACAUAUUAGGUCACCAAA,0,0.55280871,0.312714796,0.119767909,0
21ur-8128,UUCUGGGAUUUGUUUAUCAUU,0.269740413,0,0.75051551,0.239535818,0
21ur-9304,UGAAAAUAAAAAAAAUACCGG,0.269740413,4.422469684,36.77526001,0.718607454,0
21ur-8656,UGUCUUUUCUUUUUUUGAAUA,0,1.105617421,1.501031021,0,0
21ur-14271,UUGACAUCCUAGCAAAAUGUU,0,1.658426131,0,0,0
21ur-14805,UGCUGCAAUAAUCACGCUGCG,0,0.276404355,0,0,0
21ur-8920,UAAUCCGUUUUUUUCUUGUAA,2.157923301,30.95728779,31.02130776,5.988395448,0
21ur-10369,UCUGGGAUUUGUUUAUCAUUU,0,0.55280871,0.250171837,0,0
21ur-11097,UGCAUCGAUAAUUGUCAAAAA,0,0.55280871,0,0,0
21ur-9967,UAAAAACUUUGGGGCAGCAAA,0.539480825,2.764043552,3.627491633,0,0
21ur-14801,UGCUGUUAGACAUAUUAGGUC,0,1.658426131,0,0,0
21ur-10998,UUAUUGAAGGGUUUAUCCCAA,0,0.55280871,1.626116939,0.479071636,0
21ur-5495,UGCGUUGAUUAUUUGCAAAAC,5.934289078,102.2696114,302.0824929,11.73725508,0.547638678
21ur-9901,UCAUUGCUUGGUCUUUUUUUU,0.269740413,12.16179163,11.75807633,1.19767909,0
21ur-11876,UUUUACACACAAUUGGUUUUC,0.539480825,3.316852263,19.51340327,0.598839545,0
21ur-11856,UUUUCUCUAUUUGUAUAUGUA,0.269740413,1.105617421,1.000687347,0.239535818,0
21ur-8163,UCCCAUUUCCGUACCUCAAAU,0.269740413,4.422469684,3.252233878,0.718607454,0
21ur-10677,UGCAUUGUUUCCCACUAAUUC,0.269740413,1.105617421,6.25429592,0,0
21ur-7386,UCGUCCGAAUAUCGUCUUAUU,0,0.55280871,14.2597947,0.958143272,0
21ur-11947,UUUAUCAUAGUAACGAAGUUA,0.269740413,3.316852263,3.87766347,0.119767909,0
21ur-12146,UUAAAGUCGACCAAAAGAAAA,0,0.55280871,1.501031021,0,0
21ur-10784,UACGUUUGUAUUAUACAAUUU,0,0,0.250171837,0,0
21ur-14781,UGGAGUACUGGAGUACUGGAA,0,0,0,0.119767909,0
21ur-13173,UGGUCGUCGAUCAGGCAAAGU,0,0,0.687972551,0.119767909,0
21ur-13870,UUUUCGAAAAAGAAAAAAGCA,0,2.764043552,0,0,0
21ur-12499,UAAUUAUGGCGAAAAAAAAAC,0,0,0.125085918,0,0
21ur-8411,GAGCAAUUUUUCGAUUCAAAA,15.64494393,1.105617421,0.500343674,16.52797144,0.136909669
21ur-14859,UGAUCUAUGAUAUAAUCCACU,0,0,0,0,0
21ur-14211,UUGCUUUUCCGCGUCCUUGUA,0,0,0,0,0
21ur-13196,UGGAACAGUUGAUGAUCGGGA,0,0,0,0,0
21ur-12786,UUUAGGAAAAAACUACAGAGC,0,0,0,0,0
21ur-12266,UGAUUCGUCUAUAGUAAUGGA,0,0,0.875601429,0,0
21ur-15550,UAAAAAGUCAUUCCGAGUCGG,0,0,0,0,0
21ur-15243,UAUGUAAGGGAUCGCCCAGAC,0,0,0,0,0
21ur-15386,UACCCAUCUCGCCAAAUUUUU,0,0,0,0,0.136909669