21ur-8615,UUUCCAUUAAAAAACCCAAAA,0.269740413,3.869660973,4.065292348,0.119767909,0
21ur-8333,UUUUCUAGCCCUCCGAUUUAA,1.618442476,47.5415491,41.52852491,0.119767909,0
21ur-6529,UGCUUUUUCUGCAAAGUUGUC,4.046106189,41.46065329,136.2185651,18.50414193,0.273819339
21ur-7175,UUUUCAAAAAAAAACGUAUGA,1.888182888,33.16852263,52.59862868,2.395358179,0.136909669
21ur-11324,UUUUAGUUUUUGGAAAUAGCU,0.269740413,0,0.875601429,0.119767909,0
21ur-13264,UGACUAUAUCAGAGAAGAGUG,0,0,0.250171837,0,0
21ur-15456,UAAUAGAGCUAGGUUCCGAAA,0,0,0.250171837,0.059883954,0
21ur-14424,UUCACAUCUUCACUUUUAGAG,0.674351032,1.934830487,5.503780409,0.239535818,0.136909669
21ur-6096,UUUGAAGAUUUGUUUUGCGCU,0.269740413,0.55280871,9.131272042,1.796518634,0
21ur-12746,UUUCUAAUCCAAAAUUCUAAU,0,0.55280871,2.063917653,0.119767909,0
21ur-10503,UUUUUCAAAAAAAAACGUAUG,0,4.422469684,3.106300307,0.359303727,0
21ur-7628,UUGAGCAAUCGAUUCGGGUUA,0,0.55280871,3.752577552,0.299419772,0
21ur-15075,UCAUUAAAAAUCUGAAGAAAC,0,1.105617421,0,0,0
21ur-8279,UUCAGCGAAAAAAACAAACAA,0.539480825,0.55280871,1.876288776,0.119767909,0
21ur-10057,UUCGUAAUAGUAGAAUACAGA,0,1.105617421,4.002749388,0.898259317,0
21ur-11067,UGUGAAGACUACUGGAAAUUA,0.269740413,1.105617421,5.128522654,0.119767909,0
21ur-11597,UGAGAAAUCGAUUUUCCUUUG,0,0,0.125085918,0,0
21ur-12232,UGGAGUUUUUUUGAUUCUGUG,0,0,0,0,0
21ur-5576,UUCACAAAAAAGAGAUUUGAA,2.157923301,46.98874039,39.33952133,0.718607454,0
21ur-7127,UAUAUCGUUAAUCUGGCAAUC,0,2.211234842,9.881787553,0.598839545,0
21ur-7125,UAUUGAAUGAACCUUAGAAAA,1.483572269,23.77077455,3.87766347,0.119767909,0
21ur-9626,UGUUUAAAAUUGGUGAAUUCA,0.269740413,46.98874039,68.29691144,2.27559027,0
21ur-10388,UCAUAUGGUAAUCUGGGUUUA,0.269740413,2.211234842,1.375945102,0,0
21ur-8960,UUGCUUGAAAAAACUUUUGUA,0.809221238,0,8.130584695,1.676750725,0
21ur-7267,UAGUGAGACUGUUCUGAAAAA,0.809221238,6.080895815,2.251546531,0.958143272,0
21ur-11129,UCUUGGCUCAAAAUUGUUAUG,0,0,0.250171837,0.239535818,0
21ur-15119,UCACAAAAAAGAGAUUUGAAU,0,0,0.062542959,0.119767909,0
21ur-7097,UGUGUAGUUUGUUCAUUAAAA,2.157923301,13.54381341,7.630241022,1.437214907,0
21ur-12227,UGGCCAAUUAUUUAUCUCUGU,0,0.55280871,0.125085918,0.239535818,0
21ur-14697,UGUGUGAAGUGUGCGAAGUCG,0,1.105617421,0.375257755,0,0
21ur-11424,UUCUUGCAAAAUCGGUGUGAA,1.348702063,8.015726302,4.315464184,0.479071636,0.616093513
21ur-7021,UGAAUGAACCUUAGAAAAAAG,1.213831857,17.13707003,11.38281857,0.359303727,0
21ur-7178,UUUGCAAAUAGAAAGGUGGCA,1.483572269,8.844939368,9.506529798,1.137795135,0
21ur-14786,UGGACUUUGUGAUUGAAAAAC,0,0,1.375945102,0.119767909,0
21ur-9296,UGCAGAAUAUGGACUACAAUU,0,4.422469684,0.375257755,0,0
21ur-12576,CAAAGCAUUAUCUGAAUUUUC,0.269740413,0,0.125085918,0,0
21ur-15091,UCAGUUAGCGAGUAAGUGUGC,0,0,0,0,0
21ur-11883,UUUGUUGAUGUUCUGAACACA,0.674351032,9.950556789,0.062542959,0.179651863,0
21ur-6409,UUAUUGCAGAAUAUGGACUAC,1.348702063,6.080895815,18.76288776,3.113965633,0
21ur-10565,UUGUGUAGUUUGUUCAUUAAA,0,1.382021776,0.125085918,0,0
21ur-6175,UGUUCGAAGAAAAUUAAGUUU,0.539480825,28.74605295,20.63917653,1.556982816,0.136909669
21ur-10478,UAAGAUGUAUUUUAGUAUUUU,0,26.5348181,3.12714796,0.239535818,0
21ur-8578,UAUUCCGGACUCCGAACGUUC,0.269740413,0,1.250859184,0.359303727,0
21ur-13853,UUUUCUUAAUACAAAAUUCGA,0,4.422469684,5.879038164,0.718607454,0
21ur-6862,UUCCAUUAAAAAACCCAAAAA,0.269740413,13.26740905,16.19862643,0.149709886,0
21ur-9978,UUUUUUCUUACCAAGAAAUUA,0,5.528087105,0.125085918,0,0
21ur-13043,UUAUAUCGUUAAUCUGGCAAU,0,0,0.375257755,0,0
21ur-5863,AGAUUAUGCUAAUGUGAAAGA,1.07896165,3.316852263,27.39381613,4.191876813,0.136909669
21ur-15253,UAUGAUGUUUAAAAUUGGUGA,0,0,0.250171837,0,0
21ur-14210,UUGCUUUUUCUGCAAAGUUGU,0,1.105617421,3.752577552,0.179651863,0.136909669