21ur-7412,UUCCGUUGUGAGAUGUAAACA,0,9.397748078,5.128522654,1.556982816,0
21ur-15111,UCACUGACUAAAAAAUGUAGG,0,0,0.250171837,0.119767909,0
21ur-6545,UUCCGAUCUAGAUUUCAUCUA,0.269740413,3.869660973,7.380069185,0.479071636,0
21ur-13021,UUAUUUUAGCUUUAAGAAUAA,0.809221238,13.82021776,1.375945102,0,0
21ur-7845,UGUUUUUCCAAAUAUAUCGUU,5.12506784,3.869660973,18.63780184,2.455242134,0.273819339
21ur-12393,UAUUGUUUGUUUUGAACCAUA,0,8.292130657,3.252233878,0,0
21ur-5848,UCUUUGAAGAUAUUAAGAUAU,0.269740413,39.80222716,6.004124083,0.119767909,0
21ur-6739,UCAUUUUGUAAGAUAUUUCAA,0.539480825,4.422469684,3.87766347,2.27559027,0
21ur-12360,UCACUCAGCCUGUGCAUUGAA,0,0.55280871,2.189003572,0,0
21ur-11993,UUGCUUCUAAUGGUUUUCUAU,0,0,0,0,0
21ur-9026,UCGUUCCAUAUUUUAUUUGGU,0,0.55280871,4.378007144,0.359303727,0
21ur-8476,UAUUGGGCUAAACGACUGAGC,0.269740413,2.90224573,3.064605001,0,0
21ur-10084,UGUUAUCUUAGUGAGCUGUAU,0,0,0.187628878,0,0
21ur-8527,UUCGUUGUCAUGUAUUUUUUU,4.585587014,48.64716652,100.5690784,18.56402589,0.410729008
21ur-6743,UUGUUUGUGCAAUUGCUAAAA,5.664548665,82.36849786,32.77251062,3.233733542,0
21ur-13396,UCAUUUUCUGUUUGACCUCCA,0,0,0.375257755,0,0
21ur-15307,UAGUUAAUAGAGGAUUUUUGA,0.809221238,0.276404355,0.875601429,0.119767909,0
21ur-13647,UAACUAGUAAAUUAAAAAAUA,0.539480825,3.869660973,1.000687347,0,0
21ur-7793,UUCGGUUCAAAAUUUAAAACC,3.776365777,57.49210589,50.97251174,1.856402589,0
21ur-7576,UACAAUUAAAUUUCACAAAAU,5.259938046,120.5122989,147.5388407,4.191876813,0.273819339
21ur-10929,UUGUCAAAUAAACAGUCGAAA,0,1.382021776,1.813745817,0.119767909,0
21ur-9541,UUUUUGUGAAAUCGAGCAAUU,0.269740413,0.276404355,0.250171837,0.119767909,0.136909669
21ur-8493,UAAAUUAAAAUGUUUGAUUGA,1.348702063,14.92583518,31.89690919,2.874429815,0
21ur-5529,UGAUGAUAAAAAACACCAAAA,9.980395267,474.8626823,29.01993307,0.718607454,0
21ur-11220,UAGACCAAUGACCAAAAAUUG,0,1.105617421,0,0.239535818,0
21ur-8036,UAUCUUAGUGAGCUGUAUUUU,0,0,2.564261327,0.479071636,0
21ur-8023,UCUUAUGUGAAUAGCGAAAUG,0,0,0.250171837,0,0
21ur-11259,UAAGCUAGCAAAAAUCAUUUU,1.07896165,8.292130657,201.2006997,0.838375363,0
21ur-10617,UUAUUACACGAUUGAUCUCAC,1.348702063,68.73254967,26.83092949,1.437214907,0
21ur-8927,UUUUUUCUUGAUCAGAGCUGC,0.269740413,2.211234842,7.880412859,0.718607454,0
21ur-10279,UUCGAAGCUAUUUGAAAUUCU,0,0.55280871,0,0,0
21ur-11698,UAUUACCCACAAAAAAAAAUU,0.269740413,5.528087105,4.62817898,0.119767909,0
21ur-9625,UGUUUGCUUAAAUCUGAUGAA,2.023053095,18.79549616,9.443986838,4.730832404,0.410729008
21ur-8483,UAGGGAGGCAAACUAGUUUUA,1.168875121,8.199995872,4.169530613,0,0.136909669
21ur-7705,UCUUUCAAAUUAUCGUUCUUU,2.427663714,31.5100965,123.5848874,18.92332961,0
21ur-9415,UUGAAAUUCACAAAGCUGGAA,0.539480825,0.55280871,8.693471328,0.718607454,0
21ur-13176,UGGGGUAAACUUGAGGGAAAU,0.674351032,4.422469684,3.12714796,0.419187681,0
21ur-8821,UUUACAUUCAGAAUAUCCAUA,1.07896165,5.528087105,11.32027561,0.958143272,0.068454835
21ur-8800,UUUUUUUGCUAAGAGAUAUCG,0,0,1.000687347,0.239535818,0.008731068
21ur-15132,UCAAUACAUGCUCUUCUCAUU,0,0,0,0,0
21ur-5506,CAAAAAAAACAGUUUCAACAA,0.269740413,1.105617421,0.75051551,0.119767909,0.136909669
21ur-13941,UUUGGAAUAUGAAACAUUUUG,0,0,0,0,0
21ur-10328,UGUGUGUGACCAAUGAAUUUG,0.134870206,11.33257857,5.316151532,0.119767909,0
21ur-8331,UUUUGCAAACAUGUUUAUUGU,0.539480825,20.45392229,7.630241022,0.598839545,0
21ur-6013,UGAGAUUGGAAAAAAAAAUUC,2.697404126,103.0066897,69.79794246,6.108163357,0
21ur-14088,UUUAGUUUCCAAACGUUUAAA,0,2.211234842,3.439862756,0.359303727,0
21ur-7595,UCUUGUUUUUUUUUAUUCUUG,0.269740413,12.16179163,5.003436736,0.958143272,0.136909669
21ur-10395,UCACUUUUGAAGAAAAAGUAC,0,0,0.125085918,0,0
21ur-14244,UUGAUCGGAUUUGCUCACACC,0,0.55280871,1.876288776,0.239535818,0
21ur-7306,UAUCUAUACAGGAUUAGCUUG,3.911235983,4.698874039,11.00756082,3.293617496,0