21ur-6761,UUUACAAAAUUUUGAAGGAUC,6.338899696,186.2965354,159.35946,15.21052444,0.136909669
21ur-11616,UCUGGUCUCUGAUUAUUGGAG,0,0,0,0.119767909,0
21ur-6021,UUUGUUUUGCCAAUAAUAAAG,30.48066663,1395.289185,605.1656732,14.25238117,0.136909669
21ur-12630,UUUUGUCGAGACUCAUUGUUA,0,0,0.125085918,0,0
21ur-11502,UUAAUUCAAGCAAUCCAAACG,0,0.829213066,1.313402143,0,0
21ur-8760,UCUUUUGAGUUCUAUUUCUUU,1.888182888,5.528087105,17.51202857,4.191876813,0.136909669
21ur-7245,UUUUAGACGAGGAUGGUGAAU,0,0.55280871,2.376632449,0.119767909,0
21ur-10843,UUUUUUAGCUAUAAUUGGUUC,0,18.24268745,9.881787553,0.359303727,0
21ur-12371,UCAAUAAUAGUGUCUUUUCGG,0.269740413,3.869660973,5.753952246,0.359303727,0.205364504
21ur-10118,UCCUUGUCCCUUUUCAUAUGA,0,5.528087105,1.250859184,0.838375363,0
21ur-11032,UUAAUUUUUGAUGUUUUAACA,0.269740413,5.970334073,2.751890205,0.479071636,0
21ur-15134,UCAAUAAACUCUUUAGAACUU,0.269740413,4.146065329,1.688659898,0.359303727,0.068454835
21ur-6419,UAAAUCCUUCGUUUAAAUUGU,2.697404126,23.77077455,55.91340552,6.946538719,0.273819339
21ur-10615,UUAUUAUUUCUAAUUUGAAUA,0.269740413,7.739321947,3.002062041,0.718607454,0
21ur-13711,CAAGGAAAAAUAUCCACAGAU,0.134870206,0,0,0.004435848,0
21ur-5990,UUUCAAUAAACUCUUUAGAAC,3.776365777,150.0875649,90.37457604,5.269787994,0.205364504
21ur-12691,UUUGUCGAGACUCAUUGUUAU,0,2.764043552,1.626116939,0.359303727,0
21ur-12342,UCCAUAGCUAAAAGCCAAUUA,0,0.276404355,0.250171837,0.059883954,0
21ur-10668,UGCUUUUUUGAAAGUUAAGUC,0.269740413,15.47864389,5.253608572,0.958143272,0
21ur-6885,UUCCAAUGUUCUUUGCUUGUU,0,0,1.375945102,0.479071636,0
21ur-8018,UGCGUUUUCGAGUAAAUAUAC,0.539480825,12.71460034,13.50927919,0.718607454,0
21ur-14835,UGCAAAUCCUUGUUAAAGUGA,0,0,0.125085918,0.119767909,0
21ur-13855,UUUUCUGUCGAGUUACAGAAA,0,1.105617421,0.125085918,0,0
21ur-6872,UCAAAAGUGAAACAUUGAUUU,0,5.528087105,0.875601429,0,0
21ur-10730,UCCAAUGUUCUUUGCUUGUUC,0,0,0,0,0
21ur-5513,UAUUUUAGACGAGGAUGGUGA,0,9.397748078,3.002062041,0.598839545,0
21ur-6446,UAAUUCAAGCAAUCCAAACGA,0.269740413,2.487639197,46.15670389,0.359303727,0
21ur-7302,UCGAAAACGCAUUAAAAUUGA,1.618442476,8.292130657,37.02543184,2.155822361,0
21ur-11425,UUCUUCUAUAGAUUGUUGGAA,0,0,1.250859184,0.119767909,0
21ur-12406,UAUUCAUAUGUACUAUAUAGA,0,6.080895815,2.876976123,0,0
21ur-12338,UCCGUACAGUUUUCUAACUCA,0,1.105617421,0.75051551,0.239535818,0
21ur-8125,UUGCAAGUUUUGUCCGAAUAG,0,0.55280871,1.501031021,0.239535818,0
21ur-2750,UCUGAUCAAUGAAAUAUUAUC,0,0.55280871,1.125773266,0.239535818,0
21ur-1619,UUUUCUCUCCUAUCGAGUGGU,17.93773744,38.14380102,86.49691257,33.83443428,0.547638678
21ur-4952,UGACAAAAGUAUAAUGUAAAG,8.361952791,196.10889,204.8281914,5.928511493,0.273819339
21ur-4678,UCUCAGGUAUCGUGCAGCAUA,0,4.975278394,16.88659898,0.119767909,0.136909669
21ur-80,UUGACAAAAGUAUAAUGUAAA,0.269740413,6.495502348,4.190378266,0.059883954,0
21ur-7524,UAAAAGGGAAGGAGACUUUUU,0,2.211234842,3.12714796,0.239535818,0
21ur-10535,UUUCUCUCCUAUCGAGUGGUA,0.134870206,2.764043552,1.938831735,1.497098862,0.273819339
21ur-11761,UAAUCUGAUCAAUGAAAUAUU,0,0,0.125085918,0,0
21ur-5566,UCAGUCCUUUUUUUUUGAUAA,4.046106189,148.9819475,86.55945553,14.37214907,0
21ur-3107,UGAUGAAAAUGCAAAACCAAA,14.29624187,890.2984283,39.40206429,1.317446999,0
21ur-4728,UGGGCAAAAGUUAGGCAGGCA,0.539480825,11.66426379,10.00687347,0.598839545,0
21ur-5442,UAAGUUUCUCUAUAUUUUUGC,5.12506784,210.6201187,71.04880165,12.21632671,0
21ur-15618,CGCGGAGAUGCAGAUUUUUGC,0,0,0.125085918,0,0
21ur-6272,UUUCCUUAGACUGCGUGUUUC,0.269740413,0,10.50721714,0.359303727,0
21ur-6968,UUUCACUUGCAUUGUUUCUUC,0,2.764043552,5.253608572,0.598839545,0
21ur-8384,UCUCAGGUUUUUUCACUGUAC,0,2.211234842,0.250171837,0.479071636,0.136909669
21ur-11095,UGCGCCACUGAAAAGUUGUCG,0,0,1.501031021,0,0
21ur-11491,UUAGUAAGUUUCUCUAUAUUU,0,0,0,0.119767909,0