21ur-2834,UUCCACGGCUGAACAGGACAA,14.02650146,88.44939368,276.5649656,23.29485829,0.410729008
21ur-3747,UCCUGCCCCUCAUUCCAAUUC,0,11.05617421,1.501031021,0.119767909,0
21ur-1915,UAUUGAUUUGAUUACAACAAU,5.484721723,80.71007173,11.1951897,5.269787994,0
21ur-2364,UGAAUUUCCUUGUUGUCUUUG,1.07896165,32.61571392,47.65773491,10.77911181,0.136909669
21ur-573,UAUUGCUACGCGAAUGUUAUU,0.269740413,39.57189019,14.32233766,0.119767909,0
21ur-2107,UACUAUGUGGUGUGUUGUAAA,0.944091444,8.292130657,13.25910735,0.359303727,0
21ur-1815,UGCUCUUCUAAUGCUAUCAAA,5.12506784,18.79549616,53.0364294,3.952340996,0
21ur-4956,UGACACAUUUUUUGGAAUAUU,4.450716808,44.22469684,40.52783756,6.048279402,0
21ur-2049,UCUUACAUUAUUGACAGUUAG,0.809221238,23.21796584,39.21443542,3.892457041,0
21ur-4984,UCUUGCGAGUUAUUUUUCUAU,1.07896165,24.59998762,12.63367776,2.81454586,0.136909669
21ur-4597,UGUAUUCAGUCAGUCUAAGAU,0,0,0.375257755,0,0
21ur-5026,UGCGUGUAUAGUACGACUUAA,4.315846602,69.65389752,46.2817898,6.946538719,0.684548347
21ur-3214,UCUUUCGCAGAUUGUUUCUGA,4.585587014,13.82021776,40.65292348,2.994197724,0
21ur-1863,UAAUACAUCCUUCUAAUCCAA,10.7896165,190.7190051,162.9869517,10.77911181,0.479183843
21ur-1185,UGCAUCCAAUUUUUUGACAUU,0.539480825,13.26740905,15.26048204,1.796518634,0.136909669
21ur-1953,UCCUUUGUAUACUUCAUCUUC,0.269740413,11.60898292,80.05498777,2.994197724,0.273819339
21ur-2739,UGCACUCUGCAGCCUAAUAGU,9.710654854,118.8538728,37.02543184,1.556982816,0.136909669
21ur-3351,UAAUUAAGGUGGAUGUGUACA,1.07896165,70.75951494,47.90790674,1.077911181,0
21ur-4397,UAUUGAACUCUUGGUCUACGU,0.269740413,6.403367563,10.63230306,0.958143272,0
21ur-2506,UAAAGUAUGUGCCAAAAAUCG,0,0,0.125085918,0,0
21ur-4404,UGAUCCGAUUGGAAAAUAGGG,0,0,0.250171837,0,0
21ur-2186,UGAUCAAUUCUAAAGUUCCAA,4.046106189,84.026924,82.55670614,10.53957599,0.273819339
21ur-5277,UACAAAUAUCCAAUUGUUCCA,0,1.105617421,2.001374694,0.958143272,0
21ur-1604,UAUUAGUAGGUCAGCUUUGAA,26.83917106,288.0133382,335.2302613,16.7076233,1.095277356
21ur-3407,UUCAUCAAGCUAAAAUCAGAA,13.21728022,79.0516456,290.6996743,11.49771926,0.136909669
21ur-1246,UUAUUUGACCAGAAUACUUCC,1.888182888,6.080895815,21.01443429,4.790716358,0.136909669
21ur-4045,UGCAUAUUUCAUUGCUAGGCA,8.901433616,147.047117,233.1601519,6.707002901,0.273819339
21ur-28,UAAUUCGACGAUUGUUGUUCU,2.832274332,13.54381341,32.27216694,46.88913636,0.136909669
21ur-4754,UUGAAUGCCAUUUUUUAUAAA,8.361952791,375.3571144,14.00962286,7.066306628,0.136909669
21ur-707,UGUGUUUGCCGCGAGAGAGAA,12.94753981,331.0402828,322.8884507,0.958143272,0
21ur-3791,UAGGAAAAUCGUUCACAUUCC,1.348702063,5.528087105,16.76151306,1.556982816,0.136909669
21ur-1970,UCGCACUGCUCCUUUAAUUGU,2.427663714,29.85167037,58.41512389,3.353501451,0.821458017
21ur-1094,UGAAAGUUUUCAUUGUACUUC,0,2.764043552,2.751890205,0.239535818,0
21ur-1846,UUCAAUUGUUUAAUUCAGGCU,0.809221238,0,3.564948674,0.239535818,0
21ur-3519,UUGGUACAAUUAUACCGAAAC,0.539480825,36.48537489,7.880412859,0.598839545,0.136909669
21ur-3859,UGAUUUGAUUACAACAAUUUA,4.270889866,91.48984159,16.76151306,3.772689132,0.136909669
21ur-5269,UAAUAGGAUAUCAGAAUUCAU,0.674351032,2.211234842,3.752577552,0.359303727,0
21ur-1459,UAAUACUAUGUGGUGUGUUGU,0.944091444,45.88312297,101.8199376,1.437214907,0
21ur-4866,UUUCUGUCUGUGUGUUUGAAC,16.58903538,309.0200692,205.2347206,46.8292524,0.205364504
21ur-1990,UGCAUACUUUUUUAUGUUGAA,0.539480825,16.58426131,5.628866328,0.239535818,0
21ur-2557,UUCAAACAGGAUGAAAAUGAA,2.023053095,43.67188813,15.07285317,2.095938407,0
21ur-334,UACACAGUAAAUUAUUUUGAA,2.157923301,14.92583518,9.506529798,0.359303727,0
21ur-440,UAACUUAGACAAACUUCAGGA,0.269740413,1.105617421,2.501718368,0.479071636,0
21ur-3691,UAAAAGUGUUUCAAACAUAAA,1.348702063,18.24268745,12.38350592,0.359303727,0
21ur-1605,UCGAUAGAGAUACAUAAAAAG,12.67779939,174.1347438,223.0281925,18.6837938,0.273819339
21ur-891,UCGCAUACUGCAUGUAUUUUC,0,0,3.002062041,0.119767909,0
21ur-2770,UAAGUCACUGCUUCUGAAUUU,0.539480825,1.474156561,4.065292348,1.077911181,0
21ur-3263,UCCACGGCACGAAUUUACUAA,0.269740413,12.16179163,17.0116849,0.119767909,0
21ur-979,UGAUCAUCAAUGUUUUCGACG,0.269740413,2.211234842,1.501031021,0.239535818,0
21ur-2916,UACGAGUUGUGCACUUUGGAA,57.18496747,610.8536251,566.6392103,53.05718367,0.684548347