21ur-4356,UUCGUCAAUGGGUAACAACUC,3.236884951,17.13707003,159.4845459,8.743057354,0.136909669
21ur-3479,UGAUAUCCGUGCUAAAAAAGU,1.483572269,76.19546726,36.52508817,0.598839545,0
21ur-2216,UAAUUUGAAAAUAUUGCACCA,4.855327427,21.006731,41.15326715,7.186074537,0.136909669
21ur-5138,UUUCAAGAGUUUACUACAAAA,14.29624187,154.2336302,60.29141266,18.92332961,0.136909669
21ur-2513,UAGUAGUUCUGAAAGAUCCCA,0.269740413,3.869660973,4.878350817,0.718607454,0
21ur-3665,UAGAGUAGUAAUAUGGUAGUA,2.157923301,7.186513236,15.6357398,0.598839545,0
21ur-4815,UAAGCAAAGAAGCAAAAGCAA,0.269740413,8.568535013,4.565636021,0.119767909,0.068454835
21ur-1244,UCACUCGUCAUUAGUAUAUGC,0,2.764043552,10.8824749,0.119767909,0
21ur-4172,UGCUAGAUGUGCAAAUAUCUG,0,1.658426131,0.250171837,0,0
21ur-3418,UAGAUUUUUCCAGCAGAAAAA,12.67779939,62.46738429,122.3340282,12.45586253,0
21ur-2459,UACUCCUGUGUUUUGUAAAAA,82.00108544,1009.981514,1372.129982,14.01284535,1.16373219
21ur-3540,UAACUUGCCUUGUUCGAAUGA,2.697404126,858.7883318,629.7450561,93.83815667,0.821458017
21ur-5036,UUGAUAAGCAAAGAAGCAAAA,0,0.55280871,1.000687347,0.239535818,0
21ur-3040,UAAGAUUACAUUAGCGAUUCA,0.539480825,2.211234842,2.126460613,1.19767909,0
21ur-4080,UAGAUUGUUUUUAUUAGUCAA,4.315846602,42.013462,18.88797368,7.784914082,0
21ur-3495,UCUAGAUACAUGUUUACUUCA,5.12506784,7.186513236,73.05017634,2.515126088,0.136909669
21ur-183,UUAAACAGCAAUAUGAACGAU,8.901433616,35.37975747,121.2082549,9.102361081,0.410729008
21ur-3270,UCAGUUGUUUUAAUUUUGGAU,7.282991141,81.26288044,68.17182552,15.56982816,0.136909669
21ur-1087,UACAACGUCGGUCAAACACAC,8.361952791,33.72133134,514.3532964,45.15250168,1.232187025
21ur-1138,UGCUCUUCUUUUUUCAAUGAA,1.07896165,8.292130657,9.006186124,0.718607454,0
21ur-2334,UGGGUGAAUCCGACAACUUCU,0,2.211234842,3.752577552,0,0
21ur-3888,UGGAAAAAUAAACUUAAAUUC,0,2.211234842,0.625429592,0,0
21ur-1705,UAUAUGAACAAUUUACGCUGC,0.539480825,39.24941845,24.64192592,7.545378264,0
21ur-4363,UAUUACCAACGAAGUAGGUUC,0.809221238,5.528087105,24.39175409,1.437214907,0.547638678
21ur-1434,UAGGCUUAGGAUACCUUCAAA,1.618442476,14.37302647,27.8941598,0.479071636,0
21ur-3741,UGUAGCAGAUCCAUGCUUUUU,0,3.316852263,0.875601429,0.119767909,0
21ur-381,UAUUAAGUUUGGUGACCGUUU,0.809221238,34.45840962,52.28591389,0.359303727,0
21ur-1707,UCAAAUCCUUUUUUUGUCACU,1.618442476,14.37302647,46.40687572,10.41980808,0
21ur-4688,UUUCUUAAGGAAUAACAACAC,22.38845425,132.6740905,314.3409129,20.24077661,0
21ur-3359,UCUUAUUGUGAAAUUGGUAGG,9.980395267,212.2785448,285.070808,13.29423789,0.136909669
21ur-3967,UGGGAUUGAUGCAGUUUCACU,17.26338641,416.8177677,141.2220019,129.1098059,1.506006364
21ur-2475,UAUGACUUGCGUUGAUUUGGU,72.15556037,729.4310935,1405.90318,59.64441866,0.889912852
21ur-272,UCUUCAUGAUGUGUUAAUGGA,6.20402949,92.31905465,93.81443879,23.23497434,0.273819339
21ur-4058,UAGGCACUACAUAACUGAACA,8.361952791,538.9884927,402.7766572,5.509323812,0.136909669
21ur-2412,UGCACCUUCCGGAAAUCAAGA,17.93773744,149.8111605,1188.066053,26.28905602,0.547638678
21ur-4923,UGUAACAUUUCACCGCAUACA,3.506625364,151.4695867,152.1044768,5.868627539,0.136909669
21ur-5391,UCGCGAUCUUCUUUAUGGUAU,6.608640109,14.09662212,187.5037917,13.83319348,0
21ur-1026,UGGGAGAAUUAUUUUACGUUC,0,22.66515713,6.004124083,0.359303727,0.136909669
21ur-4040,UCUGGUUCCUCCAAUGCCAUA,0,1.105617421,0.250171837,0,0
21ur-1880,UGGUUCUUCAGCCUGUGGAGU,1.07896165,16.58426131,0,3.952340996,0
21ur-1027,UAUUGAGUUAUACGUCGGCAG,0.269740413,0,47.03230531,1.676750725,0
21ur-14927,UGAAAAGAAGCUGAAAAUUUU,0,0.55280871,0.250171837,0,0.273819339
21ur-9910,UAUUUAUGUGAUUCUAUUAGU,0.269740413,11.05617421,15.88591164,0.718607454,0
21ur-12113,UUAGUUGAGUAGUUAAAAUGA,0,1.105617421,2.063917653,0.638762181,0
21ur-14420,UUCACCAGAUCCCCAAAAUUA,0.134870206,0,0.375257755,0,0.136909669
21ur-8772,UCACCAGAUCCCCAAAAUUAA,0.944091444,2.764043552,13.38419327,0.958143272,0.136909669
21ur-6171,UUUUGAUCUACGGAGAAAAUA,0.809221238,16.0314526,40.7780094,10.53957599,0.479183843
21ur-9243,UUUCGAAGCACGACAACCCAU,0,0,2.126460613,0,0
21ur-10264,UUGAUGAUCGUAAAUUUGUUC,0,2.211234842,10.00687347,1.556982816,0
21ur-8865,UGCUUUUGCUUCUUUGCUUAU,0,0.55280871,1.313402143,0,0