21ur-13463,UAUUGUUUGUGUUUUUUUUUG,7.282991141,311.7841127,89.56151757,24.05338838,0.547638678
21ur-9513,UACGAGAAAACAAGUGAAUCG,0,0,0.875601429,0.119767909,0
21ur-6894,UGGAUCUGUAGUUUGUUUGUU,0.861952446,1.105617421,3.377319797,1.242151732,0
21ur-13347,UCGCUCGUGUUGGCAGAUAAU,0.404610619,0.829213066,0.81305847,0.718607454,0
21ur-15475,UAAGUUUGAUAACAUCUAUUU,0.269740413,1.105617421,2.751890205,0.479071636,0.136909669
21ur-10241,UUUAUUCAUUUUGUUCAUUCU,6.473769903,24.87639197,32.6474247,52.2188083,0.273819339
21ur-13418,UCACUUCCGAAGUUAUCAAAC,0,0,6.379381838,0.598839545,0
21ur-5693,UUUUUUUAAGAAGUUGGUGUU,4.585587014,216.7010145,99.94364879,8.144217809,0.136909669
21ur-12391,UAUUUAAACUGCUAUUAAUAU,0.539480825,7.739321947,8.380756532,0.119767909,0
21ur-9146,UGCAACUGUUUUCAAGGGUUC,0.269740413,0,3.002062041,0.239535818,0
21ur-12828,UUGUGUUGGGUGAGUUUUCAA,1.07896165,79.0516456,25.1422696,2.515126088,0
21ur-11303,UUUUUCCUUUAUUUUUUGUGA,1.348702063,33.16852263,46.53196164,8.862825263,0
21ur-5661,UAAUUAAAUUUACUUUAUGAC,2.023053095,112.4965726,56.66392103,1.437214907,0
21ur-10284,UUCCACCAAACAUGAUAGAAC,0,0.829213066,0.938144388,0,0
21ur-6099,UUCACCUUCUAGUCCAGUUUU,0.269740413,6.633704526,24.39175409,2.27559027,0.136909669
21ur-12622,UUUUUCAUUUUCAAUAAUUCG,0,0,1.125773266,0.119767909,0
21ur-15191,UAUUGAAGAUGCCUUUUAUGU,0.269740413,11.60898292,2.063917653,0.479071636,0
21ur-14017,UUUCCUUUUCUGUCCCUCUUU,0,0,0,0,0
21ur-6860,UUUUCCGGCCAUAUUAUUAAA,3.596538835,255.3976242,110.4508659,5.150020085,0.136909669
21ur-7160,UCCGAAUCCAAUAAAGAUUCC,0,1.658426131,0.375257755,0,0
21ur-12967,UUCGAUAGGUUGUUUGAUGAG,0,0,1.000687347,0.299419772,0
21ur-11249,UAAUGAGAGCUUUUGAAAUAG,0.269740413,0.55280871,0.375257755,0.239535818,0.068454835
21ur-11843,UUUUGAUUUUCGUUUUACAUC,0,0,1.250859184,0.479071636,0
21ur-13562,UAGAAUUACAUUGGAAAUGCC,0,1.658426131,4.62817898,0.479071636,0
21ur-13839,UUUUGAGGUGUUAUCAGAAAG,0,0.55280871,1.688659898,0,0
21ur-6846,UUCCCACAGCAGUUUUGAUCA,1.07896165,14.37302647,40.40275164,0.239535818,0
21ur-8687,UAUUCUCGUUAAAUAGUAACU,0,2.764043552,1.250859184,0.119767909,0
21ur-14296,UUCUUUGUUCCUUAUGUUGCA,0,0.276404355,1.125773266,0.179651863,0
21ur-8137,UUAGCUUAUCAAAAAAUCUUC,0.809221238,3.316852263,10.75738898,0.718607454,0
21ur-13438,UCAAGGCGCUUUAAACGUUAU,0,0,0.125085918,0,0
21ur-12123,UUACUUUCCUUGCUCUUUGAA,0,0.55280871,0.250171837,0.239535818,0
21ur-12102,UUAUGAUAAAACGUCGCAAAA,0,0,0.125085918,0,0
21ur-8937,UUUUAGCGGAUUUUUUACAGC,0,1.750560917,0.917296735,0.239535818,0.136909669
21ur-12381,UAUUUUCACCUUAACUUUAGA,0,2.211234842,1.501031021,0.119767909,0
21ur-9277,UUAGUGAGAAGGUUUUUCGGA,0,0,0,0,0
21ur-9859,UGCAAUCAAUCGAUAAUUGGU,0,0,0.875601429,0.119767909,0
21ur-12494,UACAACGGUAUUUCAAGUUUC,0.134870206,3.040447908,0.687972551,0,0
21ur-11645,UCCAUCGAUUUUAUAUAGGCU,0,0,0.75051551,0.119767909,0
21ur-12689,UUUGUGCUUUUUCGAAAUUUU,0.269740413,11.05617421,7.880412859,0.718607454,0
21ur-8614,UUUCCGUUCAAAUUCCAGCUU,0,0.55280871,5.816495205,0.119767909,0
21ur-9661,UCAUUUUAUUACAAUCAAACC,0,2.211234842,10.63230306,0.119767909,0
21ur-11243,UAAUUUCUAAAAAAUAAUCUA,3.708930673,56.93929718,34.77388531,1.796518634,0
21ur-13174,UGGUCACAUCAAAAAUUUUGU,0,0,0,0,0
21ur-8521,UUGUGAAUAUUUUUUUCACGA,0,13.26740905,0.625429592,0.119767909,0
21ur-11785,UAAAAAGGUAAUCUUUAAAAG,0,0,0.250171837,0,0
21ur-11387,UUGUGAAGAUUUCUCAUAGAA,0,0.829213066,0.75051551,0,0
21ur-7091,UUCAACGAGUACAUUUGAUAU,1.07896165,3.869660973,3.627491633,7.066306628,0.273819339
21ur-15350,UACUUUAUCCUGCUGAAGUUG,0,0,0.125085918,0.119767909,0
21ur-13100,UUAAUCCACUUUUUUGUAUAU,0,1.105617421,3.12714796,0,0
21ur-9781,UUGCGUGAGUAAGGUUUUUUU,0,0.829213066,0.250171837,0.119767909,0