21ur-1607,UCUAUGCGAGAUCAUCUUAAA,1.888182888,5.528087105,106.5106595,11.13841553,0.273819339
21ur-5951,UUACUUUGCUAUUAGAAUAAA,59.8823716,600.3502596,176.1209731,33.65478242,0.273819339
21ur-7249,UUUAACCUAAGCAGGAGUGAA,0,2.764043552,2.751890205,0.239535818,0
21ur-6309,UGACUCAAUCAUCGAUAAUGA,0.269740413,0,4.69072194,0.119767909,0
21ur-10584,UUCUUUUUUUAUUUUUCCAUG,1.618442476,9.397748078,17.94982929,2.036054452,0.136909669
21ur-10561,UUGUUUCAAGCAAACGUUGCA,0,0.691010888,1.626116939,0.119767909,0
21ur-10329,UGUCUUAAUUAAAAAAGCCCC,0,0,0.250171837,0,0
21ur-11873,UUUUAGUUCCGAUUUCUUUUU,0.539480825,0.55280871,2.376632449,1.077911181,0.136909669
21ur-7815,UAUUUGUGCAGAUGUUCAUGA,1.888182888,34.27414005,26.89347245,1.437214907,0.136909669
21ur-11613,UCUUCGUAGCUCAAAUUUGAA,0.809221238,0,10.75738898,0.359303727,0
21ur-9644,UCUUAGACGAUUUUUUGUACA,0.269740413,8.292130657,1.626116939,1.437214907,1.095277356
21ur-8907,UAUUAAAAAACAAAAACAGGA,0,0,2.376632449,0.119767909,0
21ur-13783,UUUUUCUCUCAACAGUUGCUG,0,0.55280871,1.188316225,0,0
21ur-14849,UGAUUAUUAGAGCUUUAUCAA,0,0,0,0,0
21ur-12902,UUGACUCAAUCAUCGAUAAUG,0,0,0.687972551,0,0
21ur-7593,UGAUCCCGAAUUGGAAAAGAU,0.539480825,29.57526601,53.97457379,4.431412631,0.205364504
21ur-15090,UCAGUUCGACUUCAGGAAAUU,0,0,0,0,0
21ur-5917,UUGUUCCAUUCCUGGUUGCAA,1.348702063,31.5100965,6.879725511,0.718607454,0
21ur-14069,UUUAUUGAGAGAAAUUAUAUU,0.539480825,7.186513236,6.879725511,0.718607454,0
21ur-5559,UAGAAAGAUAAGUAUUAAAGA,6.20402949,65.23142784,158.4838586,6.946538719,0
21ur-9695,UAGUUUAAUUUUGUUUUGGUU,0.539480825,3.316852263,6.754639593,1.077911181,0
21ur-10021,UUUAUUCACCAUGGAAAAUGG,0,0,0.250171837,0.119767909,0
21ur-6125,UUCGAAAUUUCUUUUUGCUUC,1.888182888,8.292130657,19.07560255,3.113965633,0
21ur-12496,UAAUUUUUUCACAAUCGAGUC,0,0,0.125085918,0,0
21ur-10224,UUUGAUUAAAGUAUGACUAUU,0,3.869660973,6.504467756,0.359303727,0
21ur-7746,UUCUUUGCUUACAGAAUACUC,0,19.90111358,4.62817898,0.479071636,0
21ur-12065,UUCCGAAGUCGAUCAGGUUUA,0,0.829213066,3.002062041,0,0
21ur-12057,UUCCUUGGCUCUUGAUCUGAA,0,2.487639197,1.751202857,0.778491408,0.342274174
21ur-10149,UAUGUUGAUUAUUAGAGCUUU,0,3.869660973,2.251546531,0.598839545,0
21ur-14334,UUCUAUGCGAGAUCAUCUUAA,0,0,1.313402143,0.359303727,0
21ur-11200,UAUCAACAGCGUGAGUGCAAG,0,1.658426131,0.250171837,0.239535818,0
21ur-11414,UUGAAUCAUGUAGAAUUGUCA,0.674351032,2.487639197,4.252921225,0.718607454,0.068454835
21ur-6818,UAGAACGACGCCAACGAUAUU,1.07896165,37.59099231,135.3429637,3.353501451,0.273819339
21ur-11747,UACAAAACUAUCGAAAUGAUC,0,0,0.375257755,0,0
21ur-6741,UUUCGCAUGCAUAUAACUAGA,0,2.764043552,10.8824749,0.718607454,0
21ur-14661,UGUUUCAAGCAAACGUUGCAU,0,0.138202178,0.125085918,0,0.068454835
21ur-8874,UCUUCUUUUGCGUACCUUUUU,0,18.79549616,12.13333408,1.437214907,0
21ur-5860,UCCUUCCUAGAUUUUGAAAUU,1.07896165,38.14380102,40.02749388,2.27559027,0
21ur-6497,UAUGGUCCCGGAAUCAAUCAG,0.809221238,82.36849786,14.50996653,0.119767909,0
21ur-8709,UUUCGAACAAAUAGAAAAGUU,0,0,3.12714796,0,0
21ur-12729,UUUGAACGGGAAACUGUGAAA,0,0,0.375257755,0,0
21ur-12321,UCUAGGAUGUGUGCAAUUUCG,0.539480825,4.422469684,3.12714796,0.598839545,0
21ur-9566,UUUCAAGCAAACGUUGCAUGA,0,1.520223954,5.003436736,0.419187681,0.136909669
21ur-10321,UGUUGUGUAGUUGCUGUUCUU,1.07896165,19.90111358,9.381443879,2.395358179,0
21ur-7371,UUAACCUAAGCAGGAGUGAAU,0,2.211234842,9.881787553,0.958143272,0
21ur-7393,UAUUGUGUUCGAGAGAUUUUU,1.618442476,25.98200939,29.39519082,6.587234993,0.136909669
21ur-11658,UCAGUUGGUAAAAUUGAAAAC,0,0.55280871,1.938831735,1.916286543,0
21ur-14393,UUCAUCGCCAUUAAAAAUAAA,0.809221238,2.211234842,5.232760919,0.419187681,0
21ur-10468,UAAUGUCUACCUUCUGAACCG,0,0,1.876288776,0.359303727,0
21ur-6404,UAAAUGUUUCAGAUUUGUUUC,2.697404126,1.105617421,7.505155103,4.191876813,0.273819339