21ur-15648,CACAAAAACCGGAAGAAAAAC,0,0,0,0,0
21ur-6168,UCGCGUUGAUUUUCGAAGCUU,0.269740413,0.55280871,0.375257755,0.239535818,0
21ur-11808,ACUAAAAUCAUCACUGAUAAA,0,0.55280871,0,0,0.136909669
21ur-10798,UAAUAUCUGUUUUCUAGUUUU,5.12506784,60.25614944,69.67285654,18.20472216,0
21ur-13539,UAGUCAAAAAGAGAAUGCUCA,0,1.105617421,1.250859184,0.239535818,0
21ur-9091,UUUACCACUGUUUGUGAAAAA,4.315846602,105.5864637,79.92990185,2.754661906,0.136909669
21ur-13053,UUAGUUGGACUGUUCCACGUG,0,0,0,0,0
21ur-11766,UAAUACGAGGCACGAAUUGUU,0.539480825,1.658426131,2.751890205,0.299419772,0
21ur-11862,UUUUCCUCACAAUCAAAAUAU,0,0,1.375945102,0,0
21ur-7665,UAUUUCUGCCAUUACCAUAGU,0.269740413,16.0314526,31.52165143,0.119767909,0
21ur-9554,UUUGCAAAAGACCAAAAAGCG,0,0,0.125085918,0,0
21ur-9586,UUGAAUUGAAUACGAAGUCAU,0,0.55280871,1.626116939,0.119767909,0
21ur-12688,UUUGUUACUUGCUUUCAUUAU,0.809221238,3.316852263,6.004124083,1.676750725,0.958367686
21ur-11008,UUAUGAAUACUUGCUACACUU,0,1.105617421,0.75051551,0,0.136909669
21ur-6800,UCUUGCGAUCAUUUGAUUAAA,0.539480825,2.211234842,4.127835307,1.556982816,0
21ur-10678,UGAUUUUGGCAAGAUAAACUU,0.899134709,2.764043552,22.72394184,0.958143272,0
21ur-11879,UUUUAAAGUUUUUUAGUUUCA,0.269740413,10.5033655,2.689347245,2.874429815,0.136909669
21ur-10954,UUGACUAAUUUGGUACUUCAA,0.674351032,6.080895815,2.376632449,0.059883954,0
21ur-7944,UUGAUCUCAUAGGGAAUUUUU,0,0.55280871,1.000687347,0.359303727,0
21ur-12560,CUUCUCGUUCAAUGCAUUUCU,0.134870206,0.55280871,0.81305847,1.018027226,0.205364504
21ur-13710,CAAUUAUUGCACUGUCUUUGU,0,0,0,0,0
21ur-10242,UUUAUGAAUACUUGCUACACU,0,0,0.250171837,0.119767909,0
21ur-6219,UUUCUAGACGACAUCAAUUGU,1.348702063,38.14380102,20.20137582,2.036054452,0
21ur-11712,UAGUCUUCGAAUCCAUGCAAA,0,0,2.501718368,0.119767909,0.136909669
21ur-5879,CGAUAAUAAAUUUGAAGUGAC,7.417861347,145.1122865,143.6611773,7.186074537,0.136909669
21ur-5590,UUUCUUCGAGUUUCUAGAUUC,2.697404126,11.05617421,18.88797368,4.072108904,0.136909669
21ur-12667,UUUUAUUUGAGAUUAUUUAUC,0,0,1.56357398,0.119767909,0
21ur-13823,UUUUGGCAAGAUAAACUUUAU,0.089913471,3.869660973,0.833906123,0.239535818,0
21ur-11012,UUAUCAUGUCGAGUUCGUGCA,0,0,0,0,0
21ur-12749,UUUCGACAAGAUUUUUCUGCU,0.269740413,0.55280871,0.625429592,0.359303727,0.068454835
21ur-14993,UCGUUUUCUAGACGACAUCAA,0,0,0.437800714,0.119767909,0
21ur-14571,UUACGAGGGACGAAAUUUGCU,0.404610619,15.20223954,7.75532694,0.119767909,0.068454835
21ur-12017,UUGAGAUUAUUUAUCUUUAAA,0,3.869660973,0.625429592,0,0
21ur-7025,UACCUGUGUGUUUGUUACAAA,0.539480825,25.98200939,9.256357961,1.077911181,0.136909669
21ur-12985,UUCCAUCUUUCUGCGACCAGA,0,0.276404355,0.375257755,0,0
21ur-11478,UUAUUGCACUGUCUUUGUACG,0,0,0.500343674,0,0
21ur-13234,UGAUUGAAAGUUGUGCGUUUU,0.674351032,2.487639197,1.626116939,0.059883954,0.136909669
21ur-12531,UAACCGAUUGAAGUUUCCUGU,0,0,1.125773266,0.239535818,0.136909669
21ur-13256,UGAGCAGUGAUUUAAAUUGGC,0,0.55280871,1.063230306,1.676750725,0.136909669
21ur-10073,UUAGUCAUUUUUAAAUUCAAU,3.236884951,90.93703288,45.40618838,5.509323812,0
21ur-7129,UAGAUUAGUAACUUAAGAAUG,1.618442476,9.950556789,23.1408949,3.233733542,0
21ur-7895,UUAUUGUAAAACUAACUUAUC,1.07896165,5.528087105,5.879038164,0.179651863,0
21ur-8077,UGAUAUAUAAACUGCAACACA,0.539480825,4.975278394,9.006186124,0,0.136909669
21ur-11209,UAGUUUUUGAAAGAAAUGCUG,0,0.55280871,3.252233878,0.479071636,0
21ur-6906,UAGGUUUUUGAUUCUAUAGAG,0.809221238,13.26740905,20.88934837,1.796518634,0
21ur-7338,UCUCAUCUUAAAUUUUCAAAU,0.809221238,11.60898292,10.50721714,1.562426812,0
21ur-8887,UCGAUUUUACAUAAAUAUCGA,0.269740413,7.739321947,1.000687347,0,0
21ur-8524,UUCUGCAAUUUUCCAAUCUAU,0,2.211234842,4.252921225,0.239535818,0
21ur-6481,UAAUAUUAGUCCAGUCCAAUU,2.697404126,56.93929718,144.098978,7.545378264,0.273819339
21ur-6561,UUCAUGAUUGAGUGACGAGAA,1.618442476,37.59099231,41.77869674,3.113965633,0.136909669