21ur-8454,UGCUCAUGUCUCACUUUCUUA,0,0,0.500343674,0,0
21ur-13532,UAGUUCGGAUCCAAUAUUUUU,0,1.934830487,2.501718368,0.598839545,0
21ur-9600,UUCGGUGUUCUCUAAGGCUUU,0,14.92583518,5.879038164,0.059883954,0.205364504
21ur-13348,UCGCAUUUCAUAUCCCGUUUU,0,0,1.000687347,0.119767909,0
21ur-15039,UCCUCUGUUUUCCAUCUGUUU,0.134870206,0.55280871,1.938831735,0.119767909,0.068454835
21ur-7353,UAAUUUUCUUUUUUUUAUGCA,8.793537451,312.0605171,110.8511409,40.00248159,0.273819339
21ur-15258,UAUGAAACAGGAAACAUUUCU,0,0,0.500343674,0,0
21ur-12477,UACUUCAAAUAUUUUCCAAGC,0,0,0.500343674,0,0
21ur-13657,UAAAUAUUAACUAUUGGAAAA,0,0,0.250171837,0,0
21ur-9832,UGUUCUCUAAGGCUUUAAGUG,0,4.146065329,1.751202857,0.479071636,0.136909669
21ur-6270,UUUGUAUGUGGGCCACUGGGU,0.269740413,12.16179163,5.503780409,0,0
21ur-6824,UGGAAAAAGAUAAUCAAACAG,0.539480825,3.869660973,12.38350592,1.676750725,0
21ur-11321,UUUUAUUCAAGUCUGCGAGUG,0,0,0.375257755,0.359303727,0
21ur-14456,UUAUUUUUGUCGAACUUCUUG,0,0.276404355,0.354410102,0.059883954,0
21ur-10485,UAAAUCAACUGUUCGAAACAU,0,0.55280871,0.250171837,0,0.136909669
21ur-13114,UGUUUUUUUAAGGACAUUUUA,0,1.105617421,0.625429592,0,0
21ur-15438,UAAUCGUAGUUUGAUAAAAUU,0,0,0,0,0
21ur-7383,UCUUCGUUUUUUCAGUUUGAA,0.539480825,6.080895815,11.38281857,1.916286543,0
21ur-10051,UUGAAAGUUCAGAUUUUCAAA,0.269740413,1.934830487,0.938144388,1.077911181,0
21ur-10425,UAUUAUUUACUACGAGGAUGA,0,4.146065329,7.880412859,1.317446999,0.205364504
21ur-14814,UGCGGCACUUCCUUGGAUCAA,0,0.55280871,0.375257755,0,0
21ur-5799,UAUUUACUACGAGGAUGAAAA,8.092212378,987.0399526,546.0000338,22.99543852,0.753003182
21ur-14695,UGUUAAUGUUACUAAAAAUGU,0.269740413,0.829213066,1.000687347,0,0.068454835
21ur-6764,UUCCUUUGUGAUCUCCUAUUA,1.483572269,21.65167449,15.57319684,2.155822361,0.410729008
21ur-7552,UGGUAUUAAAAUUUUUUACUC,0,3.869660973,0,0,0
21ur-14181,UUGGUUCUUCCAAAUGAAAAA,0,7.462917592,0,0,0
21ur-6941,UUUACUAAAAUUCAUGCCAGU,9.710654854,113.3257857,5053.346017,8.0244499,0.136909669
21ur-10137,UAUUGUAGAAUAGAAUAAACA,0.269740413,1.658426131,5.284880052,1.077911181,0
21ur-13557,UAGAGAAAAUUUAGUUUCCAG,0,0,0.062542959,0,0
21ur-6433,UGUAGAAUAGAAUAAACAAUA,5.394808252,10.5033655,80.89931772,0,0
21ur-12079,UUCACAGACUUUUGCUUGCUU,0.539480825,1.105617421,6.379381838,0.598839545,0.273819339
21ur-7107,UAAUGAUUUUAUCUGAAAACC,1.618442476,10.77976985,15.13539613,1.556982816,0
21ur-6318,UUCAAGAUCUGAGAGUUCUAA,2.697404126,28.74605295,38.96426358,14.43203303,0.273819339
21ur-12474,UAGAAAAUCACUGAGAGCCAA,0,0,1.125773266,0,0
21ur-6595,UGUCGAAAAAAAAAUAUUUUU,0,10.5033655,4.878350817,0,0
21ur-13283,UGAACUGUGGCGUGACUUAUC,0,0.55280871,0.312714796,0,0
21ur-12357,UCAGACGGUGGCUCAUAAGGC,0,0,0.125085918,0,0
21ur-8684,UAUUUGCAUCAUUGUUAAACG,0.269740413,0,3.87766347,0.958143272,0
21ur-7381,UGAAGAUACUUGGUUCUUAUA,0.134870206,0,1.375945102,0.119767909,0
21ur-11946,UUUAUCCAGAGUCGGUAUAAC,0,0,0.250171837,0,0
21ur-10416,UAUUGCGUAUGGCGUAUCAGU,0.269740413,0.55280871,2.376632449,0.119767909,0
21ur-12446,UAGUGAGCUUUCUUUAUUAAU,0.269740413,0,0.375257755,0.239535818,0
21ur-9059,UAAUUGGUGUUCUGCUUCAAA,0,14.37302647,2.001374694,0.359303727,0
21ur-15436,UAAUCUCACAAAAAAAAUUUA,1.618442476,36.48537489,12.63367776,3.593037269,0
21ur-14493,UUAUGUAUUUUUGAACGUCUU,0.539480825,1.934830487,3.752577552,0.299419772,0
21ur-9946,UAAUGUUACUAAAAAUGUGAU,1.618442476,31.23369214,24.64192592,2.994197724,0.205364504
21ur-6767,UUAUCCAGAGUCGGUAUAACU,0.269740413,4.422469684,7.380069185,0.838375363,0
21ur-7983,UAAACACUUCAAAAAUUGUUU,1.07896165,33.72133134,12.75876368,0.598839545,0
21ur-9437,UUACUGGUUGAGAAUCAAAAA,0.269740413,2.764043552,2.501718368,0.479071636,0
21ur-8854,UGUUUUCUUUUUCAUCGUAUG,0.539480825,1.105617421,5.378694491,0.479071636,0