21ur-5711,UUCCAUGGAAAUAUAUGCUGA,6.473769903,25.42920068,56.97663583,6.886654765,0.136909669
21ur-8131,UUCCGGGACGCUGAAUAUUCG,0.269740413,0.829213066,1.813745817,0.239535818,0
21ur-15076,UCAUGUCUUAAUUGCGUGGCA,0,0,0,0,0
21ur-9558,UUUGAACAUUUAAUUUAAAAU,0.809221238,14.37302647,6.754639593,0.239535818,0
21ur-15450,UAAUAUGAAUUUUAAAAAUGA,0,2.211234842,0.625429592,0,0
21ur-7712,UCCAACUCAUAGCACAUUUUU,0,7.186513236,17.26185674,0.119767909,0.136909669
21ur-14432,UUCAAUUAGUCGAUUUUGAUC,0.269740413,0.829213066,0.375257755,0,0.068454835
21ur-6674,UGUCAUUACAUUAGACCGUUU,0.539480825,0.55280871,12.38350592,2.754661906,0.136909669
21ur-8095,UAUAUCCUUUAUUGCCGCAUU,0.809221238,70.75951494,149.6027584,3.952340996,0
21ur-5808,UUCGCCCAAACUUCUAAAAAC,9.036303823,229.1392105,906.4351076,13.35412185,0.136909669
21ur-9567,UUUAUUCCCAGGACCGAUAAU,0,0.55280871,6.379381838,0.299419772,0
21ur-11809,AAGCACGGCCUCUGUGAAAUU,0.269740413,0.276404355,4.62817898,0.339342409,0.045636556
21ur-8257,UAAAUAAGAUAAAAUAAAUUG,0.539480825,9.950556789,6.004124083,0.838375363,0.410729008
21ur-12991,UUCCAAAAAUUGAACUUUUCC,0,1.105617421,1.375945102,0,0
21ur-5633,UAUUUGAUGAGUUGUUAAAAC,28.32274332,344.3998266,125.8364339,9.940736443,0.273819339
21ur-6007,UAAUAAGUUUCUGGACAACUC,4.585587014,30.40447908,73.36289114,6.946538719,0
21ur-12447,UAGUCUUCAAAUUGUUUGAUU,0,0,0.125085918,0,0
21ur-8517,UUUAGAUAGUAUUCUACAGUC,0,0.55280871,1.000687347,0.359303727,0
21ur-9118,UUCAUUCUUCAAAUGUCUUUA,2.697404126,14.92583518,16.13608347,8.383753627,0.684548347
21ur-10050,UUGAAAUAUGAAUCGGCAGAU,0,0.55280871,0.250171837,0,0.410729008
21ur-14423,UUCACAUUAAUCAAAGCCAGU,0,0.829213066,10.5697601,0.479071636,0
21ur-6147,UUGAUAUAAAUAAAUACAAGA,1.07896165,38.14380102,39.65223613,0.838375363,0
21ur-8848,UUAUACAACAUUUUCACGAAU,0.539480825,5.528087105,10.25704531,0.119767909,0
21ur-5720,UGCUAUAUUCCUAGUGAAAAA,2.427663714,105.5864637,71.4240594,1.077911181,0.273819339
21ur-11851,UUUUGAAAUAUUUCAUCAACU,0,2.764043552,0.125085918,0,0
21ur-6584,UAAAAUGAAUAGCAAACCAUU,0.539480825,29.85167037,15.76082572,1.317446999,0
21ur-7096,UGUGUUAGUUACUCCUCUGAA,0.809221238,3.869660973,1.876288776,0.718607454,0
21ur-9167,UCAUUCUUUUUGUUGCCAAAU,1.213831857,59.15053202,22.57800827,8.263985718,0
21ur-15296,UAGUUUGUCCUAUGGAAUCGC,0,0.55280871,0.625429592,0.119767909,0
21ur-10417,UAUUGCCACGUAGUUCUCAAU,0.539480825,10.04269157,0.250171837,0,0
21ur-11482,UUAUUACCAGAUCUUGAACGU,0,0.414606533,2.939519082,0.359303727,0
21ur-5797,UUAUCGAAUAUUGAAAAAUUC,0.809221238,14.37302647,16.94914194,1.73663468,0.410729008
21ur-12044,UUCUAAUGGGUUUUUGCAAAC,0,4.975278394,2.751890205,0,0
21ur-9738,UUUUUCGCCUUUCUUAUUUUC,0.269740413,9.397748078,13.13402143,0,0.136909669
21ur-7551,UGGUUCCUUCCUUCCGCCUUU,0.539480825,72.41794108,106.9484602,0.119767909,0
21ur-9196,UAAUGAAAAGGAUUCUUUAUU,0,2.211234842,2.376632449,0.359303727,0
21ur-15479,UAAGGAGUGUUUGCAACAAAA,0,0,0,0.119767909,0
21ur-13439,UCAACUUCUGGAAUCGGAUCA,1.888182888,0.55280871,0.250171837,2.994197724,0.547638678
21ur-10128,UCAUAAUGGAACACGAAGGAG,0,0.55280871,0.250171837,0,0
21ur-14349,UUCGGAAACAAGAGAAAUAAG,0,0,0.125085918,0,0
21ur-14837,UGCAAAAAUAGAAAUGACGGC,0.269740413,0,0.375257755,0,0
21ur-9823,UUAAUCGUUGAGUUUUUAAGG,117.3370795,4.975278394,3.87766347,116.8934791,49.28748101
21ur-12465,UAGAUGAUGAUUGUUGCAUUG,0,0,0.125085918,0.119767909,0.136909669
21ur-14789,UGGAAGAAUUAGUGCGAGAAU,0,0,0.125085918,0,0
21ur-4348,UAUGAUGUUCUGAACAUUACA,0.539480825,7.186513236,2.126460613,0.359303727,0
21ur-3279,UGAUGGUAUGUUUUAAACCAA,1.618442476,78.49883689,2.626804286,0.359303727,0
21ur-2872,UGCUGUGUAGGGCUAUAAUAA,12.40805898,306.53243,202.326473,19.04309752,0.273819339
21ur-3262,UCGAGGAUUAAUCGAGAAUGA,1.888182888,14.37302647,33.64811205,11.85702299,0.136909669
21ur-127,UGGGGUUUCGAUCCUUUGUGA,0,0,0.500343674,0,0
21ur-3929,UUGCAAGGAUUUUGGUGAUAA,24.41150734,434.2312421,252.1106685,29.94197724,0.136909669