21ur-14422,UUCACAUUCCAUUGAAAUAGU,0,0,0,0,0
21ur-6060,UGUCAAAUUAAACUCAUCAUU,1.618442476,3.869660973,22.64055123,1.19767909,0
21ur-14442,UUCAACCGCUUGUUAGGGAAU,0.269740413,3.316852263,5.128522654,0.419187681,0.068454835
21ur-15169,UAUUUGCAUUAAAAAAAAACC,0,4.422469684,0.75051551,0,0
21ur-9894,UCCUCCUGGUCUAUUCACAAG,0.809221238,11.60898292,22.0776646,0.598839545,0
21ur-9575,UUGUCCGUUAGUUUUAAUUUU,1.888182888,72.41794108,220.2763023,10.53957599,0.136909669
21ur-8206,UUAUUCCUUCGAUAAAAAAAU,2.427663714,69.10108881,30.52096409,2.036054452,0.273819339
21ur-5718,UUCAGAAGAAGAAAUUUGGAA,1.888182888,12.71460034,14.38488061,0.958143272,0
21ur-6879,UUUACUACAACCAGUUUGAAU,0.269740413,24.04717891,47.59519195,1.077911181,0.068454835
21ur-12841,UUGGUUGCAGUCGUAAAAUUG,0,0,0.250171837,0,0
21ur-11600,UGAAGUUUCAAGUAGGUUUUU,0.269740413,2.211234842,3.12714796,0.598839545,0
21ur-7818,UAUGUUUAGAGAAGUCCACCA,0.269740413,5.528087105,13.88453694,1.077911181,0
21ur-7638,UUCACUAGUUUAAAUAGUUCA,0,6.633704526,2.751890205,0.598839545,0
21ur-13010,UUCAAGAGGACUUCUCAGGAC,0,2.211234842,3.502405715,0.239535818,0
21ur-15429,UAAUGGUAUGAUGGUGUGAUG,0,0,0.125085918,0,0
21ur-7028,UAACGCCUUAAAAAUCGUGCA,0.269740413,0.55280871,0.500343674,0.598839545,0
21ur-15408,UAAUUUUUAGAUGUUCGUUUA,0,0,0.250171837,0,0
21ur-13866,UUUUCGUUGAUGAACUCUUUU,0.539480825,17.13707003,1.876288776,0.119767909,0
21ur-12279,UGAGGAUGUUGUCCAAACGCA,0.539480825,0,0.125085918,0,0
21ur-4318,UGCUUUUUCAUUUAUUAUCUG,0,0,1.250859184,0.119767909,0
21ur-2751,UGAAUUUGGUGAAUGUCGAAU,2.157923301,59.15053202,83.6824794,6.587234993,0.821458017
21ur-816,UUAUUGUUAGAUUGAUUUUAU,1.888182888,46.98874039,43.27972776,5.150020085,0
21ur-3611,UACGAUAUUGAAAAAUGUUGA,0,3.316852263,3.252233878,0.239535818,0
21ur-1248,UGCAGGUAUUAUUGCAAGUGG,3.506625364,99.50556789,59.66598307,9.102361081,0.547638678
21ur-4771,UGGCUGCUGAUAAGAGUUUCG,0,1.105617421,3.752577552,0.359303727,0
21ur-126,UAAUUGUGAACUCCUUUUCAU,1.618442476,8.292130657,10.50721714,1.556982816,0
21ur-2541,UAAGCUCAGAAUAAUUGUUGA,17.26338641,23.77077455,79.42955818,14.13261326,0.136909669
21ur-1204,UUGCGAUGCUUCUCCAUGUUG,0.269740413,3.869660973,7.505155103,0.958143272,0.136909669
21ur-100,UCUUUUCUUCUUAUAUGCCUG,4.585587014,148.1527344,140.0962286,54.73393439,0.547638678
21ur-2021,UGAAAAUCGACUAAAUCUGCC,1.618442476,19.90111358,70.0481143,5.389555903,0
21ur-82,UAACUUUCCGUCUACGUUAAC,4.315846602,144.8358822,380.8866215,46.23041286,0.273819339
21ur-5320,UCAGUUUUGAACAGCGGUAAC,16.72390558,257.6088591,451.0598217,62.27931266,0.410729008
21ur-1792,UUCAAUCCACUUUUUCCAUUC,0.269740413,18.79549616,45.53127429,1.437214907,0
21ur-640,UACUUAAUUCAAUCUUACCUA,1.348702063,13.82021776,70.29828614,3.47326936,0
21ur-5128,UGCUGUGUUUUUCUCUCUCUG,0,2.764043552,1.876288776,0.718607454,0
21ur-5099,UCGUGCUUCAUUUAUAUGCUC,0.809221238,1.658426131,4.503093062,1.19767909,0
21ur-5246,UAGGUAACGUGUAGGCGAUGC,0,4.975278394,32.27216694,1.796518634,0
21ur-3078,UCUAUGUUGGCAAUAAGCGGA,4.315846602,2.764043552,6.754639593,4.55118054,0.547638678
21ur-2287,UUAAAUCACCAUUAUCGUCUC,0,0,9.381443879,1.437214907,0
21ur-4088,UAUGUGUGCGUCGCAUCGAAU,3.506625364,12.16179163,53.16151532,4.790716358,0.136909669
21ur-4177,UCUUGGUGAAAUUUUCUUUGU,0,12.71460034,3.502405715,0,0.410729008
21ur-4005,UCCAUGAGUCGUUUUGAUAGC,0.269740413,1.658426131,14.76013837,1.077911181,0.136909669
21ur-5108,UGCUACGUUUAGCCAAUUUGU,0.809221238,9.950556789,33.77319797,4.431412631,0
21ur-9405,UUGGUAGCCAUUCUUGAAAAU,1.07896165,19.90111358,3.314776837,0.179651863,0
21ur-11762,UAAUCCGAAUUUUUUUUCAUU,0.539480825,5.528087105,16.76151306,3.593037269,0
21ur-9503,UAUCAGUUGUUGAAAUGACAU,0,0,0.125085918,0.119767909,0
21ur-11829,UUUUUCAACGAUAUUUUUAUU,0.269740413,21.55953971,18.88797368,3.47326936,0.136909669
21ur-10280,UUCCUCAUCCAUACACGAGGC,0,0.55280871,0.125085918,0,0
21ur-12958,UUCGGUUAUCGAUGAUUUAUA,0,0.55280871,0.437800714,0.179651863,0
21ur-11246,UAAUUAUUUUUUUAGUAAAAA,0.269740413,3.132582693,3.314776837,0.239535818,0