21ur-972,UACUACCAAAAAUCGCUUUCA,0.809221238,20.45392229,106.1145541,4.890522949,0.410729008
21ur-4509,UGAAGCGGAAAAUAUAGAAAG,4.315846602,64.67861913,26.26804286,2.27559027,0
21ur-4269,UGGGAUCCAAUGUGAAAUGCC,1.618442476,4.975278394,0.250171837,0.059883954,0
21ur-3922,UCGGAUCGGGUCAUACCGGAU,7.282991141,106.6920811,40.86140001,17.12681098,0
21ur-3176,UAUUUGAUUGAUGAAAUGCAA,7.282991141,106.6920811,102.4453672,18.44425798,0.547638678
21ur-5133,UACGAAGAGAUAAUACUAGAA,63.11925655,252.080772,1346.925169,24.97160902,0.273819339
21ur-4548,UUUUAAGCAUGGCUUUUGUAA,0,0.55280871,2.689347245,0.359303727,0
21ur-2568,UCAUCCCUCUCGUCAACAUAA,0,4.975278394,25.26735551,0.479071636,0
21ur-2293,UCCGGGAGAUUUAAUUAUCAC,1.07896165,42.013462,14.50996653,0,0
21ur-5135,UUAGUUUCCAAACGUUUAAAA,13.48702063,131.0156644,92.62612257,15.56982816,0.273819339
21ur-3163,UGCCGCAUGUAUUUGACAAAA,0.809221238,37.0381836,20.26391878,0.479071636,0
21ur-378,UAAGUGUGUUUUCUGUUUUUC,5.529678459,130.1864513,105.6350581,21.25880384,0.410729008
21ur-4163,UAAUACAUGGUAAUUUGAAAU,46.9348318,1948.3743,1417.223455,50.00310199,0.821458017
21ur-3553,UAUAAUUGUUACAUUAGGAGA,45.58612973,449.4334816,663.0804534,54.49439857,0.821458017
21ur-4812,UGCAUGUGUCUGGAAUUAAGA,0.269740413,12.71460034,12.00824817,2.27559027,0
21ur-5223,UACUUUCUCUUUUAACAAGCU,0.809221238,9.674152434,16.51134123,2.994197724,0.273819339
21ur-2704,UCGGAUACUCGUAAUUUUCCU,0,0,0.875601429,0,0
21ur-877,UAAAAAUAUCUAGGAAUGCGA,5.394808252,73.79996285,142.472861,11.13841553,0.410729008
21ur-2080,UACAUGAGUCAUAUCAUUACU,0,2.764043552,0.625429592,0.958143272,0
21ur-4997,UAUGAACAACAAAAAACACAA,5.12506784,29.85167037,42.65429817,1.317446999,0.136909669
21ur-1219,UCAAUCAUUUCGUCUUUAGGC,0,0.829213066,5.628866328,1.19767909,0.136909669
21ur-3041,UAAUCCAGUGUGAACUGAUUG,0,1.105617421,0.75051551,0.119767909,0
21ur-5218,UCAGAUAUUUGAAUGCUAUGA,0.539480825,18.79549616,21.51477796,0.119767909,0
21ur-3601,UCUACGGCUUGGAGAAAAACC,2.292793507,16.30785696,53.59931603,9.940736443,0.342274174
21ur-5265,UUAUCAUCUUGUUCAACUUAA,7.552731553,97.84714176,70.17320022,13.29423789,0.136909669
21ur-4192,UCUUCACCUCGAUCUUCAACA,0,8.292130657,40.65292348,4.55118054,0
21ur-2587,UCCUGAGUUUAAACAAUUUCA,19.1515693,112.2201682,19.51340327,2.036054452,0.136909669
21ur-4950,UAUAAUGUCGAAACAGACAGA,0.269740413,6.633704526,13.38419327,0.958143272,0.136909669
21ur-4160,UCACAUUCGAGUUUUAAAGCU,0.539480825,10.5033655,6.504467756,0.359303727,0
21ur-31,UGAAUUUAGUGACAUUGAUAC,12.40805898,329.4739915,617.2990073,44.43389422,1.779825703
21ur-1147,UAAUAGGAUUUUUCGGGGGAA,1.213831857,17.87414831,13.38419327,4.191876813,0
21ur-880,UAUGAUGCCUAAUGGAAAUCA,0.134870206,34.55054441,4.190378266,0.359303727,0
21ur-2728,UGACUGAGGACUUUAUUUAAA,33.17807075,1785.572135,578.2722007,85.99335863,0.547638678
21ur-754,UCAGUCAUGUUAAUCAAGUCA,3.102014745,31.5100965,57.60206542,11.55760321,0.273819339
21ur-4724,UUAGUUUAGUUCUGUACGCAC,1.348702063,9.397748078,15.19793908,5.030252176,0
21ur-3842,UAAGAUCGCAGUUGAACAUUU,0.539480825,2.764043552,39.77732205,2.27559027,0.410729008
21ur-3257,UCCUUCCUUUUGAUCCCCAUA,1.348702063,82.36849786,31.45910848,4.491296586,0.410729008
21ur-3670,UCAGUUUCAUAGUUGAUUGCA,24.27663714,518.5345704,602.413783,124.3190895,1.916735373
21ur-257,UGUUCUGAUUAAAAGCCAUUC,4.046106189,43.67188813,62.5429592,9.22212899,0
21ur-3590,UCAGCCUGUGCAUUGAAAUGG,20.50027136,229.9684236,665.6447147,11.25818344,0.958367686
21ur-4125,UUCACUGAUUAACUGAAUUAG,1.348702063,26.71908767,4.503093062,0.718607454,0
21ur-1125,UGGGAAUGUGAAAUUUUUCAG,0,3.869660973,0.500343674,0.119767909,0
21ur-1664,UUCUACUGUUACAGUGAGAUA,0,2.211234842,1.626116939,0,0
21ur-1199,UCAGUGACUCGUAUUAGCGUC,0,2.211234842,2.376632449,0,0
21ur-1790,UACGCUGGUAGAAAGAAAAAA,11.59883774,218.9122494,775.2825222,19.64193707,0.273819339
21ur-2648,UGGUCAGAUGUUAUUUGUUUA,9.440914442,666.1344961,375.7580988,28.1454586,1.369096695
21ur-3185,UGCCAAUUUCUCUAUUUGUGA,2.697404126,23.77077455,35.52440082,5.629091721,0
21ur-3565,UAGAACAGCGUGUUGAUGCAU,0,4.422469684,5.879038164,2.27559027,0
21ur-825,UUCACGAAAAACAGGUGGUUU,1.618442476,41.46065329,54.34983154,15.50994421,0.342274174
21ur-3544,UGGAAUAACAAAUACGAUAAG,0.269740413,3.040447908,0.125085918,0.359303727,0