21ur-3268,UGGAGCGAUUCUUUGAAACUC,2.157923301,74.07636721,36.77526001,1.916286543,0.136909669
21ur-3915,UCGCUUUUUUAAUCCAAAGUG,0.134870206,4.698874039,0.75051551,0.658723499,0.068454835
21ur-3179,UAUGUCGCAUGAUGGACUUGA,16.18442476,100.0583766,623.9285609,49.10484267,0.547638678
21ur-264,UUGUAUUACCAAUCCUAGAAA,3.236884951,25.98200939,13.00893551,1.077911181,0
21ur-316,UGAUUCCUUCAUAUCAGUGAU,13.21728022,249.0403241,166.7395292,37.60712341,0.547638678
21ur-4829,UCCGAAGACCGUUACCAGUUU,0.539480825,2.764043552,62.79313103,0.119767909,0
21ur-3760,UAAUAAAUUUCACUCACCUCC,1.07896165,29.0224573,55.53814777,3.952340996,0.136909669
21ur-4034,UGUGUUAGGUUUUCCUGCAAA,15.64494393,258.1616678,102.0701094,52.45834412,0
21ur-13957,UUUGAUUUUUUUAGGACAAAA,0,0,0,0,0
21ur-11255,UAAUAACUUCUACUUUUCAUU,1.07896165,44.77750555,25.01718368,2.395358179,0.410729008
21ur-7579,UUUUGUAGGACUUCAAUUUCA,22.52332445,296.5818732,100.8817932,30.72046865,0.684548347
21ur-6825,UGCAAAGCUUAAUUUUUUCUA,3.506625364,37.59099231,73.4254341,2.634893997,0.273819339
21ur-9948,UAAUGCUGUCCAUAGAAUUAU,0.539480825,6.080895815,4.378007144,0.239535818,0.136909669
21ur-12354,UCAUGACGUAUCGGAUGACGU,0,0,0,0,0
21ur-5615,UGCUAAAUUGAGAAAUUUAUA,1.07896165,37.0381836,34.0233698,1.19767909,0.136909669
21ur-15337,UAGAUUUCAUGUAAAAAUGAA,0,0,0,0,0
21ur-13079,UUACCCAUGUUUCAUCACAAG,0.404610619,0.55280871,3.314776837,0.239535818,0.136909669
21ur-12624,UUUUUAUGAAAUUUUGGAGUU,0,0,0.375257755,0,0
21ur-13936,UUUGGCUUUUCUUUUAAUAGU,0,0.829213066,0.437800714,0.53895559,0
21ur-6523,UUUAAUCCUACUUAAUACUGA,1.07896165,69.65389752,51.0350547,1.317446999,0.136909669
21ur-5985,UUAUAGUACUCUUAAUGUAGU,0.269740413,13.82021776,15.38556796,1.796518634,0
21ur-8975,UUCAUUUUUAAUUAGUUCAAC,1.888182888,40.90784458,31.39656552,4.191876813,0
21ur-6609,UUUCAACCUUCCAGGAAAAAA,0.269740413,13.82021776,9.381443879,1.077911181,0
21ur-7083,UUGAACGUUUACUAUCGCCAU,0,0.55280871,41.15326715,0.239535818,0
21ur-11714,UAGUCUUAUUUAGUUCAUUAA,0,11.05617421,5.753952246,0.598839545,0
21ur-14675,UGUUGAUUCCUUCAUAUCAGU,0,0.276404355,0.375257755,0,0
21ur-13103,UUAAUAAUAAAAAUUAAAAUA,0,11.70111771,3.377319797,0,0
21ur-10532,UUUGAAAUCACCAACCACAAG,2.832274332,11.05617421,14.63505245,0.239535818,0
21ur-11252,UAAUAUCAUUGGUACACUAAU,0.134870206,1.934830487,3.87766347,0.119767909,0
21ur-14581,UUACACACUUUAGUCGGGAUA,0,0.55280871,0,0.299419772,0
21ur-14852,UGAUGUGACGUUGAAAUGAGU,0.944091444,8.292130657,2.439175409,0.299419772,0.136909669
21ur-7227,UGAGUCGGUCAAUUUAAACAU,0.809221238,3.869660973,12.32096296,1.556982816,0
21ur-9252,UUGUACAAGUUUUUGACCCAA,0.269740413,0.55280871,2.001374694,0.119767909,0
21ur-5599,UUGAUGUUGCACCAGGUGGAA,1.888182888,17.13707003,1.876288776,0.598839545,0
21ur-14366,UUCCGUCACCAUCAUUAAUCA,0.674351032,1.934830487,8.193127655,0.239535818,0.616093513
21ur-6757,UAAUGUAAAUAUGAGUGUAUU,2.967144539,64.12581042,26.08041398,6.82677081,0.136909669
21ur-8155,UGACUUGAUCUAUCUCUUACU,0.269740413,1.105617421,1.000687347,0.838375363,0
21ur-6688,UUUGAUGUUGCACCAGGUGGA,0.269740413,3.869660973,1.125773266,0,0
21ur-12643,UUUUCUUUUGAUUUUUUUAGG,1.618442476,12.16179163,6.567010715,4.55118054,0
21ur-10625,UUAGUCUAACUCCAAAUAUCA,0,1.105617421,0.125085918,0,0
21ur-15509,UAAAUUGAGAAAUUUAUAUUU,0.539480825,36.48537489,1.375945102,1.437214907,0
21ur-7919,UCAUCAAUUCCAGAUCAUGCA,0,2.211234842,7.00481143,0.718607454,0
21ur-9124,UUAUGUUCUACAAUGACAUCA,2.157923301,16.58426131,4.002749388,0.479071636,0
21ur-14483,UUAUUAUCGUCUUCUGAGCAU,0.089913471,0,6.629553675,0.359303727,0
21ur-13718,AUAGUGUCAUAAUCGGUGAAC,0,0,0,0.119767909,0
21ur-6189,UCUGAAGUUUUCUUCCGAAGA,0.539480825,6.633704526,10.75738898,0.838375363,0
21ur-6803,UCGUAGUUUUUUCGGAAUUCC,0,0.55280871,1.501031021,0.359303727,0.136909669
21ur-7388,UCGACAGAAAUAACUUUGUGA,0,0,5.128522654,1.317446999,0.547638678
21ur-5811,UGGAUAAAGAUUUAGUUUUUC,2.697404126,36.48537489,20.51409062,1.796518634,0
21ur-7488,UUUCACAUCUGUUCAGAUUGG,3.506625364,7.186513236,46.5945046,14.97098862,0.273819339