21ur-11728,UAGAAUACAGGAAAAUAGGAA,0,0,0.375257755,0,0
21ur-8840,UUCCACUGUAUCGUUAAUUCA,0,0,0,0,0
21ur-12186,UGUUAGAAGUUACUUGAUGCA,0.269740413,0.55280871,0.250171837,0,0
21ur-13845,UUUUGAACGAAACAUUAUAAU,0,0,0.375257755,0,0
21ur-14935,UCUUGUUAGUGAAAAAUGUGG,0,0.55280871,0.75051551,0.239535818,0
21ur-10109,UGAUAACGGCUUCCAACAAUU,0,1.658426131,0.500343674,0,0
21ur-15313,UAGUGAAAAAUGUGGAAAGUU,0,0,0,0,0
21ur-12912,UUGAAUAAUUUUCAGAGGAGA,0,0,0,0,0
21ur-14956,UCUGUUACUAUUUACCACUCG,0.269740413,0,1.000687347,0,0
21ur-12879,UUGCAAAUUUAAAUUUAGAGC,0,0,0.125085918,0,0
21ur-422,UGAUUGGUUUCCUGAUAUUCA,19.96079053,232.1796584,29.01993307,1.676750725,0
21ur-344,UAAGUGUCCUUUUUUUGUUGA,6.473769903,120.2358945,66.04536491,10.77911181,0.136909669
21ur-5452,UCUAUUCCUCAGAAUUUAAAA,21.84897342,207.0268621,38.52646286,25.63033252,0
21ur-2914,UUCCUAGUCUCUUAAUUAGCU,1.348702063,2.211234842,7.505155103,3.47326936,0
21ur-1935,UUUAAUGUCUCUUUGUUUGAG,1.888182888,46.43593168,107.6989757,12.93493417,0.136909669
21ur-4519,UCAGAGUAGAUCUUCUGGUAA,0,0.55280871,2.251546531,0.359303727,0.136909669
21ur-1126,UAAUUCCGUACAGCUUUUAAU,22.65819466,179.1100222,576.270826,8.982593172,0.684548347
21ur-1475,UGGUGGAUCGUCAUUUGGUGG,0.809221238,1.658426131,0.938144388,3.772689132,0.045636556
21ur-1018,UGCCUUGUCUGUCCUAAAAUC,7.552731553,2079.389965,1119.206255,28.08557465,0.410729008
21ur-1687,UGGUUCAAUCGUUGCUGAAUG,0.809221238,37.0381836,70.79862981,28.50476233,0.273819339
21ur-1284,UAGUGGGCCCAUAACUCAUAG,0.269740413,1.658426131,1.125773266,0.239535818,0
21ur-552,UCAAAGCUCUGAAGAUUUGCC,5.12506784,48.09435781,108.4494912,20.24077661,0.821458017
21ur-678,UGUGAAAAGCCCACUAUUUUC,0,5.528087105,2.501718368,0.359303727,0
21ur-58,UGGUCGGAGAACUUAAUUUUG,1.618442476,28.19324424,59.29072532,7.964565946,0.136909669
21ur-4669,UAAGUCCUUUGAUGAAUCCUU,3.776365777,41.46065329,29.01993307,3.593037269,0
21ur-1172,UCAGUAAGGAUUGCGCAAAUC,0,0.55280871,4.503093062,0.239535818,0
21ur-4055,UAGGUUCAUGAUCCUCAAGCU,5.394808252,7.739321947,8.255670614,3.712805178,0
21ur-5021,UUGCUUCUUUGAAAACUUCCA,13.48702063,30.40447908,45.65636021,6.347699175,0
21ur-1857,UCUGAUGAAGAUAACUAAAAA,16.18442476,541.4761319,293.6391934,22.57625084,0
21ur-2213,UAAAUCCAAGGUAUCUGGAAA,5.394808252,55.83367976,56.53883511,19.28263334,0.410729008
21ur-2171,UAGUCACGUAAAUUGAUAGUC,68.24432439,264.518968,926.5113975,120.0673287,1.232187025
21ur-4738,UCGAAUUUCUAAAAUUGCCAA,0.269740413,6.633704526,14.88522429,0.359303727,0.136909669
21ur-5001,UUAUGAAGCUUCUAACUGAUA,0.269740413,3.869660973,2.501718368,0.838375363,0
21ur-4164,UGUCUUGAUCUUCUCCAAAAU,2.157923301,107.7976985,93.31409512,14.37214907,0.547638678
21ur-4699,UGAUUGCUUUUUGAAUUACCA,1.753312682,26.71908767,9.31890092,3.593037269,0.273819339
21ur-654,UAUUUCCAAUGUACCAUAAAA,8.631693204,193.4830487,82.93196389,13.53377371,0.136909669
21ur-1762,UGCAGUCGUUGAAUGGUGACU,0,3.132582693,13.69690806,0.359303727,0
21ur-2374,UAUAAGUCUCUAAUUCUCUUC,13.21728022,35.37975747,47.78282083,17.24657889,0.273819339
21ur-2168,UCUAGCCCGGCUUUGCUUAAU,2.967144539,26.25841375,76.80275389,2.395358179,0.068454835
21ur-585,UAUUGAUAGUACAGUGCGUGC,0,2.211234842,1.626116939,0.359303727,0
21ur-342,UUGUGCAUUGUUAAAAAGAUU,26.43456044,730.6749131,976.4936457,31.07977237,0.171137087
21ur-5106,UUGGUUGCCAGUGAAAUUUUG,0,79.0516456,3.564948674,0.718607454,0
21ur-2143,UGCUUACAGUUUAUAAGCCAC,0,0,0,0,0
21ur-3249,UGUUCAUCUCGUAUUUAUUCA,0.269740413,8.844939368,9.256357961,2.155822361,0
21ur-1396,UAAUAAACAAUAUGCGGGUCA,1.07896165,51.41121008,38.7766347,4.910484267,0
21ur-2639,UGGUAUUCCAGUGAACGAUUA,13.21728022,454.1323557,89.49897461,12.99481812,2.030826764
21ur-1265,UGAUUGUGCAUUGUUAAAAAG,0.674351032,10.64156768,4.847079338,0.179651863,0.034227417
21ur-2192,UCUUUUGUGCACGUCAGGGGU,2.56253392,29.29886166,78.80412859,4.01222495,0.068454835
21ur-68,UGUGAUCUCUACCGGUAUAAC,0.809221238,64.40221477,40.02749388,1.556982816,0
21ur-3492,UAUAAAUUGAAUCAGUUUUCC,4.585587014,43.67188813,69.67285654,8.982593172,0