21ur-109,UCUUAAUUCAUUUUUAUGUCA,1.07896165,24.32358326,9.631615716,2.874429815,0.136909669
21ur-4090,UGUGUAUAAGAAAUCCAUUUC,2.697404126,19.34830487,2.876976123,0.598839545,0
21ur-33,UAUCGAAUCAAUUCAAAUUUC,0.809221238,7.186513236,12.50859184,1.796518634,0
21ur-216,UUCAGCAUUGAUCAUGUCAGA,0,1.105617421,3.502405715,4.01222495,0
21ur-1075,UACGUCCUUAAUUAGCAUUAA,4.315846602,147.047117,277.440567,14.25238117,0.410729008
21ur-2078,UUUAUUGAUACUUUUGCUACA,1.348702063,24.87639197,3.002062041,0.838375363,0.068454835
21ur-1158,UUGGAACUAGAGGAAUCUUAA,0.809221238,29.57526601,33.96082684,0.359303727,0
21ur-4848,UUUGCACCUAAUUUGAAUUCA,8.631693204,116.6426379,79.42955818,14.85122071,0.136909669
21ur-985,UAAGGUGAAUUUUAUUUUUCC,0,0,0.375257755,0.119767909,0.136909669
21ur-143,UGCGUCCUCACUAUCAGCUUG,2.157923301,15.47864389,104.6969137,0.359303727,0.136909669
21ur-1514,UAUCAUCUUGUUCAACUUAAA,15.37520352,120.5122989,88.31065838,23.11520643,0.410729008
21ur-1183,UACAAACAACAGUUUUUGUGA,1.348702063,30.12807472,35.14914307,14.37214907,0
21ur-1870,UCGUGGCUAUUUGCAAAUACC,0.539480825,0,0.250171837,0.479071636,0
21ur-5283,UGGGAUAUUCAAUUGCAAUUU,3.506625364,160.8673348,21.89003572,3.353501451,0
21ur-4472,UUAGGAUGCCUGAUCAUAUUG,5.664548665,443.260451,172.9312822,9.282012944,0.205364504
21ur-4145,UAACAUUGAAAGAGCUUUUUG,1.618442476,36.48537489,15.51065388,2.634893997,0.136909669
21ur-246,UGGACUAUCUGGACAUUUGGG,1.618442476,13.82021776,16.63642715,7.904681991,0.547638678
21ur-4324,UCUGUCGUUUGUUGUGAUCCA,2.427663714,18.24268745,31.77182327,12.45586253,0.136909669
21ur-1124,UAACUUGUUGAAUUUCCGAAU,13.21728022,71.31232365,91.43780634,25.03149297,0.273819339
21ur-2208,UGGAAUAGAUGAUUAUUAAAU,4.315846602,90.38422417,14.88522429,1.796518634,0
21ur-471,UCUGAAUGAGCUUCAACUAAG,0.539480825,21.55953971,10.8824749,0.359303727,0
21ur-413,UCCGUCGUUUUCAUAUAAAUA,1.348702063,4.422469684,40.1525798,4.072108904,0
21ur-3773,UAGAGUUUUCACAACAAAAUU,0.809221238,80.15726302,28.39450347,1.796518634,0
21ur-1721,UGUUUGCCUUGUAAUUUUAAA,24.00689672,636.2828258,46.78213348,0.838375363,0.136909669
21ur-135,UAUACCACAUGGGUAGAUGUU,0.809221238,17.13707003,127.4625508,4.072108904,0
21ur-1924,UACUUUGGCAAACCUAAUACA,8.901433616,146.7707126,188.504479,9.701200625,0.273819339
21ur-5449,UAAUAAGCUAGCAAAAAUCAU,22.65819466,80.15726302,3506.721179,9.820968534,0.136909669
21ur-3664,UAAAAUUUUAUAAAGUGUUUC,16.45416517,438.6537118,274.0007042,87.37068958,0.821458017
21ur-4510,UAAAGUAGACGUUGCCAUGAU,55.02704417,1214.520737,938.1443879,106.2341352,2.190554711
21ur-1884,UGCAUUGAAACGAACAACUAC,2.697404126,68.5482801,94.81512614,3.47326936,0.410729008
21ur-3523,UUACAUAUCCUUCAAACCAAU,7.822471966,193.4830487,154.1058515,6.347699175,0.273819339
21ur-1169,UGUGUAGGGCUAUAAUAAAAC,5.664548665,132.3976862,109.3876356,1.916286543,0
21ur-5353,UGAAUUCGCGAAUGCAAAAUA,6.563683374,57.49210589,33.77319797,7.545378264,0.684548347
21ur-3095,UAUGCAAACGUUUUUUACUAA,27.7832625,666.6873049,309.4625621,19.04309752,0.273819339
21ur-4953,UCGACAAAAUGCAGGCAAUGA,1.07896165,69.93030188,278.0659966,24.49253738,0.205364504
21ur-4456,UGGGUACGUCUUUUAAUUUAA,29.9411858,839.7164312,5.003436736,64.13571525,1.232187025
21ur-2467,UAAUGUAGUAAUUUUUGCAAU,11.32909733,224.1639321,76.23986726,35.21176523,0.410729008
21ur-1013,UGAAUUCUGAUUUAUUCGACA,0.539480825,6.080895815,4.753264899,2.515126088,0.136909669
21ur-4683,UUAGUGUUGAAGGUACACUUA,0.809221238,22.11234842,1.188316225,0.53895559,0
21ur-4038,UAACACAGUUGUUCGAAUUAA,2.697404126,48.09435781,34.14845572,3.593037269,0.410729008
21ur-3592,UUGCUGCAUCGUUUUUAUUGU,0.269740413,4.975278394,5.879038164,0.958143272,0
21ur-703,UCUGACGAGUAGAGUUUAGAA,0.809221238,3.869660973,14.63505245,0.239535818,0
21ur-2387,UAACACCGCUUCAUCGCUUCA,0.269740413,0,26.01787103,0.479071636,0
21ur-809,UCUGGAUUUGUUUUUCAUUUA,3.506625364,35.93256618,0.875601429,8.263985718,0
21ur-113,UCACACUUUUUCAAUAGUAAC,32.0991091,239.9189804,591.7814799,11.9767909,0.273819339
21ur-2733,UUCAAAAUCUUUGUUCUUCAA,10.51987609,156.4448651,107.8240617,14.7314528,0.136909669
21ur-2539,UCAUACGAUGGAACUGAGAUA,7.148120934,68.17974096,72.71661389,2.215706316,0
21ur-967,UCUAAGCAUGGCUUUUGUAAA,4.585587014,67.99547139,44.53058695,9.042477126,0.273819339
21ur-1211,UCUUAAGGUUUUUGUUACGAG,12.94753981,273.6403117,274.4385049,49.94321803,0.684548347
21ur-1328,UACUGGAAACAAAAACAAAAC,0.809221238,3.316852263,0.500343674,0.119767909,0