21ur-270,UGUCGUAUUACGAUAAUUUUC,0,0,0.75051551,0,0
21ur-1167,UCUGUACGAAGAAUGGUUGUU,0.269740413,24.32358326,42.52921225,1.796518634,0
21ur-4194,UAACGCAGGAUGCAAAUUUAA,0.539480825,5.80449146,6.066667042,0.598839545,0.136909669
21ur-1305,UGCUAUUCAUGGAGUCUUUUA,0.539480825,12.16179163,10.13195939,1.077911181,0
21ur-3717,UAGGGCUUUCUACUUUUUUGA,8.901433616,81.81568915,91.31272042,14.61168489,0
21ur-1700,UAUGCAGCGAAUAUUUAUUAC,0,1.658426131,0.375257755,0.359303727,0
21ur-7868,UUUUUUCAUUCGGAGAUAUUG,0,0,1.501031021,1.437214907,0
21ur-11707,UAUAAUCACUGUAUCUUUUUU,0,0,3.377319797,2.515126088,0
21ur-13578,UACGAUUUUUUUUUAUUGUUU,0,0.55280871,0.250171837,0.119767909,0
21ur-15634,CAUCAGGAAGAAAUAAGAUCC,0,0,0,0,0
21ur-7754,UGUUGGCUCUAAUUUAAGACC,0.269740413,1.658426131,1.626116939,0.119767909,0
21ur-11328,UUUUAACAGUUUUCAGGGCUU,0,0,1.000687347,0,0
21ur-14622,UUAACGCAGGAUGCAAAUUUA,0,0.276404355,0.187628878,0,0
21ur-6661,UAUUUAUUUGAUAUUUGAUGA,0.809221238,43.67188813,33.14776837,6.946538719,0
21ur-11239,UAAUUUUUUUCACUGUAACGU,2.967144539,77.39321947,69.54777062,5.629091721,0
21ur-9926,UAUAGAAUUCUCAUCGACCCU,0,0,0.75051551,0.239535818,0
21ur-7064,UGUAAUUGCUAUCAUGAAAAA,0.809221238,15.47864389,12.63367776,0.838375363,0.273819339
21ur-9241,UUUCUGAAACUGUUUCGAUAU,0.269740413,0,1.375945102,0.958143272,0.136909669
21ur-15259,UAUCUUCCUUCAACCCGUUUU,0,0,0.875601429,0,0
21ur-13327,UCUAUGGCUCUCAGAAAAUCC,0,0,0,0,0
21ur-14373,UUCCCAUUAUUAUAUGUAGAC,0,0,0.062542959,0,0
21ur-15216,UAUUAUAAUCACUGUAUCUUU,0,0,0,0,0
21ur-7956,UGUUUUAAUUUUUUUUCAAAA,0,0,0.375257755,0.239535818,0
21ur-9051,UAGUUUUGAGUUUCAAGUUAA,0,2.211234842,0.375257755,0.239535818,0
21ur-8114,UUUGUCUUUAAUGUUAGAGUA,2.697404126,12.71460034,25.39244143,6.347699175,0.273819339
21ur-6975,UCAGAUUUCUGGAUUAGUGUU,0,2.211234842,1.876288776,0.239535818,0
21ur-14180,UUGGUUGGAUUGUCGCAGUCG,0,0.55280871,0,0,0.068454835
21ur-8067,UUAGUUUUUGUAAUUAACGAA,0.539480825,4.422469684,3.502405715,0.479071636,0
21ur-11453,UUCAGUUAGCAAUGUAUAAUA,0.269740413,0,3.752577552,0,0
21ur-10727,UCCCAUUAUUAUAUGUAGACU,0,0,0.187628878,0.239535818,0
21ur-12866,UUGCGUCAUUUCUAAUUGUGA,0,0,0.125085918,0,0
21ur-9962,UAACAACCAGUUUUUCAUUUU,0,0.55280871,26.14295694,0.479071636,0
21ur-14807,UGCUCCUCUUCAAUUCAAAAU,0,0,0,0,0
21ur-11554,UGUACAUCCAUUAUUCCAAAU,0,0,0.75051551,0.119767909,0
21ur-7439,UAAAUUUAGUGAUAUGUAAAA,0.269740413,8.844939368,7.505155103,0.718607454,0
21ur-12525,UAACUGGAGACUAUUCGGACA,0,0,0,0,0
21ur-13902,UUUUAACAAAUUGCAAGAAAC,0,0,0.125085918,0,0
21ur-14986,UCUAACAAGUGAGUAUUCCCC,0,0,0,0,0
21ur-8451,UUAACAAUUAGGAUAAAAACU,0.269740413,0,3.002062041,0.119767909,0
21ur-14765,UGGGAAAUCCCAAGUUGAUGG,0,0,0,0,0
21ur-12969,UUCGAAUUCUACUUUUUUUUU,0,0,0,0,0
21ur-4606,UCCUACUAUCGGUCUAUUUCG,12.94753981,2186.911259,1359.558847,35.81060478,0.684548347
21ur-2329,UCCUCUGAUCGUGAACGUGAA,0.539480825,1.105617421,10.8824749,2.754661906,0.136909669
21ur-572,UUUGCUUGUUUCUUUGUCUCU,6.743510315,11.05617421,61.66735777,15.92913189,0.136909669
21ur-4453,UAUGGAAAAGCAACUAUUGUU,0.269740413,4.422469684,1.125773266,0,0
21ur-5294,UAGGUUUUUUACUUAUUUGUU,0.539480825,8.292130657,8.756014287,1.077911181,0
21ur-14341,UUCGUGUUUAGAAAAAUUUCA,0.539480825,5.528087105,1.375945102,3.892457041,0.205364504
21ur-7530,UUUGUCUCUCUUUUUUCCUGG,2.967144539,6.633704526,30.20824929,8.862825263,0
21ur-13786,UUUUUCGAUUCCUUGAAAUUG,0,0,0,0,0
21ur-14415,UUCACUCAAAGCUUCGCAAUA,0.269740413,0,0.125085918,0,0