21ur-14847,UGAUUGAGCUGCAAGUGAUAG,0,0,0,0,0
21ur-8828,UUGAUCAACCCAACUGCUAAU,0.269740413,24.87639197,55.7883196,0.598839545,0
21ur-12541,UAAAUAUAUUAUUAGGUAGAA,0.269740413,4.975278394,9.006186124,0.479071636,0
21ur-12094,UUAUUCGUUUUUAUUCUUUUU,0,0,1.250859184,0.239535818,0
21ur-9090,UUUACUGACGUUUUUCCAACC,0,0,1.751202857,0.359303727,0
21ur-8996,UGUUUCUGUCUAGCUCGACAU,0,0,8.630928369,0.239535818,0.136909669
21ur-15369,UACGUUGUCUUGAGUUUCAUG,0,0,1.250859184,0.119767909,0
21ur-9365,UUUUUUUUCUUGCCUUUGAAA,0.809221238,11.7471851,7.505155103,1.19767909,0
21ur-8839,UUCCAGAAGACUGAGUCAAAU,0,1.105617421,2.126460613,0.359303727,0.136909669
21ur-8665,UGAACUGUAUUGAUAAAAAUU,0.269740413,4.422469684,22.39037939,0.479071636,0
21ur-10911,UUUACGCGCUAAUCUGAGCAG,0,0,0.125085918,0,0
21ur-9141,UGGUUUAUUUGAACUUCAACG,0.269740413,0,1.125773266,0.239535818,0
21ur-15389,UACAUUCGAUUGUGGAGAUAC,0,0,1.000687347,0,0
21ur-14315,UUCUGUCUAGCUCGACAUUUA,0,0,0,0,0
21ur-9034,UCAGUCUAUGAGUGUAUGUAG,0,0.55280871,1.501031021,0,0
21ur-5976,CAAAUUCAAUGGGUUAACAAA,0.269740413,4.146065329,3.12714796,0.119767909,0
21ur-13737,UUUUUUUUUCUUGCCUUUGAA,0,1.243819599,0.875601429,0.239535818,0
21ur-9873,UCUUUUCCUUUUUUCCUGUCC,0,0,4.127835307,0.359303727,0
21ur-9588,UUGAAUACGUUAUCUGGAUGU,0,0,0.375257755,0,0.273819339
21ur-10904,UUUCAAUCUAGUUGCUGUUAA,0,0.55280871,1.438488061,0.718607454,0
21ur-12712,UUUGCGGAGCAUUAUACAACG,0,0,0.250171837,0.119767909,0
21ur-15019,UCGAUUCAGCUGAUGAUAAGA,0,0,0,0,0
21ur-10386,UCAUUAUUGUUUUCCACUUUU,0,0,0.75051551,0,0
21ur-11318,UUUUCAAUCUAGUUGCUGUUA,0,0,2.814433164,0,0
21ur-12897,UUGAGCUGCAAGUGAUAGAAA,0,0,0,0,0
21ur-11186,UAUUCAAGUUUAUUUCAUUUU,0,0,0.75051551,0.479071636,0
21ur-15606,CUACGCUUGGAUAUUUACACA,0,0,0,0.119767909,0
21ur-12254,UGCCAUAUUUCAGGUCACAGU,0,0,0,0,0
21ur-6477,UAUAGAUGCAACCAUAAAAAC,0,33.16852263,18.13745817,0.598839545,0
21ur-11131,UCUUGCCAUUAACUUUCGAAU,0,1.658426131,0.500343674,0,0
21ur-6391,UUCCCGUUAACUUUCUCUGUU,0.269740413,5.712356675,3.002062041,1.556982816,0
21ur-12435,UAUACACUUAAUGGGAAAGAA,0.269740413,1.105617421,0.875601429,0.598839545,0.136909669
21ur-14234,UUGAUUGAGCUGCAAGUGAUA,0,0,0,0,0
21ur-15611,CGUGUUGAAUGCUUGAGAUGA,0,0,0.250171837,0.119767909,0
21ur-9409,UUGCGGAGCAUUAUACAACGU,0,0,0.375257755,0,0
21ur-14977,UCUAUUGGAUACCUCCAUUGU,0,0,0,0,0
21ur-9817,UUAGACGAUUGGUUCAAUUUG,0,0,2.189003572,0.479071636,0.068454835
21ur-6448,UAAUACUUCGGAAAAAGAACC,0,0,10.63230306,0.359303727,0
21ur-9681,UAUUCUUGCCAUUAACUUUCG,0,2.764043552,2.876976123,0,0
21ur-12565,CGAUUCAGCUGAUGAUAAGAC,0.269740413,0,1.125773266,0.119767909,0
21ur-1816,UGAUUCGAAGGUUGUCAGAUC,1.618442476,35.93256618,110.7010378,4.55118054,0.136909669
21ur-9902,UCAUGACAAAAUGAUUUUUAG,0,0,1.501031021,0.359303727,0
21ur-15151,UCAAAAAGACGUUUACCAUCU,0,0,0.250171837,0,0
21ur-13615,UAAUCCUUUGAAAUUAUAUUC,0,2.211234842,1.250859184,0,0.136909669
21ur-6241,UUCGUUCGCGGUAUUAAAAGU,0.539480825,16.0314526,45.2185595,10.12038831,0.410729008
21ur-8787,UAGAACAAGUAGUCUACGGCU,0,0,1.125773266,0,0
21ur-11267,UAAAUUGAAAUUUAAAAAAAC,0.269740413,4.422469684,3.252233878,0.239535818,0
21ur-10447,UAGUUUGAUGAAUUCAUUCGA,0,0,0,0,0
21ur-9676,UAUUUCUUCUCAAGUUUCAAA,0.269740413,2.764043552,2.501718368,0.239535818,0
21ur-9878,UCUGACACAGAAGUUAGAAUA,0,0.55280871,0.75051551,0.838375363,0