21ur-7209,UUUUGAAGCUUACUGGAAAAA,1.618442476,29.0224573,17.07422786,0.119767909,0
21ur-15411,UAAUUUUCAAUAAAUUAAAAA,0,23.21796584,1.876288776,0,0
21ur-9426,UUCACACGCUCCUUAACAAAA,0,0.829213066,0,0,0.068454835
21ur-8925,CAAGUUCAGAAAAAACUUAGA,0.269740413,3.316852263,1.375945102,0.718607454,0
21ur-7922,UAUUUUUUCGAUUUCGUAAAA,0,2.764043552,2.001374694,0.359303727,0
21ur-9522,UAAGUUCAAUAUGUGUUUAAU,0,11.60898292,5.128522654,0.598839545,0
21ur-7197,UCUACUUCGAGUCUUAACUUG,0,2.764043552,0.625429592,0,0
21ur-10965,UUCUAGUUUCUCAAAAUACCG,0,1.105617421,8.630928369,0.838375363,0
21ur-10139,UAUUCGAAAAAAGUUACUCAA,1.07896165,3.316852263,3.252233878,0.359303727,0.205364504
21ur-13200,UGGAAAAUUGAAGAGACGCAG,0,0,0,0,0
21ur-8779,UAUGUUGAUCAAAGAUGGAUU,1.07896165,3.869660973,3.627491633,0.958143272,0
21ur-8845,UUAUUGAGACUUGAGACUACC,0,2.948313123,4.784536378,0.359303727,0
21ur-8781,UAUGGUAUCAACAUCAGGGAU,0,2.211234842,4.252921225,0.598839545,0
21ur-6152,UCGAAGUUCGUGGUAUUCUGU,8.901433616,18.79549616,12.19587704,23.65416202,0.273819339
21ur-11340,UUUGGUGACUAAGGAAGAAUU,0,0.55280871,0,0,0
21ur-14625,UUAACCCGAAGUUGCUAUCCU,0,0,0,0,0
21ur-13943,UUUGCUUGUUGAGACGAAUUG,0.134870206,1.105617421,4.252921225,0.299419772,0.136909669
21ur-14326,UUCUCGUCCCUCACGGAUAAG,0,0.276404355,0.969415868,0,0
21ur-10800,UAAUAGUGUAGAAAAGUGGUU,0,3.961795759,0.125085918,0.059883954,0
21ur-7163,UCAGAAACAAAUGAGAAAAAA,0.269740413,3.316852263,7.254983267,0,0
21ur-15490,UAACGGGCUGAAAUACUAAAA,0,0,0.187628878,0,0
21ur-11214,UAGGGUUAGUUUUCCACAUUU,0.269740413,4.422469684,0.500343674,1.556982816,0
21ur-12395,UAUUGUAAUUUUUGUAUCAUC,0.809221238,6.080895815,4.002749388,0.119767909,0
21ur-8168,UAUGCAUAUAGUGCCCCAAAA,0.539480825,21.006731,5.128522654,0.239535818,0
21ur-13433,UCAAUCGCCUAUGAUCAAAUU,0,0,0.500343674,0.239535818,0
21ur-6362,UGGGCGGUUUAUUUUUUAAUC,0.269740413,53.06963621,24.51684,0,0
21ur-9718,UAACCAACUUAUGAACAUACU,0.269740413,0,1.375945102,0.239535818,0
21ur-10629,UUACCAACUUUGCUAAUAAGU,0,0.276404355,0,0,0
21ur-8100,UACUGGGGCUUUUUGAAGAUU,0,5.159547965,0.250171837,0.239535818,0
21ur-12842,UUGGUUCGAUCGAUACGCUAG,0.089913471,0.276404355,0,0,0
21ur-12674,UUUUACUGCAUUAAGAAAUAA,0,0.55280871,1.751202857,0,0
21ur-14290,UUGAAAACUGCUCUGAAUUUG,0,0,0.125085918,0,0
21ur-13127,UGUUUACACCAGUUCCGCAAA,0.269740413,2.948313123,2.063917653,0.359303727,0
21ur-9279,UUAGAGAGAUCUCGUUGUUUC,0,0,0.375257755,0.119767909,0
21ur-5504,UCUUGAACGGCUAGGAUCACU,1.07896165,68.04153878,151.791762,19.28263334,0.342274174
21ur-12707,UUUGGAACAAAGCAAAUUUAA,0.539480825,1.658426131,3.189690919,0.119767909,0
21ur-12378,UAUUUUGUCUAAAAUUUCUCU,1.07896165,4.053930544,2.876976123,1.796518634,0
21ur-5857,UCUUUUCCGUGAUUUAAAGAA,0.539480825,12.16179163,3.502405715,1.19767909,0.136909669
21ur-13118,UGUUUUGAAACACCACAUUAA,0.134870206,1.105617421,0.250171837,0,0
21ur-13844,UUUUGAAUCGUUGACAAGAGG,0.539480825,0.55280871,0.250171837,0.838375363,1.642916034
21ur-8915,UAGAAUAAUAACAAUAUAUAU,1.07896165,47.5415491,14.38488061,0.958143272,0
21ur-8605,UUUUGAAAUGUGUAUAGAAAG,1.483572269,147.5999257,82.86942093,4.910484267,0
21ur-14222,UUGCAUCUAAAGUUGAUUGAA,0.539480825,0.55280871,0.938144388,0.898259317,0
21ur-11000,UUAUUCUUGAACGGCUAGGAU,0.269740413,1.243819599,1.56357398,0.479071636,0
21ur-15657,AUUGCAAAAUCUAGGGUGUUU,0,0,0.250171837,0,0
21ur-8216,UGUUGGCCUUCGAACGGAACA,0.809221238,26.81122246,20.70171949,0.359303727,0
21ur-9287,UGUUCCCGUGAUAUUCAGGGU,0,0,0.125085918,0.479071636,0
21ur-11487,UUAUAUGUGUUGCAUAGGAUG,0,0,1.688659898,0,0
21ur-15015,UCGCGUCUGUCGAUAUUCCAC,0,0,0.562886633,0.419187681,0.068454835
21ur-12390,UAUUUAUCUAUUCAAUAUUAA,2.427663714,140.4134125,33.27285429,3.832573087,0.136909669