21ur-10786,UACGAAAUAUUGAAACUGAUC,0,0,0,0,0
21ur-13803,UUUUUAGUAGUUAAAAUCUAA,0,0,0,0,0
21ur-13832,UUUUGCAUAUGAACUGUGGUC,0,0,0,0,0
21ur-15085,UCAUACUCAGUGCUCUUUCGA,0,0,0.250171837,0,0
21ur-13378,UCCGUCUACUGUCAAUCAGUA,0,0,0,0,0
21ur-13391,UCCAAAUUUCUCAUCUUAACA,0,0,0.125085918,0,0
21ur-14731,UGUAGAACUAACCUGUUGAGC,0,0,0.375257755,0,0
21ur-15641,CAGAACAUUUAAACACCAAAU,0,0,0.125085918,0,0
21ur-15532,UAAACAUCUGGUAGUUCAGUG,0,0,0,0,0
21ur-13939,UUUGGAGCAGAUCUAAAAUCU,0,0,0.500343674,0.119767909,0
21ur-15328,UAGUAAACAAGGGGAAAAGUA,0,0,0,0,0
21ur-11653,UCAUUACUAGAGACACAAGGA,0,0,0.125085918,0.119767909,0
21ur-8661,UGCAAAUUGAUGAAAACAGUC,0.269740413,0.55280871,0.500343674,0,0
21ur-14663,UGUUUAUAGAUAUUUCCUCCG,0,0,0.250171837,0,0
21ur-13598,UACAAAAAAAGGACAUAUUGU,0,0,0,0,0
21ur-14055,UUUCAAAUUGUGAGUUGAAGA,0,0,0,0,0
21ur-13080,UUACAUCAAUUGUGACGUCAU,0,0,0,0.239535818,0
21ur-15590,GACCAGUGUUUUAUUCGAGAA,0.539480825,0,0,0.718607454,0.821458017
21ur-11933,UUUAUUUUCUAGGACUUAUAA,0,0,0,0,0
21ur-13146,UGUGGGAUGUCGAAUCAGAGC,0,0,0,0,0
21ur-11059,UGUUCAAUUAUGGAUUGGAGU,0,0,0.75051551,0.119767909,0
21ur-14137,UUGUUCGUGCGGAUAAACGAA,0,0,0.375257755,0.119767909,0
21ur-9992,UUUUAGGCUGAAUUGUAAUAU,0,0.276404355,0.687972551,0,0
21ur-13282,UGAAGAAACUUUAUUCGAGAU,0,0,1.000687347,0.239535818,0.273819339
21ur-5843,UUUAGGCUGAAUUGUAAUAUU,0.809221238,40.63144022,48.97113705,4.55118054,0.136909669
21ur-8976,UUCAUGCUGAAUUCUAAUAAA,1.348702063,5.528087105,8.380756532,5.269787994,0
21ur-7860,UAUAAAACUGGCGUUGUGGAC,0.269740413,1.658426131,0.250171837,1.19767909,0
21ur-4660,UACGCAUGGUUUAUAUGCACA,0,0,0.625429592,0,0
21ur-2087,UCGGAUGGUUUACGAAGUUUC,0.269740413,19.90111358,2.876976123,0.119767909,0
21ur-1004,UGCUUUCUUCUUAUCAGAGUA,0,1.658426131,1.501031021,0.119767909,0
21ur-870,UAGCUUGCAUUCUUCGGCAAC,0,0,2.251546531,0,0
21ur-1101,UUACAACUGUUAUUUGUUGUU,0,1.105617421,0.75051551,0,0
21ur-12182,UGUUAGGACAGUCUCCACAAA,0,0.55280871,0.75051551,0,0
21ur-15247,UAUGGCCUACAUGUAUUGGUU,0,0,0,0,0
21ur-8643,UUAUCUCUUCAAUAGGUCCCU,0,3.316852263,3.12714796,0,0
21ur-6799,UGAAUAUGAAUGACGAACGGA,0,0,0.375257755,0.359303727,0
21ur-8686,UAUUCUUCAGGCAGUUGCAAA,0,0.55280871,0.75051551,0.239535818,0
21ur-7120,UGAAGAGCAAUGCAUUUUUGU,0,0,0.875601429,0,0
21ur-8882,UCUCAAAAUAGAAUGAUCAAA,0,3.869660973,0.500343674,0.119767909,0
21ur-13678,GUUUUGUUAGGUUGGAAUAUA,31.28988786,5.80449146,2.814433164,54.79381835,0.547638678
21ur-6755,UACCUUUUUUUUGCGUGACCG,0,9.397748078,8.130584695,0.479071636,0
21ur-11522,UUAAAAGUGUUCAAAUGUAAG,0.269740413,6.633704526,7.380069185,0.359303727,0
21ur-10023,UUUAUAGCAAAGAUUAAUUAA,0.269740413,4.975278394,3.252233878,0.119767909,0
21ur-14586,UUACAAAUCAUGCACUCUCUC,0,0,0.500343674,0,0
21ur-11205,UAUAAUGAUUGUUAGCAAUUG,0,0.55280871,0.125085918,0,0
21ur-14995,UCGUUGGAAAAGUUUAUUUUU,0,0,0.875601429,0.119767909,0
21ur-10869,UUUGUUAGGUUGGAAUAUAAU,20.77001177,0.55280871,0,11.67737112,0.410729008
21ur-13688,GAGUUAAGGCAAUUAAUAUGA,38.572879,2.764043552,3.002062041,54.97347021,0.821458017
21ur-13206,UGCUGCAGCCUCUAAUAGUCU,0,0,0,0,0
21ur-10110,UGAAUAAUCAAUACUAGCAAA,0,0,2.376632449,0.119767909,0