21ur-9916,UAUUAACUUUUUUUGAUUCAC,0.809221238,7.186513236,6.129210001,1.077911181,0
21ur-8866,UGCUUGUAACAUAUAAUUUCA,0,10.5033655,6.379381838,0.479071636,0
21ur-13575,UACUAAAAACUAAUACAAAAU,0,2.211234842,1.188316225,0.119767909,0
21ur-12036,UUCUGACUAAGUUCUGUGAGU,0,0.829213066,0.312714796,0.239535818,0
21ur-5741,UCUUAUUUUCAUGUCAGAAAC,4.585587014,72.41794108,77.05292573,16.40820353,0.136909669
21ur-7785,UUUCUGUUAAAUUUUAUUUGA,10.7896165,130.4628557,86.55945553,7.665146173,1.779825703
21ur-15558,UAAAAAAUGCGUUUAGUAGUU,0,0,0,0,0
21ur-14128,UUGUUUCUCCGUACUUUUGGA,0,0,0,0,0
21ur-10157,UAUAGUGAAAACAUUAUUCAA,0,0,0.625429592,0,0
21ur-5553,UGAAAUGAAAUAUUUACCUUU,0.269740413,7.739321947,2.876976123,0.239535818,0
21ur-11399,UUGGAACAGUAUUGUUCAUCU,0.269740413,1.658426131,0.500343674,0.119767909,0
21ur-12010,UUGAUCAUACCAGUGUUGAUU,0.269740413,1.105617421,5.503780409,0,0
21ur-5768,UUAGUUGUGAUUUUUUUGUCA,21.03975218,262.0313288,171.9931378,27.78615488,0.273819339
21ur-12732,UUUCUUUUAUGAAAUCGGGUU,0,0,0.75051551,0,0
21ur-14474,UUAUUGACAAAUUCAGGUAAA,0,0.55280871,0.187628878,0.179651863,0
21ur-11552,UGUAGCGCAAAUGACUUUGGG,0,0,0.250171837,0,0
21ur-11940,UUUAUUAUGUAUCUAGCAGCC,0,0,1.626116939,0,0
21ur-12137,UUAAUAUCAAAAAGUUCCAGA,0,0,0.81305847,0,0
21ur-8668,UCUGCUGGCUAUUUAGUAGCA,0,0.276404355,0.500343674,0,0
21ur-13492,UAUUAGAUCAUAUAUAGGAAU,0,0.737078281,0.208476531,0.119767909,0
21ur-11994,UUGCGCAUAUCAAUUGAUCUU,0,4.146065329,1.626116939,0.479071636,0.136909669
21ur-8092,UAUGUGCAAAAUUCGAAGAUU,0,2.211234842,1.501031021,0.239535818,0
21ur-10583,UUGAAAACGCUAAAAUUCAUC,0,0.829213066,0.250171837,0,0
21ur-11416,UUGAAACAGCCGUAACGCAGG,0,0,0.125085918,0,0
21ur-11174,UCAAAUAAGCUGGUGAUCAGG,0,0.55280871,4.62817898,0.119767909,0
21ur-11541,UGUUAACUUUGAUUUUCUAAG,0.269740413,1.105617421,0.375257755,0.239535818,0
21ur-9507,UAGUGGCGGAUAAAAUGAGAG,0,2.764043552,1.876288776,0.239535818,0
21ur-9928,UAUAAAAUUGGAAAGACUAGA,0,0,1.501031021,0.119767909,0
21ur-9305,UCUUAGUCCAUUCGUGUUGAA,0,1.105617421,1.188316225,0.059883954,0
21ur-11238,UACAAAAAUAUCCUGAAAAAA,1.618442476,31.5100965,14.76013837,0.718607454,0
21ur-7355,UAAUAUCAAAAAGUUCCAGAU,0.809221238,3.316852263,6.316838879,0.598839545,0
21ur-14533,UUAGUGAAACAAGUAUAGUUU,0,0.092134785,0,0,0
21ur-13208,UGCUAUUGUUUUGGUAUAAUG,0,1.934830487,0.250171837,0,0
21ur-8455,UGAUUCCUUUGCUGGUUGGCU,0.269740413,3.869660973,11.38281857,2.27559027,0.136909669
21ur-14357,UUCCUUUUUUGAAUUUUGAAA,0,0,0.625429592,0,0
21ur-8372,UGUGAUUAUCGUAUCAUCUUC,0,2.211234842,0.250171837,0,0
21ur-13646,UAACUAUGGGUUGUGCACAAU,0,0.55280871,1.375945102,0,0
21ur-11445,UUCCUUUGCUGGUUGGCUGGU,0,0,1.375945102,0.119767909,0
21ur-11547,UGUCAAUUUAUCUAUUCCUUU,0.269740413,2.211234842,4.62817898,0.239535818,0
21ur-9359,UAAAAACUAAUACAAAAUGUA,0.539480825,15.47864389,7.067354389,0.239535818,0
21ur-13962,UUUGAUUAAUUCUGAAAAUUU,0.269740413,0.276404355,0.625429592,0.239535818,0
21ur-9295,UGCAGUAGAAAUUUUGAAAAA,0,3.316852263,0,0.359303727,0
21ur-7923,UAUUGUUUUGGUAUAAUGAUC,0.809221238,11.88538728,6.129210001,1.077911181,0
21ur-8657,UGUCGUAUUCACUUCAAUGUA,0.269740413,0.55280871,2.501718368,0.359303727,0
21ur-7177,UUUGCAAUUUUGAAUUGCGGA,0,0.55280871,0.875601429,0.479071636,0
21ur-9525,UAACUUUGAUUUUCUAAGAGC,0.134870206,7.186513236,8.255670614,1.077911181,0
21ur-12683,UUUUAAAAACUAAUUGACGUC,0.269740413,0,0.375257755,0.119767909,0
21ur-11986,UUGGGAAUGGAAAAAUACGAU,0,5.528087105,1.813745817,0.179651863,0
21ur-8721,UUGUACUGAAAACCCAAAAUC,0.539480825,0,1.501031021,0.119767909,0
21ur-15677,ACAUUUUCAAACUGAUCAAGU,0,0.55280871,0,0.059883954,0