21ur-10913,UUUAAUCGAAGUUCGUGGUAU,7.822471966,1.382021776,8.380756532,23.53439411,0.273819339
21ur-9168,UCAACUUUAAAACUUCAAACU,0,1.658426131,5.003436736,0.119767909,0
21ur-7354,UAAUGGUAUUUCUAAUAAAUA,1.618442476,231.6268497,12.38350592,3.593037269,0
21ur-6822,UUAGAUCCAGUUUUUAGAAAA,0.539480825,25.42920068,19.38831735,0.119767909,0
21ur-10713,UCGCACAAAUUCGUGGAAGAA,0,1.105617421,0,0,0
21ur-11850,UUUUGAAAUCGAACUUCAAAA,0,13.26740905,0.500343674,0.119767909,0
21ur-8057,UUUAUUCAGUCGUUGUUAGUA,1.348702063,13.26740905,9.068729083,4.730832404,0.410729008
21ur-11533,UGUUGUAUCUUGGAUUCUAUC,0.269740413,0,2.376632449,0,0
21ur-9046,UAUGAGUAGGUGCUGAAGACG,0,1.658426131,4.378007144,0.958143272,0
21ur-8310,UCGCGGAAAAUAUUUUGAUAU,0.269740413,2.211234842,1.876288776,0.359303727,0.136909669
21ur-9603,UUCCGUUAAACGUCAUGUCCA,0.134870206,0,0.375257755,0.239535818,0
21ur-5975,UCUGAGUAGCAAUUUUUGAAA,5.934289078,21.006731,17.13677082,2.994197724,0.273819339
21ur-11087,UGGACUAGAACUUUGAAUGCU,1.07896165,3.869660973,5.879038164,1.73663468,0.068454835
21ur-9674,UCAAAAUUUUAAGACCCAUAU,0,5.528087105,19.51340327,0.718607454,0
21ur-8364,UUAUAAAAUUCAGAUUUUGCC,0.674351032,125.7179142,105.3848862,12.39597858,0.136909669
21ur-9449,UGUAAUGGGUUUCAAAUCGCA,0,0.55280871,0.375257755,0.119767909,0
21ur-7275,UUUGGAUUGUUAUUAUGAUUC,3.371755158,71.31232365,18.20000113,2.515126088,0.273819339
21ur-5531,UUCGAAAAAAAACUAAAACAC,0.539480825,25.42920068,125.648805,1.916286543,0.136909669
21ur-8395,UAGUUUGUGUGCCAAAAAAAA,4.585587014,281.3796336,75.05155103,12.33609462,0
21ur-5557,UUGGCGUGGUCUUUUUAAUUU,14.92563616,753.1097333,55.47560481,8.064372536,0.889912852
21ur-11888,UUUGGUCGAUCGCUAAAAUCG,0,0,0.375257755,0.119767909,0
21ur-15651,CAACUGCAUAUUGAUGAUUUG,0,0,0,0,0
21ur-13181,UGGGAGAAAUCUACGGAAAUU,0,0,0.312714796,0.059883954,0
21ur-11965,UUGUUUGAAGUAGGAUUUUGA,0,0,0,0,0
21ur-7861,UAGUAAUUUAAUGAUAUGACA,0.539480825,11.60898292,8.881100206,0.838375363,0
21ur-10491,GUAAGUUCGAUGGUUUGAAUU,0.944091444,1.658426131,0.375257755,0.598839545,0.616093513
21ur-12527,UAACGUCUGAAAUAUGUGGAU,0,0,0.125085918,0.179651863,0.205364504
21ur-15658,AUUCCUGUUAGCAAUGAUUAU,0.269740413,4.422469684,5.44123745,0.359303727,1.30064186
21ur-11782,UAAAAUACUUGAGAAAAAUUU,0.269740413,6.080895815,10.13195939,0.119767909,0
21ur-13912,UUUGUUCGGAAAUUUGAAAAA,0,0,0.75051551,0.479071636,0
21ur-10746,UAUUCUCGUCCCUCACGGAUA,0,0,1.782474337,0,0
21ur-13458,UAUUUCAAUAUUGUUCCGUUU,0.269740413,0,6.629553675,0.598839545,0
21ur-11800,CGAUUCUCAAGCUCUUGUUCU,0.269740413,0,0.625429592,0.299419772,0.068454835
21ur-12546,UAAAAUUUAAAAGUGCAAAAG,1.07896165,27.45616595,45.36449307,1.19767909,0
21ur-9391,UUUCAGUAUGUUCAAAGGAAA,1.618442476,19.90111358,10.00687347,1.317446999,0
21ur-11517,UUAAAGCUUUAAUUAAACAGU,1.348702063,21.006731,18.38763,1.19767909,0
21ur-10848,UUUUUAUUGCUUCAUUUUUGA,12.13831857,166.3954219,179.373207,25.98963624,0.273819339
21ur-10260,UUGCAAUUGUGCUUGAUCGAA,0,0,0.312714796,0,0
21ur-6288,UUUCAAAAAUGACAAUAGGGU,0.809221238,9.950556789,28.39450347,1.077911181,0
21ur-12230,UGGAUGAUUCUUUCUUUUCAA,0,4.422469684,0,0.479071636,0
21ur-7073,UAGAACGUUUGGAAAAUUUUU,0.809221238,14.64943083,16.38625531,3.593037269,0
21ur-7581,UUUCGAAAUAUCCUUGAUGUU,0,0.092134785,0.81305847,0.059883954,0
21ur-10901,UUUCACCAAUUCCACAAAAGU,0,0,0,0.119767909,0
21ur-9152,UGACCCAUAAUCGCCAAAAAU,0,4.422469684,13.6343651,0.479071636,0
21ur-10646,UGUGUUGUGUCUCUAUUAGCU,0,6.633704526,1.000687347,0,0
21ur-14871,UGAUAAUGAAACAUCUGAAAA,0.269740413,2.211234842,1.000687347,0.119767909,0
21ur-5730,UUGAGUGAACUUAUCAGCAGG,4.315846602,26.25841375,26.45567174,9.76108458,0.136909669
21ur-15159,UAUUUUCUCUAUUUUAAAGUA,0,6.633704526,1.000687347,0.119767909,0
21ur-12604,UUUUUUCGAUUGAUGUGCUAU,0,0,0,0.239535818,0
21ur-7032,UUUUCUUAGGGCUUUUGGCAA,3.236884951,46.71233604,49.09622297,10.71922785,0.136909669