21ur-6601,UCUCUUCACAUCUCUGUCUCC,0.269740413,2.211234842,11.38281857,0.479071636,0
21ur-8184,UUUUUUUGCCCGUAUGUAUGA,0,8.844939368,4.252921225,0,0
21ur-11298,UUUUUGAGAGCAAGGUUUUUU,0.674351032,20.17751793,12.52943949,2.575010043,0
21ur-12795,UUUACGAACAAUAACAAAAGC,0,0,0.437800714,0,0
21ur-10497,CCUUCAAGAACAAUGCAAAAG,0,1.105617421,0.375257755,0.119767909,0
21ur-12129,UUAAUUUAUAACGAUUUUGGA,0,0,0,0,0
21ur-10558,UUUAAGCAAUUGCAGGUAAUA,0,5.528087105,4.190378266,0.479071636,0
21ur-13963,UUUGAUGUCUGUAAUCGAUGG,0,0.55280871,6.629553675,1.796518634,0
21ur-12313,UCUGCGCCCAGCCCACGUUGU,0,7.739321947,29.77044858,0.119767909,0
21ur-8378,UGAAAUGGGAUCGGAUAACAA,1.348702063,21.55953971,11.88316225,1.796518634,0
21ur-6195,UUUGCACGAUUUCGGUGAUGA,1.07896165,1.105617421,18.07491521,4.01222495,0.136909669
21ur-9375,UUUUCAUCGUAAAACAGCAUU,0.809221238,3.869660973,13.38419327,0.718607454,0
21ur-7838,UUCAUGUCUUCGGUUUCAUUU,1.888182888,1.289886991,15.23963439,0.778491408,0
21ur-12750,UUUCCUAUCAAAUUAUGUGCC,0,0,0.125085918,0,0
21ur-14746,UGGUCUUAUUCACCGUAAUUU,0.539480825,1.658426131,1.626116939,0.119767909,0
21ur-7637,UUCACUCGUUUGAAGAGAAAA,0.539480825,6.080895815,3.377319797,0.359303727,0
21ur-7493,UUCGAGUUUUUAUUUUUUUCG,1.978096359,16.21572217,15.51065388,4.750793722,0.136909669
21ur-7435,UAUCAAAUUUUCAAAAUCUCC,0.269740413,2.211234842,6.879725511,1.916286543,0
21ur-12915,UUGAACUCCACAUAUCGUUCU,0.134870206,0.55280871,2.189003572,0.059883954,0
21ur-9657,UCCUCCCUUCAGUUCCAAAAU,0.809221238,6.633704526,2.626804286,0.718607454,0
21ur-12414,UAUUAGGUCUAUCCUUUUCAA,0.539480825,9.397748078,4.753264899,1.556982816,0
21ur-8403,UAAUCUGCAGUUUUUGAACGC,0,0,5.753952246,1.796518634,0
21ur-13809,UUUUUAAAUUCUUGAAACAAA,1.348702063,63.020193,14.63505245,1.796518634,0.273819339
21ur-14387,UUCAUUUUGUAUAAGAGAAUA,1.07896165,44.77750555,70.92371573,0.359303727,0
21ur-8091,UAUUGGCAUCUCCGGAAAAAA,0.809221238,10.31909593,4.252921225,1.028007885,0.068454835
21ur-6023,UUAUCACGAUUCUUUCCAAAU,4.585587014,165.8426131,67.92165369,14.01284535,0.273819339
21ur-5835,UCUAUAGAUGACAUUCAAAAA,1.07896165,27.64043552,20.01374694,0.958143272,0
21ur-10672,UGCUCCUCGGCUAUUCCAUUG,0,0,0,0,0
21ur-8946,UUUAUUAUUAUAGAACGGACG,0.269740413,5.528087105,7.75532694,1.257563044,0
21ur-9161,UCGAAGGUCAACAAAAUAUUA,0.809221238,28.46964859,34.71134235,6.108163357,0.342274174
21ur-13991,UUUCUGUUCAUGGAGACAAUU,0.134870206,0,0.625429592,0.479071636,0.136909669
21ur-12789,UUUAGAAAUUAGUUAGUGUUG,0.809221238,10.5033655,17.26185674,4.072108904,0.136909669
21ur-11430,UUCUGCGAUUGUUAGUUUUGC,0,1.382021776,0,0,0
21ur-7968,UCAUAUCCAUUUUACUGUAUU,1.07896165,12.71460034,21.7649498,1.916286543,0
21ur-6858,UAAAGACUGUAUAUUUUUUGA,0.539480825,2.764043552,5.628866328,0.119767909,0
21ur-14126,UUGUUUUUCUUGCUGAAAAAG,0,0,0.250171837,0,0
21ur-8413,CGAUAUAUUUGAGUGGAAUAA,0.539480825,3.316852263,1.876288776,0.239535818,0
21ur-6880,UUUACGAAAUUACGAAGUUCU,1.348702063,4.422469684,10.50721714,2.27559027,0
21ur-7826,UAAAAUUUCCAUUUUGUGCAG,0.269740413,9.397748078,4.503093062,2.27559027,0
21ur-9465,UCUCAAAAAACGGGGAUCUUU,0.269740413,0,0.250171837,0.119767909,0.136909669
21ur-8894,UCAUCAUUUGACGUAACUAUU,0.269740413,0,1.250859184,0,0
21ur-8338,UUUGGCAUCAUCUUUUUGUUG,0,4.422469684,2.876976123,0.299419772,0
21ur-9811,UUAUUCGGAUUAGCGUUAGGU,0,0,2.251546531,0.718607454,0
21ur-7727,UAAGUUGCUGCUUGUUUCUUU,1.348702063,14.92583518,10.8824749,5.20990404,0.136909669
21ur-6390,UUUACUGGAUGUAUUAAUCUC,1.348702063,19.34830487,17.63711449,0.479071636,0
21ur-12861,UUGCUUCAACACUACCGUAGU,0,1.105617421,1.000687347,0,0
21ur-6556,UACAUGAGGGAGAUCUUUUUU,1.07896165,21.55953971,18.51271592,3.593037269,0.136909669
21ur-13798,UUUUUAUUUGGAAACACAUUU,0,3.869660973,4.62817898,0,0
21ur-10582,UUGAAAAGUAACGGAGUAUGC,0,3.869660973,4.62817898,0.179651863,0
21ur-9466,UCGUUCCCCGAAAAUGUUAUU,0,0,1.501031021,0,0