21ur-8930,UUUUUAGAACUUGGUUAUGAA,0.269740413,6.080895815,3.87766347,1.676750725,0
21ur-12663,UUUUCAAAUUAAUACUAGAUU,0,0,0.75051551,0,0
21ur-8059,UUGUACCGGACCUUUUGAUUC,0.809221238,13.82021776,17.38694266,3.47326936,0
21ur-14681,UGUUCUUUAUUACUGGGCGUC,0,0.55280871,0,0.059883954,0
21ur-12738,UUUCUGUUCGGUUCAUGUGAA,0,0,0.062542959,0.119767909,0
21ur-5678,UCUUUUCAAUUUUUUAUUUGA,0.269740413,36.48537489,13.50927919,5.868627539,0
21ur-9807,UUCACUUUUUUAAAAACAUUU,0.539480825,2.764043552,7.630241022,2.515126088,0
21ur-11647,UCCAGUAUCCAAUCAUAAAAU,0,0,2.126460613,0.119767909,0
21ur-12896,UUGAUAAGCUCCAAUCGUGUC,0,0,0,0,0
21ur-9176,UAUGGUAUUGCCAGACAGAAC,0,0,0.250171837,0,0
21ur-14480,UUAUUCGAUUAUCAAUUUUAU,0,2.211234842,4.378007144,0.359303727,0
21ur-7900,UGUUCGAAAUCGAAAUUGCCC,0.269740413,4.975278394,6.879725511,0.598839545,0
21ur-12168,UGUUGUAUCGAAUAAGCAAUC,0,0.55280871,0.250171837,0,0.136909669
21ur-15601,CUCUAAUGAUUGCCAGUAUGA,0,0,0.500343674,0,0.136909669
21ur-11929,UUUCAAAUGGACAACUAGCAA,0,1.934830487,0.625429592,0.239535818,0.068454835
21ur-11218,UAGAUAGAGGUGAGAAUUAAA,0,0,1.751202857,0.479071636,0
21ur-4673,UCAUGUCAAUUUUAGGAAAAC,1.888182888,16.58426131,44.03024327,7.305842446,0
21ur-4915,UCUCAAGUUGCAUUUAGGAUU,0,0.55280871,3.12714796,0.239535818,0
21ur-2888,UAUAGUCGCUAUACAAACAAU,0.809221238,4.975278394,26.5182147,1.077911181,0
21ur-5302,UUGAAGAAACAUCUUCUGCCA,0,4.975278394,1.375945102,0.119767909,0
21ur-4186,UCAUAAUGUCGAACCGAUAAA,5.12506784,59.70334073,154.2309374,15.45006026,0.273819339
21ur-5279,UACCUAUCUGUACACUUUUCA,5.664548665,105.033655,68.17182552,3.832573087,0.547638678
21ur-2158,UAUCAGAAGUGAUGUUUUCGA,0.269740413,0,1.876288776,0.479071636,0
21ur-1963,UGCGAACAAGAAAAUGUAUUA,0.269740413,0,1.626116939,0,0
21ur-5057,UAUGAAGACUUCAUUGACCCA,0,0,1.000687347,0,0
21ur-4002,UUUUGUAGCCAAAACAAAAGU,0,0.55280871,0.250171837,0,0
21ur-5375,UUGGCCGUCCAUACUCACGUA,0.539480825,3.316852263,3.12714796,0.239535818,0
21ur-1014,UGAAUCCAAUUUAGAUGUAGC,1.618442476,26.5348181,6.004124083,1.317446999,0
21ur-731,UGUCUGAUUGCCUAGAUUUAC,27.24378167,531.2491708,595.5966004,12.45586253,1.506006364
21ur-1272,UAGAAUUAGGACUCCCGAAUU,3.236884951,111.1145508,127.3374649,1.077911181,0.136909669
21ur-3603,UACAUCCAUCAUCUAUUCGGU,0.269740413,0,0,0.239535818,0
21ur-1035,UGGAGAGAUAUUUACAAUAUU,0,3.869660973,1.501031021,0.239535818,0
21ur-1022,UAUGGAUUCCAGAAAAUUGUC,3.236884951,19.34830487,8.630928369,23.11520643,0.273819339
21ur-347,UCGAGAUUCUUUGCAUCUUUA,0.809221238,1.105617421,8.005498777,0.718607454,0
21ur-4904,UAUCAGUAAGAUGUUGACCAU,1.07896165,13.26740905,8.756014287,1.676750725,0.136909669
21ur-3622,UGGUGGGUCUGACUUGAUAUU,5.664548665,73.5235585,3.12714796,0.718607454,0
21ur-1662,UACAUGAACUACAUACUUUAC,0,34.27414005,3.87766347,0.119767909,0
21ur-15156,UAUUUUUACAUCAAGAGUUAA,0,0.55280871,0.500343674,0,0
21ur-6843,UUGUUAUGUUCUCGUCACAUA,0,1.658426131,0.500343674,0,0
21ur-13094,UUAAUGGACUGUUGAUCUUUA,0,0,1.125773266,0.718607454,0
21ur-7094,UGUUCUCGUCGCAUCAACUUU,0,0,2.251546531,0.239535818,0
21ur-13202,UGCUUUCUUGUGAAUGAUGGG,0,0,0.125085918,0,0
21ur-13826,UUUUGGAACAAUUUUGGAACA,0,0,0,0,0
21ur-6102,UCAGUUAUCUUUGGCAGCAAA,0.809221238,0,4.753264899,0.119767909,0
21ur-6122,UCCAGAAAAAUUAAAAUGUUU,0,3.316852263,0.125085918,0,0
21ur-8589,UACUCUUGUUUUAUUCAGGCA,0.539480825,0,0.625429592,0.359303727,0
21ur-13817,UUUUGUAUGUGUAAUUAACAG,0,0.55280871,1.125773266,0,0
21ur-14176,UUGGUUUUUUCAUCAUAGGUA,0,0,0.312714796,0.059883954,0
21ur-10722,UCCGUCACUCUCCACUUCUUC,0,0,1.876288776,0,0
21ur-11490,UUAGUUAAAAAAUUGUAAUUA,0,14.92583518,12.50859184,1.317446999,0