21ur-13078,UUACGUUUUUUUCGGGUUAGU,0,6.080895815,5.191065613,0.179651863,0.068454835
21ur-11389,UUGUAUGCGUAAAAAAAAAUG,0.944091444,19.34830487,11.75807633,0,0
21ur-8399,UACUGGAUCAGGGGUACCCCA,0,4.422469684,0,0.479071636,0
21ur-6778,UCAGUAACGUCUCUUUUUCCU,0,2.211234842,5.003436736,0.838375363,0
21ur-12809,UUGUUUUCCAUAGCGAUGAAA,0.269740413,13.82021776,4.753264899,0.479071636,0
21ur-7958,UGGGAGUACAAUGCUGUGGGA,0,1.105617421,1.000687347,0,0
21ur-6213,UUUAUCGUACGGUGAUUAUGU,0.539480825,4.698874039,16.44879827,12.27621067,0
21ur-15614,CGGUUCUCGGUGAUUGUGGAA,0,0,0,0,0
21ur-6074,UUCAUUUUGUAGAAAUGAUGA,0,2.764043552,2.001374694,0.119767909,0
21ur-5854,UUUUUGGCCCUACGAAAUUCA,8.227082585,307.0852387,30.45842113,4.970368222,0.136909669
21ur-5874,UUCGGAAAAAGUUGGGUAGUG,0.539480825,7.462917592,21.89003572,3.293617496,0
21ur-5664,UAUCAUGACCAGCUAACCAUU,1.07896165,14.37302647,121.4584268,3.712805178,0.136909669
21ur-7512,UCGGAAAAAGUUGGGUAGUGG,0.539480825,30.68088343,24.64192592,7.964565946,0
21ur-8402,UACAGUGGAAUUCAAAAAAAU,0.269740413,14.09662212,12.44604888,0.479071636,0.136909669
21ur-8775,UAUUUUUGACUAGGGAGAAUU,0,4.422469684,1.626116939,0,0
21ur-7151,UGUAAGCAAUUCAAAAGCAUG,0,0.55280871,1.375945102,0.239535818,0
21ur-14929,UCUUUUUGCCAGAUAUGGGUA,0,0,0.250171837,0,0
21ur-10852,UUUUGUAGUUGGCUUACAAUU,0,0,0.875601429,0,0
21ur-10274,UUCGUAUUGUUGGAUUAUAAU,0,22.38875278,18.63780184,1.916286543,0.136909669
21ur-11147,UCGAUAUGCUAUUUUUCCCGA,0,1.382021776,0.500343674,0.119767909,0
21ur-8895,UCAUAUCCCAAUUCGUUGUAA,0.269740413,1.105617421,6.754639593,0.359303727,0
21ur-6020,UGAGACAAGAAUACUUAUUCA,0.269740413,7.739321947,11.50790449,0.239535818,0.136909669
21ur-7789,UUGACUUAGUAUUUUGUUGAG,0.809221238,35.10335312,31.77182327,5.868627539,0.205364504
21ur-6182,UGUAUGCGUAAAAAAAAAUGU,2.832274332,27.08762681,32.02199511,2.515126088,0.410729008
21ur-11384,UUGUUUUGAACAUUUUUUUCA,0.269740413,3.316852263,1.000687347,0.359303727,0
21ur-13822,UUUUGGCCCUACGAAAUUCAC,0.134870206,1.382021776,0.312714796,0.179651863,0
21ur-5901,UGUUACGAUAAAAUGAAGACA,4.990197633,62.74378864,45.46873133,7.305842446,0
21ur-13105,UUAAGUAAGUAAAUCUUCAGC,0,2.211234842,1.125773266,0,0
21ur-15263,UAUCGGUUCUCGGUGAUUGUG,0,0,0,0,0
21ur-11813,UUUUUUUAGUUGGCGAAGGAU,0,10.77976985,1.375945102,0.53895559,0.136909669
21ur-297,UGUUACCGUCUUGUUUUCGGU,0.269740413,1.105617421,0.500343674,0.479071636,0
21ur-762,UGCAGCUCGUGCGAUUGAAGC,0.809221238,3.869660973,13.38419327,0.718607454,0.273819339
21ur-1741,UGGGCUUAUAUAAAAAUUCUA,0.539480825,3.316852263,1.375945102,0,0
21ur-2429,UCCAUUUGUCAUUCGGCGAAA,1.618442476,3.869660973,34.52371348,2.036054452,0
21ur-9170,UAUUUUUAAAUCAUCCGCAAA,0,9.950556789,23.01580898,0.838375363,0
21ur-14735,UGUAAUGCAGCUCGUGCGAUU,0,0,0,0,0
21ur-6155,UACUGGGCUUAUAUAAAAAUU,9.710654854,321.7346695,67.67148185,2.754661906,0.136909669
21ur-12027,UUGAAAUUCCAAAGUCCAUAA,0,0,0.187628878,0,0
21ur-11329,UUUUAAAUCAUCCGCAAACUU,0,0,3.502405715,0.239535818,0
21ur-6734,UGAAAUUCCAAAGUCCAUAAG,0,2.764043552,5.191065613,0.239535818,0
21ur-8972,UUCGUUGAAUCUUUCUCUUAU,0,1.105617421,6.25429592,1.437214907,0.136909669
21ur-13979,UUUGAAAUGGUGAUUUUAUAA,0,0,1.125773266,0,0
21ur-9888,UCGUUUUACAUGUAAAUUUAC,0.269740413,1.658426131,7.00481143,0.479071636,0
21ur-9814,UUAUAUUUAUAAACGUAGAAA,0,7.186513236,5.503780409,0.119767909,0
21ur-6704,UUUACUCUUCAUUUGCGGUAA,0.539480825,18.79549616,6.629553675,2.634893997,0.136909669
21ur-11979,UUGUACGACCUGUCUUACAAU,0,1.105617421,1.000687347,0,0
21ur-4396,UCUAGGCUGUGCCUCACCUGC,0.809221238,5.528087105,16.01099755,1.077911181,0
21ur-3115,UGAUGAAAAAUUAUAAUCUUG,0.269740413,19.07190051,3.12714796,0.119767909,0
21ur-1324,UUUAUCUUAUGUCGGUGUGCU,10.25013568,319.5234347,358.8714999,49.10484267,0.273819339
21ur-1799,UCCAUUCUUGGUGAUAACUUC,0.269740413,1.105617421,7.254983267,0.359303727,0