21ur-5131,UGAAAAAAUUAAAUCAAGCUU,1.888182888,21.006731,54.91271817,1.437214907,0.136909669
21ur-2382,UCAUUGUAUAACAACUGCUUA,0,3.316852263,2.001374694,0,0
21ur-982,UAGAGAGAAACUACUCAAGAU,1.618442476,25.98200939,31.77182327,5.629091721,0
21ur-2088,UAGUACGUUUUUAAUAUUUUU,1.07896165,25.42920068,7.880412859,3.593037269,0
21ur-960,UACGACCAAUUACUGACUCCA,0.809221238,6.080895815,22.89072307,1.077911181,0
21ur-3319,UACAAUUUUAAUUUUAAUGUC,2.697404126,220.349552,97.44193043,6.108163357,0.136909669
21ur-4679,UACAGAGAGCGCGCCCAAGCC,0,1.658426131,1.876288776,0,0
21ur-705,UGCACUGAGAAGGUCUGAAAG,10.25013568,45.88312297,72.67491858,11.37795135,0.273819339
21ur-4752,UGCAUCGUUCCACUCUUGGUA,14.29624187,81.81568915,171.5553371,18.92332961,0.136909669
21ur-1490,UGAGGAUUUUGUUGUAGAUUA,16.99364599,343.8470179,205.2659921,47.06878822,1.369096695
21ur-3430,UAUUGUACCUUUGUAGAUUGC,0,2.764043552,13.30080266,1.077911181,0
21ur-3758,UUAUUGAUUCAUUUUAACGCA,5.394808252,32.61571392,27.26873021,7.545378264,0.136909669
21ur-3873,UGCACGCUCAAUAUAUUCUCA,9.171174029,27.64043552,66.42062267,14.49191698,0.410729008
21ur-5451,UGCUUCUAGCAAUUCCACAAU,3.236884951,59.70334073,120.2075676,3.47326936,0.273819339
21ur-2407,UUAUUGGCAUAUUUUGACAAU,7.68760176,412.6717024,65.16976348,5.509323812,0.136909669
21ur-5010,UAAAUAAGCCAUCAUAGUUAA,1.618442476,29.29886166,51.78557021,1.077911181,0
21ur-449,UGAAGCUUUUGCAAAAACACA,9.710654854,46.71233604,96.37870012,5.449439857,0.410729008
21ur-3527,UGAGACUGCCGAAACAACUCA,19.96079053,262.5841375,227.4061996,3.952340996,0.547638678
21ur-263,UGCUCUGCCUGUUAUUGAUAU,0,30.95728779,31.39656552,0.838375363,0
21ur-2630,UGAUCAACAGAUUUACCAAAA,2.023053095,48.09435781,24.89209776,9.581432716,0.136909669
21ur-5416,UAUUGCUAGAUUUUGGGUCCC,15.37520352,65.50783219,199.8872976,30.36116492,0.410729008
21ur-2529,UGGAAAUUUCAUACUGUUUCA,1.168875121,28.19324424,21.01443429,1.796518634,0
21ur-932,UGCCGCUGUCUUUAAAAUCAU,3.776365777,299.6223211,503.3457356,2.036054452,0.273819339
21ur-3366,UCAGUCAAUCUGAGGCUGCAA,0.269740413,3.869660973,2.251546531,1.796518634,0
21ur-4879,UUCUUAGUACAUAGUAGGUGA,1.888182888,28.74605295,118.3312788,5.030252176,0
21ur-323,UACUGCUUUUUCACUUCACGA,8.092212378,54.17525363,85.80894002,35.81060478,0.684548347
21ur-3625,UAAUUGUGUCAUAUUCAAACU,12.67779939,226.6515713,216.148467,51.14089712,0.136909669
21ur-4357,UGGUUUCACUGCACUCGAACU,1.348702063,138.2021776,109.4501786,2.634893997,0.136909669
21ur-1069,UAAUUCGUUGUUUUGAUGAGC,1.07896165,8.844939368,43.40481368,4.191876813,0
21ur-1387,UCUAGUGUUUCUCGAUUGCAA,1.348702063,4.975278394,5.753952246,0.958143272,0
21ur-2596,UAGAGAAUUUGUAGAUGUCUC,2.157923301,24.87639197,33.77319797,7.425610355,0
21ur-4128,UCAUCCUUCAAAUUUAAUAUG,0,5.528087105,3.377319797,0.119767909,0
21ur-1339,UAUAUGUACUACAUCCACCGG,9.171174029,497.5278394,1026.95539,29.58267351,0.547638678
21ur-3949,UUCGUAGCCUUGUCAGUUAAU,17.80286723,654.5255132,549.1271817,33.29547869,1.642916034
21ur-3631,UACUUCUACCAUUUUAGUAGC,0,2.211234842,0.75051551,0.239535818,0
21ur-3900,UUGAUAUGGUAAAUUGUGAAC,2.292793507,44.22469684,82.3065343,0.598839545,0
21ur-494,UACGUCAGGAAGAUAAGAAAU,1.348702063,11.05617421,771.4674017,4.790716358,0
21ur-4841,UAUCAUUUUCAUACUUUGUUU,1.618442476,13.26740905,59.29072532,4.191876813,0.410729008
21ur-2973,UGCUACUCGUAUUUUAGUGAA,2.023053095,26.81122246,21.13952021,5.449439857,0.068454835
21ur-437,UGACAAACAACGAAAAAAAAG,11.05935692,199.5639445,391.0185809,3.593037269,0.410729008
21ur-1458,UCUCAACCUUGUUCUGAUUCU,0.269740413,3.316852263,6.629553675,0.359303727,0
21ur-2769,UAAUGCCAUUUUCCAUCAAUG,19.96079053,113.8785944,43.46735664,21.31868779,1.16373219
21ur-1574,UGAUCUGAUAUACCAAACUGU,0.269740413,5.528087105,2.876976123,1.077911181,0
21ur-5251,UUGCAUCGUUCCACUCUUGGU,0.539480825,2.211234842,7.317526226,0.958143272,0
21ur-2852,UUUGAUGUAUAAUGUCCAAUA,3.102014745,21.83594406,15.51065388,0.479071636,0
21ur-1428,UAUUGAUUCAAAUAGUAUAAA,25.89507961,789.9636473,212.1457176,18.80356171,0.273819339
21ur-1531,UUUGAUGUUGCGUGAAGCAUA,2.427663714,135.9909428,21.51477796,3.952340996,0
21ur-1883,UACAGUUCUGUUUAAAGCUGU,1.348702063,78.49883689,3.87766347,0.479071636,0
21ur-2011,UUGUCUUUCAUUUCAGACGUG,0,1.105617421,0.625429592,0,0
21ur-1988,UUUGAAAUGAAUAAAUACAGG,0,1.105617421,1.125773266,0.059883954,0