21ur-2202,UCGGAGAAUCGGUUUUUCAAA,0.809221238,6.633704526,2.376632449,0,0
21ur-5399,UAGCGUUUUCGGUGAAGUACU,0,1.105617421,2.001374694,0.479071636,0
21ur-2330,UCAGUGGAUGUUAAUUUCUGG,1.348702063,24.87639197,16.88659898,7.186074537,0
21ur-599,UGUGUAAAUAAUUAAAGUGCU,0.539480825,17.13707003,9.756701634,1.317446999,0
21ur-4206,UAUUGAAAUGAUUAUCUUUAU,12.7452345,729.7074979,164.6130686,24.49253738,0.479183843
21ur-4647,UAUAACGAGUAGUAGAUGGUA,1.07896165,5.528087105,12.13333408,1.437214907,0
21ur-2879,UAUGUGAAUAAUUUCAGUACA,0,0,0.625429592,0,0
21ur-2604,UUGAACACGGUUUCGGAAUGU,0,0,0.125085918,0.119767909,0
21ur-1007,UGAUCUUUUCUCAAACUAGUG,0.269740413,3.869660973,2.376632449,1.437214907,0
21ur-1672,UAAUUCUUCAAUGAUUGAUUA,5.664548665,226.6515713,50.40962511,13.17446999,0.136909669
21ur-4995,UACGCCACACGCUCAUUCCUC,0,0.55280871,0.250171837,0,0
21ur-4604,UGCGCGCCUUUUACAAGUUCA,2.157923301,70.75951494,13.13402143,0.239535818,0
21ur-814,UGGAAGUAAAUUUUUCGUCAC,0.269740413,1.658426131,2.126460613,0.598839545,0
21ur-8299,UCUUUCCUUAGAUUUAAAUCG,0.809221238,11.60898292,26.14295694,7.904681991,0.136909669
21ur-8129,UUCUCAUCGAUUUUCAACGAU,0.269740413,0,1.250859184,0.239535818,0
21ur-7166,UAUGCUCGAAAAACAAAAGAG,0.269740413,7.186513236,3.377319797,0.119767909,0
21ur-13266,UGACGAUGUGUUUUUUUGCCA,0,1.105617421,1.501031021,0.359303727,0.136909669
21ur-6301,UGAAGAAUGUAAAUGGAGAAA,4.046106189,50.30559266,30.02062041,1.916286543,0
21ur-5865,UUCGCAUCUUCCACCGGGUCU,0,1.105617421,7.630241022,0.239535818,0
21ur-8475,UCAAAAGAUUUUAACAAAAAU,0,1.658426131,0,0,0
21ur-13618,UAAUCAUCGUGUCAAUAAUGG,0,0,0,0,0
21ur-6295,UUUUCAAUGUGACUGUUCGAG,0.269740413,21.83594406,33.21031133,5.090136131,0
21ur-10104,UGAUUGUGCAAAUUUUUUCUC,0.269740413,19.90111358,1.125773266,0.718607454,0
21ur-7616,UUUUCUUUGCGAUUGAGGGGG,0.269740413,0,0,0.838375363,0
21ur-15123,UCAAUUCUCAUCGAUUUUCAA,0,0,0.375257755,0.239535818,0
21ur-7078,UUUCGAUUCAAUUUAGUGAAA,0,2.211234842,3.252233878,0.239535818,0
21ur-13483,UAUUAUUGCUAUUUUAUUUCC,0,0.55280871,2.376632449,0.119767909,0
21ur-12207,UGUAUUUUAUCCAUAUUGUAA,0.269740413,19.90111358,5.253608572,0.838375363,0
21ur-10266,UUGAAUUGGCAAAAAAACACA,0.539480825,1.105617421,10.38213123,0,0
21ur-13796,UUUUUCAAUGUGACUGUUCGA,0,1.382021776,0.437800714,0.179651863,0
21ur-14165,UUGUAUCUGAUUUGUGCCUAC,0,0.55280871,0,0,0
21ur-6806,UAGCAAAAAAAUCUGGUUGAA,0.269740413,15.47864389,15.76082572,2.036054452,0
21ur-10882,UUUGAUCACUCACCAUAUGCA,0,1.105617421,2.626804286,0.239535818,0
21ur-10990,UUCAAUAAAGAGUUAGGAAAA,0.269740413,1.105617421,1.876288776,0.119767909,0
21ur-15358,UACUGUAAAACUGCAGUCAGA,0,0,0,0,0
21ur-10126,UCCACUGAUGCUUAUGUUAAU,0,8.015726302,3.856815817,0.359303727,0
21ur-5969,UAUGUCAACAAGAUGACAGAA,0.809221238,7.186513236,1.000687347,1.676750725,0.136909669
21ur-9651,UCUAACUUCAAUGCAUGUGUU,0.539480825,4.975278394,4.62817898,0.838375363,0
21ur-9997,UUUGUUCUGUGAAGUUCUGUU,0,0.55280871,0.75051551,0,0
21ur-5683,UGGAAUAAGAUAAAUUAUCCG,0,1.658426131,0.375257755,0,0
21ur-14890,UGAAUUGGCAAAAAAACACAU,0.269740413,0,0.625429592,0.119767909,0
21ur-13133,UGUUCUUGCUAGUCCUCUGUC,0.134870206,0,0.500343674,0,0
21ur-11135,UCUUCCAGCAUUAUAUUUUGU,0.539480825,1.105617421,20.13883286,1.796518634,0.136909669
21ur-7756,UGUGUGAUCUGUAUUUGUUUC,0,0.55280871,0.875601429,0.119767909,0
21ur-9064,UAACAAAUACAUCACUGUAUA,0,0,0.625429592,0,0
21ur-5977,UUAGCAUCUUCCACCGGGUCU,0.269740413,1.105617421,13.88453694,0.119767909,0
21ur-15276,UAUAUUUGAAAAACCGAUUCU,0,0.55280871,0.375257755,0,0
21ur-11435,UUCUGAAUCCAAGAUCGGUAC,0,1.105617421,3.502405715,0.718607454,0
21ur-13583,UACCCCCAGAUUAUGUCGAAA,0,0,3.002062041,0,0
21ur-7739,UUUAAGUGUUUAGGGAGAAAU,1.888182888,61.36176687,39.90240797,4.311644722,0.684548347