21ur-11262,UAACUUUUUUUGAUUCACUAA,0,1.105617421,1.000687347,0,0
21ur-13437,UCAAGUAGGUUUAAUUUUAUU,0.539480825,6.080895815,7.880412859,2.036054452,0
21ur-12301,UCUUUUUUAAAUUUAGUCUUU,0,1.105617421,0.500343674,0.239535818,0
21ur-13905,UUUUAAAUCCUUCUAGUUGGU,0.269740413,1.105617421,8.693471328,1.497098862,0
21ur-8598,UAACAACUCCUUUUUAUUUAA,0.269740413,0,4.62817898,0.359303727,0
21ur-7389,UCAUUGACUAAUUGUUUAAGA,0.809221238,10.5033655,14.88522429,5.988395448,0
21ur-7022,UGAAAUUGAUAUGUAAAAACU,0.539480825,13.26740905,4.753264899,0.598839545,0
21ur-6209,UUGAAGCAUUAUUCGACAAGG,0.269740413,3.316852263,5.378694491,0.958143272,0
21ur-6197,UGAAAACUCAGAACUGGAAAA,1.348702063,26.5348181,30.52096409,0.958143272,0
21ur-14921,UGAAAUAGUAGUUUUCUUUAG,0,0,0,0.119767909,0.684548347
21ur-5947,UAAACUUCAAUCAAAAAAAAC,13.89163125,229.6920192,594.4082842,1.437214907,0
21ur-12448,UAGUAGAAGAUUUUGAAAGCA,0,0.55280871,0.81305847,0.239535818,0
21ur-5889,UGCAAAGGCGAAAUUUUUCUA,4.046106189,57.49210589,43.5298996,0.838375363,0
21ur-6554,UAUUUCAUCUGAAAGAAAACC,1.07896165,42.84267506,18.63780184,1.73663468,0
21ur-13167,UGGUUUUUUUUUUUCGUUUUC,1.618442476,4.560671862,4.503093062,2.994197724,0.136909669
21ur-13271,UGAAUUUAUUGGGUACUUGUG,0,0,0.501633219,0,0
21ur-7298,UGAAUUUUUCGUAUACAUUUU,2.427663714,30.95728779,34.52371348,3.952340996,0
21ur-5864,UUGCAAAAAAAAAAAUUCCGA,1.07896165,12.71460034,34.77388531,2.155822361,0
21ur-15661,AUUCACUUCAAUGUAAGAGGA,0,0,0,0,0
21ur-5955,UCCUUUAGGAGCGUAACAAAA,3.776365777,66.88985397,56.28866328,7.425610355,0
21ur-6035,UUCUUAGUCCAUUCGUGUUGA,1.618442476,18.79549616,42.96701297,0.658723499,0
21ur-5474,UUCAGCAAAUAUUUUAUCAAA,14.29624187,171.923509,183.8763,8.623289445,1.095277356
21ur-10095,UGGACUAAGAACUAGAUAACC,0,0,2.501718368,0.119767909,0.410729008
21ur-11912,UUUCGUUUUCCAAACUUGCAA,0,0,0.75051551,0.239535818,0
21ur-8629,UUGAGUUGAAAAAAGGUUUCA,1.888182888,16.86066567,23.64123858,2.27559027,0
21ur-13382,UCCCUAUAUUCUUGAAAUAAA,0.269740413,1.105617421,0.625429592,0,0
21ur-8102,UAAGCCUCCGAAUUUCACAUU,0,23.77077455,0.375257755,0,0
21ur-8565,UCGUCAGUCACUCUCCCCACU,0,0,11.13264674,0,0
21ur-12453,UAGGUAGAGAACUUUUUCAUU,0.359653883,0,0.333562449,0.239535818,0.068454835
21ur-15448,UAAUAUUCGAGCACCUGGGGC,0,0,0,0,0
21ur-14144,UUGUUAUAUCUGAAAGACUUC,0,0,0.125085918,0,0
21ur-11041,UUAACAAUUGGUUUCUCCAAU,0,0.276404355,0.125085918,0,0
21ur-13637,UAAGGCCGAAAUUACAAAAAA,0.539480825,5.528087105,0.75051551,0,0
21ur-11335,UUUGUCUGAAAAUAAGGAGUU,0.404610619,0,0.625429592,1.077911181,0
21ur-13125,UGUUUCAUGGUUUUAUGUUAU,0,4.422469684,1.063230306,0.479071636,0
21ur-9112,UUCGGUGAAUCCUCGGAUUGA,0,0,2.189003572,0.658723499,0
21ur-6297,UUUCAAAGUGAUUUUUGUUCA,9.575784648,3.869660973,2.126460613,10.18027226,0.136909669
21ur-7468,UCUAACAACUUAACGUGUUUG,0.269740413,6.633704526,2.376632449,0.119767909,0
21ur-5666,UCCGAGAUCAAUUGACUGAUU,12.67779939,2.211234842,2.376632449,27.54661906,0.136909669
21ur-9980,UUUUUGACUUGUAUUUUGACA,0,2.211234842,1.56357398,0.179651863,0
21ur-6699,UAUACCUCACAAGGGAAGGCU,0.809221238,4.422469684,14.50996653,0.857286085,0
21ur-6240,UUGUAAAAAAGGAUUACAGGA,1.07896165,0,0.437800714,0.838375363,0
21ur-11332,UUUGUUUGGACAUUUUUAAAA,0.269740413,14.37302647,8.255670614,3.054081678,0
21ur-10465,UAAUUUCUUUGUUGUUUAAAA,0.809221238,15.47864389,6.379381838,1.556982816,0
21ur-11566,UGGAAAAGAGGAACAAAUUUU,0,0,0.375257755,0,0
21ur-8993,UUAAUCAAUCCGAUGAUCUUA,0,0,0.500343674,0.239535818,0
21ur-7102,UCAGUUUCACAACUUCCACUU,0,2.211234842,0.75051551,0.119767909,0
21ur-6365,UCCAAAUUUUGUUUGGAAAAU,0,0,0.250171837,0,0.136909669
21ur-8516,UUUCAAAACGAUUACCGUCUG,0.269740413,1.105617421,93.81443879,1.916286543,0
21ur-9433,UUAUACAAACAAAAAAAGCGA,0.269740413,0,1.125773266,0.119767909,0