21ur-1144,UGAUCCACCUGUUCUCUCAAA,0.809221238,13.82021776,3.87766347,0.119767909,0
21ur-1074,UAUAGUGCUGUUUCAACCAAU,13.48702063,555.8491584,262.3677138,15.56982816,0.136909669
21ur-1238,UAACGUAACUACUCAGCAAGU,6.473769903,64.12581042,188.2543072,2.874429815,0.136909669
21ur-4323,UCUUUUUGUACUAACGGUUGA,14.29624187,179.1100222,156.6075698,49.34437849,0.410729008
21ur-54,UACCCCUGUUGUUUGAACAAG,15.37520352,47.5415491,349.8653137,16.52797144,0.273819339
21ur-1729,UGUUGUUGUUACUUCGCAAAU,1.618442476,27.64043552,11.88316225,4.431412631,0
21ur-3634,UAGCAGCCUCUUAACUACACA,2.157923301,22.38875278,5.253608572,1.437214907,0
21ur-3815,UAGCUCGCAAAACUUUUUUGC,1.618442476,44.22469684,46.9072194,3.712805178,0
21ur-4810,UUCAUGGAAAAAUUCAAUGGU,1.618442476,25.98200939,35.14914307,3.593037269,0
21ur-5201,UGUGGUAUUAGUGCAAUGUUU,1.348702063,23.77077455,17.88728633,1.19767909,0
21ur-1821,UUUAUCCACACGGCUAUCAGU,10.7896165,49.75278394,79.30447226,20.48031243,0.136909669
21ur-2616,UCAUUCAUUCAAACCGGUUCA,3.776365777,34.82694876,64.29416205,2.155822361,0.136909669
21ur-1813,UACAUGAAUUAUCAGUAUGUG,0.269740413,0.55280871,0.375257755,0,0
21ur-3990,UGGACAUGACGUUUAACGGAA,0,3.040447908,1.751202857,0.718607454,0
21ur-588,UGAUCUAUGCUUUUUUGUUCA,7.282991141,283.0380598,155.9195973,24.7320732,0.273819339
21ur-2694,UUCACAAAUACCAAUAACAAC,0.809221238,19.90111358,32.39725286,1.437214907,0
21ur-4779,UAUGGUGUUUACUUGAGUAAU,0.269740413,25.42920068,1.000687347,0.119767909,0
21ur-1979,UACUCCUCAAAUUGGCAACAC,12.67779939,95.63590692,336.6062064,21.4384557,0.410729008
21ur-4097,UACAGUGAUUUGGAUUUUUAC,0,1.658426131,4.440550103,0.239535818,0.068454835
21ur-815,UUCCGUUUUGUUUUUACUCGC,0.539480825,3.316852263,15.01031021,2.515126088,0.136909669
21ur-1636,UUAUAUGUGUUUUCACAGUGU,0,3.316852263,3.002062041,0.479071636,0.136909669
21ur-4992,UCCAAUAUGAAUAGAAUUUUU,2.157923301,135.4381341,19.63848919,1.077911181,0.273819339
21ur-3141,UCCACCGAUUGAACACAGGUG,0,0,3.12714796,0,0
21ur-2626,UGGUUGCUUGUUCAUCUUUUU,7.282991141,56.93929718,165.1134123,11.73725508,0.273819339
21ur-180,UUUGCAAAGAAAUUAGACACC,2.967144539,30.40447908,217.7745839,2.754661906,0
21ur-3680,UCACAUCAAGAAAGUAAUUUC,1.888182888,22.11234842,21.7649498,3.47326936,0.479183843
21ur-1561,UUGGAUUGUUAUUAUGAUUCC,9.306044235,316.2065824,19.45086031,19.04309752,0.547638678
21ur-2384,UGAGUAGAUUACAUUUCUUAU,2.967144539,51.96401879,10.13195939,10.30004017,0.547638678
21ur-2222,UUGGGAGAAAUCUACGGAAAU,1.348702063,8.844939368,8.193127655,1.137795135,0
21ur-1862,UACACAAUUAACGAGAAUCAC,1.07896165,6.080895815,58.91546756,3.353501451,0
21ur-2485,UGGUGUGAUGUUGCUGCUAUC,0,0.55280871,0.75051551,0.119767909,0
21ur-3213,UAAGUAACGGACUUUUCAAUU,2.157923301,51.41121008,197.6357511,14.61168489,0.410729008
21ur-1952,UAACAUUGGUGCAAUCAUUGU,5.259938046,148.1527344,931.7650061,26.58847579,0.273819339
21ur-4747,UUGUAACUCUCUGGUUGUUGA,19.42130971,69.93030188,399.8996811,64.31536711,0.136909669
21ur-431,UAAGAUAAACGUAAAUACAGC,0.944091444,20.45392229,29.08247603,0.838375363,0
21ur-4188,UAAGUGGAUCUAUUAUCAAUU,35.87547488,1097.32529,875.6014287,108.6294934,1.369096695
21ur-1641,UAGUAUAUUGUAUAUUGAUGA,1.213831857,25.70560504,133.5292179,37.24781969,0.273819339
21ur-3748,UAUCCUAUCCGAAGUUUGUUG,2.967144539,17.68987874,53.91203083,21.31868779,0.547638678
21ur-1532,UCGAUUCUCAAGCUCUUGUUC,1.618442476,2.211234842,13.75945102,2.335474225,0.068454835
21ur-5137,UUUUACUUUAUUGUGCAAUAC,15.7348574,465.557069,404.1317547,16.82739121,0
21ur-3480,UGCUGCGACAUUUUCUUUCAC,2.697404126,196.7999009,6.754639593,1.19767909,0.136909669
21ur-3851,UACUCUCCACACCACGAAGUU,0,6.080895815,10.13195939,0.598839545,0
21ur-1888,UCAAAGCAAAACGUUUUCUGG,1.07896165,2.764043552,6.879725511,1.437214907,0
21ur-4287,UAAAAAAAUAUUGUGAUAAGG,14.83572269,630.7547387,1397.647509,34.97222941,0.616093513
21ur-5369,UCGCUCUCUGCACUCAACAAA,0.809221238,0,10.25704531,1.317446999,0
21ur-4499,UCGAAAUAUCCUUGAUGUUUU,0,0,0,0,0
21ur-3840,UGCAAUUGUGCUUGAUCGAAU,0.539480825,22.11234842,92.62612257,2.754661906,0
21ur-3083,UAGUAAUGGUAUUUCUAAUAA,9.845525061,404.3795717,142.7855758,14.61168489,0
21ur-4668,UAAAGUAAUAAGAAUGAGUAG,6.743510315,92.31905465,63.54364654,15.09075653,0
21ur-4023,UGGUCUGUGGUAAGUCACUGU,0.269740413,1.658426131,12.13333408,0.479071636,0