21ur-4629,UGUAGUUUUUCGAUUAUAUCC,2.697404126,17.13707003,10.63230306,1.916286543,0.410729008
21ur-532,UAAACCGACCCUGUUGUCAUG,0,2.211234842,3.502405715,0.359303727,0
21ur-3921,UUGGUGAAAUCCACAACUACA,0,0.55280871,0.250171837,0.119767909,0
21ur-5254,UACGCUAUCCAAGCUACAAUC,0,1.105617421,11.63299041,0.598839545,0
21ur-212,UGCAUAAUGGUUAAUGUAGUU,1.07896165,28.19324424,63.79381838,7.665146173,0.136909669
21ur-1171,UAUCUAUACAAAACUGCCGAC,0,0,18.76288776,0.119767909,0
21ur-3272,UGUUGAAGCUCGGCAUCAAGU,3.506625364,6.633704526,29.95807745,0.838375363,0
21ur-3452,UCCUUUUGGUUCAACAUGAGC,11.05935692,54.17525363,272.9374739,1.916286543,0
21ur-578,UUCGGUCAAUUCAAGUAUUCA,0.539480825,40.90784458,40.7780094,1.916286543,0
21ur-725,UUCCUCUUCUCUAAAAAUCAU,1.07896165,6.080895815,5.628866328,1.077911181,0
21ur-2645,UAACUUCUUCUAAAAUUAAAA,19.1515693,345.7818484,195.2591186,16.64773934,0.410729008
21ur-2304,UGUUCAUCGCAUUGUUAAAAU,0.539480825,4.975278394,5.128522654,0.718607454,0
21ur-3656,UCGCGUUUACUUCACGAGAUG,0,1.934830487,3.377319797,0.119767909,0
21ur-2261,UUAACAUUUUUGGCAUUUUCG,0.269740413,1.658426131,14.00962286,2.754661906,0.136909669
21ur-2339,UUUGAUGUCCAUUCAAAAUAA,3.911235983,100.8875897,6.129210001,1.317446999,0
21ur-53,UCAAUGACUUUCAAAUGUUGU,0.809221238,9.950556789,8.756014287,1.437214907,0
21ur-3168,UAUUACGGCCGUACAGCAAAU,1.07896165,66.33704526,133.2165031,0.838375363,0
21ur-799,UGGUGAAAUCCACAACUACAA,0,1.934830487,0.125085918,0,0
21ur-2656,UAGAGGAAUGAUUAUGUUAGC,2.967144539,40.35503587,60.66667042,3.47326936,0
21ur-4890,UAAACCGUAUGUAGUAAAAGA,15.37520352,81.17074566,242.103795,20.81965484,0
21ur-2562,UCGCCCCCUCAUGGAUUUUCA,5.12506784,43.67188813,326.9120477,5.269787994,0
21ur-5276,UUCCAUUGGUGUUUCUUUUCU,2.157923301,84.026924,37.27560368,0.838375363,0
21ur-3845,UAUUCGUUUUUCACAUCAGAU,0,4.606739254,7.671936328,0.838375363,0
21ur-207,UACAUUUGCUAUUCAAUCCAC,0,6.633704526,13.38419327,0.119767909,0
21ur-1939,UCAGCAACUGAAAUUUUCGAA,8.092212378,39.80222716,26.39312878,12.57563044,0
21ur-667,UAUCAGGUUUAAUAUCCCGAU,35.87547488,2.764043552,1.751202857,34.37338987,0.684548347
21ur-2175,UGUACCACAUUUCUUCUAAAG,0.539480825,11.60898292,18.88797368,0.958143272,0
21ur-1893,UCACCGCUUUCAGAAUAUAUA,9.980395267,96.74152434,1397.584966,28.1454586,0.547638678
21ur-4474,UUCUACAUCGUAGCGGAAAUC,0.269740413,2.764043552,40.7780094,3.353501451,0
21ur-2445,UGGUAUCCUCAAAAAGCUUUC,4.855327427,96.18871563,30.02062041,5.509323812,0.547638678
21ur-2379,UCUUCCAUUUUUUUCUCUUCA,13.48702063,108.903316,52.28591389,18.80356171,0.821458017
21ur-1971,UACAGUUUCAAUCGCAUUUCA,1.07896165,2.764043552,1.751202857,0.479071636,0.136909669
21ur-324,UCGGCUUGAAUUUGAGUAAGC,11.59883774,236.6021281,84.05773716,12.69539835,0.273819339
21ur-3072,UAUUUUCCAUUAUUGUAGGUU,4.315846602,31.5100965,40.1525798,17.60588262,0.273819339
21ur-179,UAGUAUUUCUUCCUCUGAUUC,3.911235983,9.121343723,11.94570521,4.131992859,0.136909669
21ur-4796,UAACUCUUCUAUUCGAUUGGU,2.157923301,7.186513236,19.51340327,9.282012944,0
21ur-784,UAAACAAUGGUAAACUUUUUC,0.539480825,103.3752289,45.78144613,2.754661906,0
21ur-1034,UUAACCAUAAGUUCCGUAUCA,3.236884951,0.55280871,12.50859184,0.958143272,0.136909669
21ur-18,UGAAAGUUUCUCUGUGGUCUC,6.743510315,121.0651076,67.79656777,2.994197724,0.136909669
21ur-2101,UGCCCCCAGAUUAUUUCGAAA,11.05935692,797.7029692,636.8124105,21.31868779,0.136909669
21ur-4476,UUAAUAAGCAAAUUCGCAAUA,7.282991141,20.17751793,56.97663583,5.928511493,0.273819339
21ur-1499,UCUUUUCAUUUUUUUAUGGCA,10.25013568,81.26288044,77.5532694,22.51636688,0.547638678
21ur-691,UAAAUGAAGUAGAAAAAAUAC,3.776365777,20.17751793,26.45567174,2.934313769,0.136909669
21ur-1827,UAUGUCAUCAAAAAAUAAUUA,2.427663714,60.80895815,92.56357961,4.431412631,0
21ur-1250,UACAUGUGGUUUUUGCUGAAC,1.618442476,21.006731,11.63299041,1.077911181,0
21ur-4865,UACAGCAACUGCAGUUAAUCG,1.07896165,17.13707003,38.65154878,3.952340996,0
21ur-548,UGAAGCUCGGCAUCAAGUAGA,0.269740413,1.658426131,8.693471328,1.916286543,0
21ur-2232,UGCAGAGUUCAAGUGAAAAAA,44.23742767,295.1998514,310.7134213,2.155822361,1.642916034
21ur-4675,UACACACUUGACUUAGGUCUC,0,0,8.255670614,1.077911181,0
21ur-4262,UAUACUCAUCGAAUUUCCGUA,5.12506784,11.60898292,35.64948674,5.988395448,0.273819339