21ur-10275,UUCGUAUAAUGCAGAAAUCAG,0.089913471,0.36853914,0.625429592,0.119767909,0.136909669
21ur-8243,UAUGAAUUUUGAAAUUUCGAA,1.07896165,7.186513236,3.377319797,0.958143272,0
21ur-10000,UUUGUCUGUUUUUUACAAAGG,0,2.211234842,1.000687347,0.239535818,0
21ur-9066,UAAAUCACUGUGGUAUCUAUG,0.539480825,0.829213066,0.687972551,0.239535818,0.068454835
21ur-11279,CUUUAUUGAAAUUUGUUAGUA,0.269740413,0,0,0.359303727,0.273819339
21ur-9691,UAUGAAAACAGGAACUUACAG,0,0,0.250171837,0.119767909,0
21ur-11030,UUACAACAACUUCGAAAAGUC,0,0.55280871,1.626116939,0.239535818,0.136909669
21ur-7498,UUAGUAGAAGAUUUUGAAAGC,0,2.764043552,2.689347245,0.958143272,0.410729008
21ur-8487,UACACUUGAUCGUGUUUUAGC,0.269740413,0,0.625429592,1.796518634,0
21ur-12289,UGAAUCCUCGGAUUGAUUCAU,0,0.829213066,0.75051551,2.036054452,0
21ur-15192,UAUUGAACACAAUUUUUGCAA,0,1.105617421,0.250171837,0.239535818,0
21ur-9388,UUUCCUUUGCUUUUUCAAACU,2.697404126,22.66515713,64.04399022,4.311644722,0.410729008
21ur-12322,UCUAGAAAUUCUCAGAAAGUU,0,0,0,0,0
21ur-14392,UUCAUCUGAAAGAAAACCAGA,0.269740413,0.829213066,0,0.059883954,0
21ur-10261,UUGCAAAGGCGAAAUUUUUCU,0.539480825,3.869660973,0.625429592,0,0
21ur-8463,UCUAGCAGUAUAAAGCAAAUU,0.269740413,7.186513236,7.880412859,1.916286543,0.273819339
21ur-15597,CUUAACAAUUGGUUUCUCCAA,0,1.934830487,0.375257755,0,0
21ur-10877,UUUGGCAGAAUGGUCCGAAAA,0.269740413,1.105617421,1.250859184,0.059883954,0
21ur-8017,UGCUGCUUAGAUUUUUUUUUU,12.94753981,850.7726055,104.8219996,15.56982816,0.684548347
21ur-14404,UUCAGUGACAAAAAAACAUCU,0,1.105617421,0.250171837,0,0.136909669
21ur-7807,UCUGAAUUCUCUCUCCAACCU,0.269740413,3.869660973,1.125773266,0,0
21ur-5949,UUGUUAUAUUAUUUUGGAAAU,5.394808252,315.100965,107.6364328,16.0488998,0.273819339
21ur-11964,UUGUUUGUGGAAGCGUGAGCA,0.089913471,1.474156561,0.27101949,0.119767909,0.045636556
21ur-6245,UGAUUUUUCAAUUGGGCGUUC,18.34234806,515.7705269,427.668755,19.40240125,0.410729008
21ur-8470,UCCAGCUUUUUUCCAUUUUAA,0.539480825,4.422469684,10.75738898,0.239535818,0
21ur-15683,AAUUCAGUCAGGAGAAAAACU,0,0,0,0.179651863,0
21ur-7935,UAAAUUUCCGCGACUUAAAUU,0.539480825,3.316852263,4.252921225,0.598839545,0.068454835
21ur-13553,UAGAGUCUCAAAUUAAAAAUU,0,0.55280871,1.876288776,0,0
21ur-10754,UAUCCAUAUAAAUAAAUUUCA,1.888182888,17.68987874,11.13264674,2.994197724,0.136909669
21ur-11379,UUUAAUCAAUCCGAUGAUCUU,0,0,0.500343674,0,0
21ur-10762,UAUAGAAUGUCAAACAAAAAU,0,0,0,0,0
21ur-9123,UUCAGUUGAGUUGAAAAAAGG,0.944091444,0.829213066,10.63230306,0.299419772,0
21ur-9280,UUACAGCAUAUCCGCUGUUUA,0,0,0.125085918,0,0
21ur-9711,UAAUUCUUCACAGUCUCCAUU,0.539480825,0,0.250171837,0.359303727,0
21ur-9620,UUACAUAACUGAGGGUUUUCU,0,7.186513236,16.26116939,0.359303727,0
21ur-10640,UGUUUGUGGAAGCGUGAGCAU,0.089913471,2.026965272,0.083390612,0,0.045636556
21ur-14506,UUAUCACAGACUUAGCAGUAC,0,0.55280871,0.312714796,0,0
21ur-8823,UUGUUGGAAAAAUCGUCUAAU,4.585587014,17.13707003,31.08385072,9.551490739,0
21ur-10924,UUGUGAAGUUGGAAUUUAAUU,0.134870206,15.20223954,4.69072194,1.317446999,0.136909669
21ur-6560,UUCUGCUGGCUAUUUAGUAGC,0,2.487639197,2.001374694,0,0
21ur-12399,UAUUGCAAAGGCGAAAUUUUU,0,0,0.125085918,0.119767909,0
21ur-6381,UUCAAGUUCGAUAGCACGUUG,0.539480825,0.55280871,11.82061929,0.838375363,0
21ur-6719,UUUUGUCUGAAAAUAAGGAGU,2.292793507,12.16179163,20.01374694,8.383753627,0
21ur-8398,UACUUCUCACUGUGAUUCAUU,0,1.105617421,1.876288776,0.239535818,0
21ur-9208,CGAGACGGGUUUUCAAUACAA,0.02337361,0.55280871,0,0.124203757,0
21ur-9031,UCAUGCAAUUAAAAUUGCCUC,0,0,0.500343674,0.239535818,0
21ur-11777,UAAAGUUUUCAUUUACGUUUU,1.07896165,6.633704526,10.38213123,4.55118054,0.136909669
21ur-13819,UUUUGGUUUCAAGUUUUUCUC,0,4.975278394,0.625429592,0.239535818,0
21ur-14816,UGCGCCCAGGGUAUCAGCUUC,0.269740413,0,2.376632449,0.119767909,0
21ur-10232,UUUCUAUCGACGUGUAAUAUU,0.404610619,3.593256618,8.255670614,4.251760768,0.889912852