21ur-13441,UCAACCAAGAAGAGAUAAACC,0,0,0.250171837,0,0
21ur-14470,UUAUUGCAGAAAGAAAAACAA,0,0,0,0,0
21ur-15065,UCCAGAAACAAGAAACCAGAA,0,0,0.250171837,0,0
21ur-13221,UGCAUCAAAUGGGCUUGUUGC,0,0,0,0,0
21ur-4184,UCCAAGACAAAUUUCAGUGGA,7.282991141,123.2763424,120.5828253,31.01988842,0
21ur-1249,UUCGCGGCUUGUCAUACAUUC,1.618442476,9.950556789,78.17869899,1.676750725,0
21ur-5323,UUUGCUGUUCUCUGAGUUAUC,13.21728022,43.11907942,193.132658,47.30832404,0.410729008
21ur-2849,UUGAGCACGUUCUUGGUAAUA,5.394808252,29.85167037,77.17801165,9.461664807,0
21ur-1426,UCAACCCAAAACAUGACAGCC,0,2.764043552,7.505155103,1.796518634,0
21ur-487,UCGUUCUUGAUUCAUACAAUC,0,0,1.250859184,0.119767909,0
21ur-1886,UAGUAAUUUUUCCUAUGCUCC,7.282991141,105.033655,48.2831645,18.92332961,0.136909669
21ur-3157,UUUAGGACCGUUUGUGAUGAU,1.07896165,6.080895815,31.52165143,1.077911181,0
21ur-3049,UGAGUACACUUGUCUUUCUGU,0,0,2.751890205,0.119767909,0
21ur-2940,UAAAGAUAGCUGUUUAUAUUU,1.888182888,57.49210589,67.67148185,6.587234993,0.547638678
21ur-479,UCUGCAGCUAUAAUGCCACGA,0,0.55280871,6.004124083,0.239535818,0
21ur-3027,UAUGUUGUUCUCGGAAUGGUU,0.539480825,2.211234842,10.19450235,2.754661906,0
21ur-169,UGAGCCCGCUUAUUGAAAAGA,36.68469612,815.392848,1812.745129,39.40364205,0.273819339
21ur-681,UACUACGACAGGAGAUGAAUA,0.809221238,6.633704526,18.38763,0.479071636,0
21ur-1362,UGGUGCAUGGCGUGGCUUUGU,0,11.60898292,1.250859184,0.119767909,0
21ur-3173,UAGGUUGUUCGUAGCAGUGCU,0.539480825,8.292130657,19.51340327,6.227931266,0
21ur-4108,UUGGACUGUUCGCAAGAGUCC,1.07896165,1.105617421,26.08041398,3.293617496,0
21ur-4408,UAAUUGGUACAGAUUCUUAUU,2.157923301,298.5167037,51.78557021,13.17446999,0.410729008
21ur-60,UUAGUCUGAUAGUAACAAAAC,17.1285162,189.3369833,303.9587817,36.88851596,0.068454835
21ur-1731,UUCCUGUUUUGAAUCGGCUGC,0.359653883,4.791008824,4.711569593,1.916286543,0.136909669
21ur-2022,UAAUAUUUCAGCUCACCCAGU,0,0,3.502405715,0.119767909,0
21ur-5169,UAACAUAUAUUUCUGAUUAAA,79.57533477,218.0399094,17.26185674,55.69292708,0.136909669
21ur-3014,UGGCUUGUAUGAUACACAAUU,4.585587014,96.74152434,25.39244143,2.874429815,0.684548347
21ur-4988,UCCACGCUUCCCACUCUUUCC,1.07896165,13.82021776,27.14364429,0.598839545,0
21ur-1063,UGAGCGCAUUUGUAUACACUG,2.157923301,62.46738429,43.02955593,0.958143272,0.273819339
21ur-4197,UCGCGGCUUGUCAUACAUUCA,0,0.55280871,1.876288776,0.119767909,0
21ur-3988,UAAGAUUGUGACAGACAUGAG,1.07896165,15.47864389,20.13883286,1.916286543,0
21ur-2833,UUGGGAAGUUCCUUUUGCAAC,3.236884951,2.211234842,11.50790449,0.958143272,0
21ur-4095,UUCCAGCUCCGUAGAGUGUUU,1.07896165,0,6.129210001,0.119767909,0
21ur-3909,UCGCAUAAGACACAAUUUUCA,1.07896165,1.658426131,6.25429592,0.718607454,0
21ur-3002,UCGUAAUCUGUUUUAGACAAA,3.506625364,56.93929718,107.9491476,8.743057354,0.547638678
21ur-5362,UGGUUUAGUCGGUUUAGUUUU,10.51987609,26.5348181,1.626116939,19.76170498,0
21ur-2413,UCAACUAGUAAAACAUUUUUA,5.934289078,625.2266516,44.78075878,4.790716358,0.273819339
21ur-1008,UGAUGUUGUUGUGUUGUUCUU,17.48817008,792.7276909,144.8494935,48.98507476,0.136909669
21ur-2609,UGCCAUGAUUUUACUAAAAGC,23.73715631,981.2354611,213.3965768,23.83381388,0.958367686
21ur-1229,UCGAGUAUUGAACAUCAUUGU,1.888182888,6.080895815,19.13814551,4.311644722,0.547638678
21ur-59,UUGGAUGAGUACAUAUGUGAU,18.34234806,514.1121008,68.23436848,13.23435394,0.410729008
21ur-3228,UCCACUGUUGAACUACUUUCC,12.13831857,1160.898292,659.077704,14.49191698,1.369096695
21ur-172,UCCUGUUUUGAAUCGGCUGCA,13.03745328,843.1254183,271.3322046,83.65788441,0.547638678
21ur-947,UGUUGUUGUGUUGUUCUUAAC,0.404610619,3.869660973,1.313402143,0.119767909,0
21ur-3269,UAGUUUCCUCCAAACACGGCA,1.618442476,5.528087105,22.14020756,3.173849587,0.068454835
21ur-3775,UGACAACGGCUUUGUGAGAAA,20.23053095,135.9909428,68.54708328,13.05470208,0.273819339
21ur-1082,UCAAGAUUUCACUUAGUGGUA,5.664548665,43.67188813,48.2831645,16.52797144,0
21ur-1485,UCAUUGAUGUUGUUGUGUUGU,0.359653883,4.975278394,5.003436736,0.718607454,0
21ur-3623,UGUCUAUCCUGGAAGUUGUCA,5.934289078,67.99547139,62.5429592,10.77911181,0.136909669
21ur-5373,UCGGUACUGUCAGAGACUUGG,0,0,0.250171837,0,0