21ur-12257,UGCACUGUAUUGUCUCCAAAA,0,0,0.875601429,0.479071636,0
21ur-6336,UACCAAAAAAUUAUUCAACUC,0,1.658426131,10.38213123,0.119767909,0
21ur-11667,UCAAUUGGAGUUUGGUUUAAA,1.07896165,22.38875278,10.38213123,1.077911181,0
21ur-14919,UGAAAUUGUCAAUUUCCGCGG,0,0,0,0,0
21ur-14877,UGAGAGAUACCAGUAGCAAAU,0,0,0,0,0
21ur-12762,UUUCAUACCAAAACGUCCAAC,0,0,0,0,0
21ur-13884,UUUUAUUUGCUGGAAAAUAUU,0,0,0,0,0
21ur-12468,UAGACUUCAAUUAUCUCGAUG,0,0,0,0,0
21ur-15673,AGAGGAGAGGUAAAUCUACGG,0,0,0.125085918,0.239535818,0.821458017
21ur-13306,UCUUGGAAUUGAUAUGAUUGG,0.269740413,4.422469684,3.377319797,0.479071636,0
21ur-14576,UUACCAAAGGUGUUGGGAAUU,0,0,0.125085918,0,0
21ur-15167,UAUUUGCUCGAAUGUUUCCUA,0,0,0,0,0
21ur-8688,UAUGGAUUUUCUGUUUGAAUG,0,0,0.125085918,0,0
21ur-8249,UAGAAAAAAGUUGUCAUCAUC,0,3.316852263,8.380756532,0.119767909,0
21ur-7592,UGGGCGAUUUCUACAGGUUGG,0.269740413,11.60898292,9.881787553,0.239535818,0
21ur-12634,UUUUGUAUGUCCUCAUUGUUC,0,1.658426131,0.375257755,0,0
21ur-9462,UCUCUGGUCUUGAAUCAAGGG,0,0,0.437800714,0,0
21ur-10923,UUGUGAAUUGACACUUGUGUG,0,0,0,0,0
21ur-10121,UCCGCUCUGAUGUUCAUCUGG,0.269740413,0,0.75051551,0.119767909,0
21ur-15031,UCGAAGUGACUACAGUUUAAC,0,0,0,0,0
21ur-3048,UACAAAACCCUACAUAAAAAU,2.967144539,462.7008907,121.3333408,16.28843562,0.410729008
21ur-1212,UCCAUAAUUAUGUAGUUUUAU,0,6.080895815,1.876288776,0.359303727,0
21ur-4153,UAUUGUUGCUGCGUUGUGGAG,0.539480825,0,0.75051551,0.958143272,0
21ur-4152,UCAGAACUAUUCGACUGCUUC,0,0,0.125085918,0,0
21ur-1302,UAAAUGCCAACCAUCAUAAUA,4.315846602,119.9594902,196.0096341,8.263985718,0.136909669
21ur-1541,UAAGAAUUAAAAAUCCAAAUG,2.697404126,7.739321947,17.26185674,1.077911181,0
21ur-1929,UCUGUAUCACUGGGAAGUUCA,1.888182888,4.975278394,18.51271592,7.545378264,0.136909669
21ur-2777,UAAAUAAUCACUAGGGGAAGA,2.157923301,7.739321947,66.04536491,6.82677081,0
21ur-152,UGUUGAGGAAUGCAAUUGAAA,1.07896165,11.05617421,7.00481143,0.119767909,0
21ur-3978,UGGAUUGUAAAAACAAUGAUA,2.157923301,28.74605295,0.875601429,2.994197724,0.136909669
21ur-1583,UACCAAUUGGUUUCCGAUUGA,0.269740413,3.869660973,5.253608572,3.952340996,0
21ur-756,UAGACGCCAUCCUCCAAAUAC,0.269740413,7.186513236,8.881100206,0.479071636,0.136909669
21ur-4189,UGUGUGCGCUGUUUUGGUCAC,4.315846602,27.91683988,52.41099981,1.796518634,0.273819339
21ur-5728,UUUGGGCUGAUUUGUCGGAAA,0.809221238,0.55280871,15.01031021,4.670948449,0
21ur-10989,UUCAGAAAAUUGUGCAUGGAA,0,3.316852263,2.626804286,0,0
21ur-15199,UAUUCCAUAAUUAUGUAGUUU,0,0,0.250171837,0.119767909,0
21ur-15184,UAUUGUCAAUUCAGGUAAUUC,0,0,0,0,0
21ur-14911,UGAACCUUAGGAACAUCAGUU,0,0,0.625429592,0,0
21ur-8170,UAUCUUUUUUUUCUCUGCUUA,1.618442476,7.739321947,6.629553675,1.556982816,0.136909669
21ur-12589,UUUUUUUUUCUGUGUUUAUUA,0.539480825,7.186513236,6.379381838,0.359303727,0.136909669
21ur-6392,UGUUCACGUCGUUCGUCUUUC,0.539480825,0,10.25704531,2.874429815,0
21ur-7797,UUCAACCAUAGGGUUAUUGCG,0,0,0.875601429,0.239535818,0
21ur-10013,UUUCUCAUCAACUUACAGGCU,0,0,0.125085918,0,0
21ur-13131,UGUUGAACCUUAGGAACAUCA,0,0,0,0,0
21ur-11972,UUGUGUGCGCUGUUUUGGUCA,0,0.829213066,1.375945102,0,0
21ur-5688,UCACUAAUUUUUUCGAUAACU,0.269740413,12.16179163,14.38488061,2.874429815,0
21ur-7994,UUGUGCGAUUGUUCGUAGAAC,0,8.844939368,16.44879827,2.634893997,0
21ur-8691,UAGUUAUCAAGUAACCAAAAG,0,0.55280871,2.001374694,0.119767909,0
21ur-12544,UAAAGUAUCAACAUUAAAUUU,0.539480825,1.658426131,10.63230306,0.838375363,0
21ur-5686,UUCGAAAUUCAAUGUAAAAAG,0.269740413,17.68987874,43.40481368,1.437214907,0