21ur-12380,UAUUUUGAAUAAAAUUUUCGG,0.539480825,7.186513236,2.626804286,0.359303727,0.136909669
21ur-15354,UACUUCGGGAACCUAAUAAAU,0,0.55280871,0.875601429,0,0
21ur-14255,UUGAUACUCAUGAUCUUUUCU,0,0,0.125085918,0,0
21ur-11746,UACAACACUGUCAACAACUUG,0,0,0,0,0
21ur-11673,UCAAAAGAUCAAGUAGUAAAA,0.007098432,0,0.250171837,0.073253624,0.030218801
21ur-15139,UCAAGAACGUUAUGCUUUACA,0,0,1.000687347,0.239535818,0
21ur-11845,UUUUGAUUGCGGAUUAUUGAG,0,0,0.375257755,0,0
21ur-13608,UAAUGUCAGCGAGCCUUCUCU,0,0,0,0,0
21ur-12141,UUAACUUCAAAAUGAUUGAUG,0,0,0,0,0
21ur-48,UGGGUUGUUAUAACAAUUUUA,0,13.26740905,0.125085918,0.958143272,0
21ur-398,UUCCACUGAUAUCCAUGGACA,0.539480825,1.658426131,2.126460613,1.616866771,0
21ur-3912,UCAUUUGGGUGAAGAAAUCAA,0.269740413,8.844939368,6.379381838,0.359303727,0
21ur-187,UCGAUACAGAAAUGUCAAACA,0,1.658426131,7.00481143,2.634893997,0
21ur-1180,UGCUUGGACAAUUUAGCUGUU,0,7.739321947,7.880412859,1.077911181,0
21ur-594,UAAAUCAUCUGUUCUGGAAUU,0.269740413,1.105617421,31.14639368,6.946538719,0.136909669
21ur-987,UCUGCUCUGUACUUGAAGCUA,0,1.105617421,1.000687347,0.119767909,0
21ur-1359,UAGCAAUCCUAUAUAAACUGA,0.269740413,1.658426131,3.502405715,0.718607454,0
21ur-5433,UACCACGAAUUCCUAGAGAAC,0.539480825,21.006731,34.27354164,0.838375363,0
21ur-4977,UACGAUUAGUCUUUUUUACAU,0.809221238,39.80222716,58.03986613,8.0244499,0.136909669
21ur-3616,UCAUAAAUAGUGGUCAGUUAA,0.269740413,6.080895815,4.503093062,0.359303727,0
21ur-4010,UGGUUGAUUCAAGAAUGUUUG,0,11.05617421,12.88384959,1.19767909,0.136909669
21ur-4658,UAAAUGAAAAGCUGGCUAUGG,10.25013568,124.9347686,567.8900695,46.8292524,0.821458017
21ur-2619,UCCAAGGAGUUUUCGUAUUUC,0.269740413,1.658426131,5.003436736,0,0
21ur-4525,UGUUGAUUUUGCCUGACUACG,0.809221238,24.87639197,5.628866328,0,0
21ur-441,UGAUACAGAAGAAACAGAAGA,0.269740413,9.950556789,37.21306072,0.239535818,0
21ur-776,UGGUAAGAAUGUAUAAGAAUG,2.427663714,35.10335312,104.3216559,6.946538719,0.273819339
21ur-1819,UGAAUCUUCAAUCUUCAAAAG,3.776365777,13.82021776,34.39862756,2.994197724,0.136909669
21ur-878,UGGGUUUGCAAUUUGAGUUGU,0,9.397748078,0.75051551,0.239535818,0
21ur-1908,UACAACCCACGACAGGCUUGU,0.269740413,4.422469684,5.503780409,0.119767909,0
21ur-13044,UUAUAUACUAGUCAAUUAUAU,0.809221238,13.26740905,12.00824817,0.359303727,0
21ur-8764,UCUGGCUUUUUUCUGUGAUUC,0,1.105617421,0.375257755,0.239535818,0
21ur-8997,UGUUCGAUACAGAAAUGUCAA,0,1.105617421,2.751890205,0.119767909,0
21ur-14959,UCUGUACUUGAAGCUACGACG,0,0,0,0,0
21ur-6377,UUUAAGGCACGUAAAGAAAUG,0,5.528087105,11.13264674,0,0.136909669
21ur-9899,UCCACUGAUAUCCAUGGACAC,0,0,0,0.179651863,0
21ur-14400,UUCAGUUGCCUUGUAAAAUAA,0,0,0,0,0
21ur-9311,UCUCUAACUUUUAAGUUUUGA,0,1.658426131,0.250171837,0.239535818,0.136909669
21ur-8307,UCUAAUUGAAACAUUUAUAAA,0.809221238,17.13707003,8.380756532,0.119767909,0
21ur-12326,UCGCGUUCUAGAAUUUCUAAA,0,0,0.125085918,0,0
21ur-15428,UAAUGGUUGAUUCAAGAAUGU,0,0,2.876976123,0.119767909,0
21ur-10865,UUUUAAGGCACGUAAAGAAAU,0,1.658426131,1.125773266,0.119767909,0
21ur-11523,UGUUUUGGUAUUUGAAGAUAA,0,0.55280871,2.251546531,0.239535818,0
21ur-10845,UUUUUCUCAUUAUAUGACUUU,0,0,3.12714796,2.155822361,0
21ur-14677,UGUUGAUACAGAAGAAACAGA,0,0,0.062542959,0,0
21ur-11398,UUGGACAAUUUAGCUGUUUUA,0,5.528087105,3.377319797,0.718607454,0
21ur-12847,UUGGUAAGAAUGUAUAAGAAU,0.269740413,4.146065329,2.376632449,0.239535818,0
21ur-15008,UCGGGCUAUGAUAGCACCUUA,0,0,0,0,0
21ur-14604,UUAAUCGCGUUCUAGAAUUUC,0,0,0.125085918,0,0
21ur-15165,UAUUUUAAGGCACGUAAAGAA,0,1.105617421,0,0.119767909,0
21ur-12275,UGAUAUCCAUGGACACUUUUA,0,0,0,0,0