21ur-6089,UUCGGAUCGGAUUUUAGUUUA,0,7.186513236,6.379381838,3.127314378,0
21ur-8055,UUUCUUUUUUGUGUUCAUAAC,0.269740413,9.397748078,7.00481143,0.598839545,0
21ur-15311,UAGUGACACAUCGGUUUAAUG,0,0,0.125085918,0,0
21ur-9082,UUUCAUUUUUCUGAAACUACG,0.809221238,1.105617421,3.752577552,1.018027226,0
21ur-11685,UAUUCCUUCCUUUUGAUCCCC,0,6.080895815,5.566323368,0.718607454,0
21ur-7174,UUUUCUCGUCUCAAUUACUUG,1.348702063,12.71460034,47.90790674,2.395358179,1.232187025
21ur-13614,UAAUCGGUUUUUUGAAAAUUU,0,0,0.500343674,0.598839545,0.410729008
21ur-11911,UUUCUAACCAAAACUAAUGAU,0,1.934830487,2.689347245,0.239535818,0
21ur-10062,UUCCAGAUUUUCAAAGUGCUA,1.888182888,26.5348181,12.63367776,1.676750725,0
21ur-6597,UGCUACGUUGGAAACAUUAUU,1.888182888,426.7683245,547.8763225,19.76170498,0.136909669
21ur-12824,UUGUUCAGUUUAUCGUACAAA,0,6.633704526,1.188316225,0.419187681,0
21ur-10950,UUGAGUAUUUUCGAAGCUUGU,0,0,0.75051551,0,0
21ur-8337,UUUGGUUAUGAUAUAACAAAU,1.618442476,106.1392724,22.76563715,1.317446999,0
21ur-13625,UAAUACUGAAGAAGACGGACA,0,0,0.125085918,0,0
21ur-6292,UCGCUACGCUUUUUCCUUUUA,0.269740413,25.98200939,76.42749614,0.359303727,0
21ur-7367,UUCCGUAACUUCCGUAAAAAU,0.269740413,4.975278394,14.63505245,0.119767909,0
21ur-11031,UUACAAAAUAGAAAACCGAAU,0.269740413,0,2.001374694,0,0
21ur-8271,UUGACAAUUUGGAUUGCUCAA,0.269740413,10.22696114,2.939519082,1.676750725,0
21ur-13681,GUUAUCGAAAGAUCUAAAGGU,0,0.276404355,0.250171837,0.099806591,0.045636556
21ur-11753,UAAUUCCGAUCUAGAUUUCAU,0,1.658426131,0.250171837,0.119767909,0
21ur-9245,UUUCCUUCGAAAACCCCUCAC,0,1.105617421,1.125773266,0,0
21ur-9790,UUCUUUUUUCAUUACUUCUUA,2.967144539,39.24941845,60.29141266,7.904681991,0
21ur-11987,UUGGGAAGUUUGGUCUUACGG,0.404610619,1.658426131,1.813745817,1.616866771,0
21ur-14930,UCUUUUCUGAAAGGUGUCCAA,0.269740413,0.829213066,1.063230306,0.239535818,0
21ur-7074,UAAUUUUUGAAGUCUCACACA,1.888182888,17.68987874,9.381443879,1.556982816,0
21ur-5913,UGCAUGGGCGGAUUUCAGUUU,3.236884951,164.4605914,23.76632449,0.479071636,0
21ur-10302,UUAUCGUAGUUUAUUUUCCAG,0,0.55280871,5.503780409,0.119767909,0
21ur-8857,UGUUCACUGACAAAUUACUCC,0.134870206,0,3.502405715,0.119767909,0
21ur-6905,UAUAAUUCAAGACAGCGGAAU,0,0.55280871,1.751202857,0,0
21ur-8370,UGUUCAAAAUUUAAAAUUGUC,0.269740413,0,6.379381838,0.239535818,0
21ur-10855,UUUUCUCUCAUUGAUUCAUUU,2.023053095,4.146065329,4.62817898,3.832573087,0.273819339
21ur-15488,UAACUAACAAAAAUUUUUCAC,0,0,2.751890205,0.119767909,0
21ur-13640,UAAGAUUCUAAAGAAAUAGGC,0,0,0.375257755,0.119767909,0
21ur-6029,UUUUUGUGAAAUUUUCGGUUC,1.618442476,18.93369833,31.83436623,6.407583129,0.205364504
21ur-8318,UAUCGUUGCAAAUACGAGAUU,0,0,1.000687347,0,0
21ur-9480,UCAUUUCAUUGAAGCAAAAAU,0.809221238,9.950556789,7.254983267,0,0
21ur-9696,UAGUUCUUCAAUUACCAAUUU,2.157923301,7.186513236,33.21031133,5.389555903,0.342274174
21ur-9925,UAUAUAAAUCAUCAUUUCUGU,0,1.105617421,1.751202857,0,0
21ur-13068,UUAGAAAAUCCAUAAACACAU,0,0.55280871,7.380069185,0.479071636,0
21ur-10623,UUAUAGAGUAUGUAUGCGCUU,0,0,0,0,0
21ur-15213,UAUUAUCUUUAACGUGAAACA,0,0.55280871,0.875601429,0.359303727,0
21ur-8217,UGUAGUAAUUUUUGCAAUACU,0.539480825,9.674152434,0.938144388,0.119767909,0
21ur-11514,UUAAAUUCUCCGUUAAUAUUA,0.539480825,26.25841375,10.38213123,0.598839545,0.136909669
21ur-10886,UUUGAAAAGAAAUUCACAAAU,0,3.316852263,1.751202857,0,0
21ur-11270,UAAAGUUUGGAAUGUCACAAA,0.539480825,6.633704526,4.127835307,0.958143272,0
21ur-9171,UAUUUCCAGUAAGCUUAAACU,1.618442476,3.869660973,156.1072262,3.113965633,0
21ur-8633,UUCGUUUGUGAAUUUCACACA,0.269740413,16.0314526,9.506529798,0.958143272,0
21ur-8594,UAAUUGCUUCUAAUGGUUUUC,0,4.422469684,11.63299041,1.676750725,0
21ur-10706,UCUCACUUCUAAACCUUUCAU,0.809221238,3.316852263,7.129897348,0.119767909,0
21ur-11908,UUUCUCUCAUUGAUUCAUUUU,0.674351032,2.487639197,2.001374694,1.077911181,0.136909669