21ur-1332,UAGAAUAGAGUUUGCAGAAGA,8.361952791,68.5482801,107.261175,16.0488998,0.410729008
21ur-1150,UACAUUUUGAUUUAUGAACUG,0.539480825,15.47864389,20.63917653,3.47326936,0
21ur-4378,UAGCACACCUGUCCUUUAUUU,8.631693204,131.0156644,48.78350817,6.347699175,0.136909669
21ur-4919,UUCCAUAAUGAAAAUACCCUU,0.539480825,2.211234842,4.252921225,0.239535818,0
21ur-3892,UGAGUCUUCUUCCUUUAGGUU,15.10546311,194.5886661,231.0336913,43.35598304,0.821458017
21ur-4842,UUUAAUUAUCCAAUUUUUGCG,0,0,6.504467756,0.119767909,0
21ur-1168,UGAGUAAUCUUCAUUGGAGAA,6.473769903,11.60898292,19.13814551,2.395358179,0
21ur-3501,UAACAAUUGCAGACGGCUAAU,5.934289078,42.56627071,82.55670614,9.820968534,0
21ur-4077,UAACCUUUCAUUAAUACUUCG,1.348702063,2.211234842,17.76220041,5.629091721,0.410729008
21ur-3039,UGUUCGAGACAUCGUGGAAAA,22.52332445,103.3752289,270.6233844,41.02050882,1.16373219
21ur-3302,UCGGACAGGCAAGAUUUUGUC,0,0,11.63299041,0.239535818,0
21ur-1202,UCACUGCACCCACUUGUUCAG,4.585587014,22.11234842,24.39175409,3.233733542,0.136909669
21ur-5081,UCUGGUGUUGAAUAGGCUUCC,0,14.37302647,0.500343674,0.119767909,0
21ur-3856,UGUAACAGGCAAUUUCUUGAG,0.269740413,8.844939368,4.878350817,0.119767909,0
21ur-2381,UGAUUGUUUGGUCAAGUUUGC,6.743510315,67.44266268,66.42062267,5.389555903,0.273819339
21ur-3551,UAUAUUUGAGUGGAAUAACAA,9.980395267,106.1392724,33.21031133,5.74885963,0.410729008
21ur-340,UCUAUUGAUUUAGGAGACAAG,0,0,0.250171837,0.479071636,0
21ur-3182,UCCGACUUUCCGCAGUAUUCC,0,1.105617421,11.75807633,0,0
21ur-4434,UCUGAAUGCUAUAUUUUUUGG,1.618442476,64.12581042,60.91684226,8.144217809,0.136909669
21ur-1973,UCGAAUUAUCACGUGUAUUCA,16.45416517,40.90784458,39.4163191,9.35491071,0.279085095
21ur-1451,UUACUUUGUUGCUUUGUUUUU,3.506625364,48.09435781,56.53883511,9.581432716,0.136909669
21ur-683,UAUCUUCUAUGAAUUACUGAA,0.269740413,1.658426131,5.128522654,0.598839545,0
21ur-3661,UGCCCUUCGUUGUCAUGGAAU,0.269740413,11.05617421,34.31523695,1.916286543,0.045636556
21ur-758,UGUAUUGCUGCUGUUCGAUUU,2.967144539,25.42920068,83.43230757,7.305842446,0.958367686
21ur-3907,UGAUGAAAAGUGAAUAUUUAG,0.269740413,23.21796584,2.126460613,0.359303727,0
21ur-1341,UCGAUAUCUUGACAAGUCACA,0,0,1.56357398,0.598839545,0
21ur-3414,UAUGUAGAUUAAGUCCUGUUU,11.32909733,137.9257733,240.7278499,40.90074091,0.684548347
21ur-5062,UAAGCGGAUUGCAUUAUUUCG,2.157923301,11.05617421,12.00824817,1.796518634,0
21ur-329,UUCGCGAACUGGUUCCAGUCA,0.269740413,3.869660973,2.876976123,0.239535818,0.136909669
21ur-3557,UUGUAAGACUGAAAUUUGAAA,0.539480825,5.528087105,3.502405715,0.778491408,0.068454835
21ur-741,UGCAAUUUGUUUCUACCGUGA,0.269740413,41.46065329,49.03368001,8.623289445,0
21ur-5072,UCAUUCCUACUAUGGCGUUUA,18.07260765,178.2808091,249.7340361,59.04557911,0.684548347
21ur-2482,UCCAAGUUUCUUUAACGCAAA,0.269740413,21.006731,3.627491633,0.598839545,0
21ur-3058,UCCGUUGCUUAUUAUGCAUGU,0.269740413,3.869660973,8.881100206,0.718607454,0.136909669
21ur-5267,UCACUAAGUCAACCAACCCAA,0.809221238,5.528087105,14.63505245,0,0
21ur-2004,UGAGAUCUUCAAAUGCUUUCA,8.092212378,124.3819599,34.39862756,16.0488998,0
21ur-2581,UUUUAAAUUCUUGAAACAAAU,1.348702063,53.62244492,19.88866102,1.19767909,0
21ur-2970,UAAAUUCUUGAAACUGGUUUU,0.404610619,2.487639197,3.87766347,0.718607454,0
21ur-407,UAGUUUUUCGACAUCUCACCA,7.282991141,6.080895815,25.26735551,14.25238117,0.273819339
21ur-1003,UUUCAAAACUUACCAAAUUGU,1.07896165,10.5033655,8.881100206,0.479071636,0
21ur-4148,UGUAAGACUGAAAUUUGAAAU,5.12506784,81.26288044,69.54777062,4.131992859,0.205364504
21ur-795,UCCAGACUAAACAUAUUUCCU,0.269740413,2.764043552,3.87766347,0.119767909,0
21ur-740,UGGUUAUCAUAAAUUGGUGAA,89.14920637,1701.545211,1598.973295,122.0434992,0.684548347
21ur-395,UCCCUUCACUAUUACCACAAC,0,15.47864389,12.00824817,0.239535818,0.136909669
21ur-4271,UUUCGUUUGCUUUUGCUUGAU,1.618442476,4.422469684,11.1951897,5.928511493,0.136909669
21ur-4544,UAUGGUAUUUCUCCCUCUGUG,0.539480825,7.739321947,5.128522654,2.515126088,0
21ur-3046,UGAUACCAUGGACAUUACCAC,0,0.276404355,7.067354389,0.119767909,0
21ur-2709,UAACAAUCUCUUGAAAUCUUU,2.967144539,28.74605295,76.80275389,30.66058469,0.410729008
21ur-4425,UUUGAGAUUGUGAUGUAGUAC,11.05935692,298.5167037,163.6123813,13.17446999,0.136909669
21ur-2792,UCCGUGUGUUAAUCCUGUGUU,0.269740413,13.82021776,45.78144613,4.670948449,0