21ur-11196,UAUGAAAUGAAUAUCUAGUAA,0,3.869660973,0.250171837,0.119767909,0
21ur-7961,UGAUUUAUGAAACUAUGAAAC,0.269740413,18.79549616,4.002749388,0.958143272,0
21ur-7466,UCUGAUUCGCGCCUGGCUCAA,0,15.47864389,5.003436736,0.119767909,0
21ur-11588,UGAUUGAAUUGUGGAAAUAUU,0,0.276404355,0.125085918,0,0
21ur-8448,UUAGAGUUAGUUAGAAAGCAA,0.269740413,3.869660973,4.002749388,0.479071636,0
21ur-6983,UUUUGAUAGACUUCCUUAACG,2.697404126,101.7168027,104.5092848,14.19249721,0.136909669
21ur-8548,UGGAAAUCACAAGGAAAGUAU,0.337175516,0,1.125773266,0.029941977,0.136909669
21ur-13587,UACAUAUUUGAAAAUUCUUUG,0,0,0.250171837,0,0
21ur-7092,UUACACUCCGUUUUGAACGUA,1.618442476,1.105617421,5.628866328,5.090136131,0
21ur-5737,UUAUGCGUCCCUAAAAACUGA,1.07896165,12.16179163,86.55945553,4.191876813,0.136909669
21ur-14686,UGUUCCUCAUCUUCUGUUGGG,0,0,0.625429592,0.119767909,0
21ur-10446,UAGUUUUGUUUCACCCCCGCC,0.269740413,2.211234842,14.38488061,0,0
21ur-9684,UAUUCAUUUGAAACAAAAGCA,0,5.528087105,1.751202857,0.239535818,0
21ur-6816,UGGUCUGUGUGUGUGUGUUUG,0,6.080895815,3.002062041,0,0
21ur-7978,UACACUCCGUUUUGAACGUAG,0,0,0.375257755,0.179651863,0
21ur-15607,CUAAUAAUCGGCCCCUUCAAA,0.134870206,0,0,0,0
21ur-10389,UCAUACCAUUAUAUUUACCAU,0,1.105617421,1.501031021,0.119767909,0
21ur-9761,UUUCUUACCAUUCCUCAGUCC,0,0,0.500343674,0,0
21ur-15310,UAGUGCCGCAUUUUAAUUUUU,0,12.16179163,0.375257755,0,0
21ur-11217,UAGAUCUACAUAUCAUAUACG,0,0,2.626804286,0.119767909,0
21ur-7004,UCAAAAACGAAUAGCUGAAUU,0,5.528087105,7.00481143,0,0
21ur-15341,UAGAGUUAGUUAGAAAGCAAC,0,1.105617421,0.250171837,0,0
21ur-6244,UGUUGAAUGUUCACUAUGGAU,0,3.869660973,2.626804286,0.598839545,0.136909669
21ur-5855,UUUCAAUCGAGAUAAAUAGGC,0.269740413,2.211234842,12.25842,0.479071636,0
21ur-6536,UAAUGAUUGAAUUGUGGAAAU,0.539480825,15.20223954,8.756014287,0.359303727,0
21ur-13883,UUUUCAAAACUUUUGAACACG,0,0,0.250171837,0,0
21ur-15644,CACAUGCUUUAACUUUCUUUC,0,0,0.125085918,0,0
21ur-9084,UUUCAACAAUAGAAUCCCCCA,0,0,0.250171837,0,0
21ur-11230,UACCUUCAAAACUUCCCCUCU,0,0,0,0,0
21ur-8951,UUGUGUCUUUUUUUUUUGAAA,1.618442476,39.80222716,6.796334899,3.952340996,0
21ur-13300,UCUUUCUCAAAGUAUAUUUGA,0,0,0.125085918,0,0
21ur-15250,UAUGCGUCCCUAAAAACUGAU,0,0,1.000687347,0.359303727,0
21ur-6680,UAUCUAAUAAUCGGCCCCUUC,0.674351032,13.26740905,69.17251287,3.47326936,0.136909669
21ur-5505,UGAUUAUAGUGUACAAUAAUA,5.12506784,268.1122246,69.29759879,2.994197724,0.273819339
21ur-9786,UUGCAACGGAAUUUUAAAUGU,0,0,0,0,0
21ur-12497,UAAUUUGCCCGUUUGAGUAUU,0,0,0,0,0
21ur-9410,UUGCAAUAUCUUCUCCAACCA,0,0,0.75051551,0.119767909,0
21ur-14642,UUAAAAAUGUGUGUGCGUGGU,0,0,0.125085918,0,0
21ur-14900,UGAAUGACGUGGAGCGGCAGA,0,0,0,0,0.136909669
21ur-13808,UUUUUAACAAAAAUUUCACUG,0,2.764043552,0,0.1317447,0
21ur-15116,UCACCGAUCAUCCAGAUUCAG,0,0,0.125085918,0,0
21ur-15505,UAAAUUUUCAGGCGAAUUUUA,0,0,0.250171837,0,0
21ur-13178,UGGGAUUGAUGACUUUCAUUU,0,0,0,0,0
21ur-10979,UUCCAAUCGUUUACCCAAAAA,0,2.211234842,1.751202857,0.239535818,0
21ur-13858,UUUUCUGGAAAAUUUUGAAUC,0,0,0,0,0
21ur-13198,UGGAAAUGUGUCAGUGGGGAU,0,0,0.125085918,0,0
21ur-13253,UGAGUAUUUUGGUUUUGAGUU,0,0.55280871,0.250171837,0.239535818,0
21ur-13876,UUUUCCCAAUUUCAGCAUGCC,0,0,0.75051551,0.119767909,0
21ur-15562,UAAAAAAAGUGCUGAAUAAAU,0,0,2.501718368,0.119767909,0
21ur-10098,UGCUUGAAUUUCUAGUGGCGC,0,2.764043552,0.250171837,0.239535818,0