21ur-6802,UCUGCUCUAAUCACCAACAAG,0.269740413,7.739321947,17.88728633,1.19767909,0
21ur-13813,UUUUGUUGAGGAGUUGACUCA,0,1.105617421,0.500343674,0,0
21ur-11571,UGCUGCUAAUAAAUGUAAAUA,0.539480825,31.5100965,16.76151306,0.239535818,0.136909669
21ur-7391,UAUUUUUAAUUUUGGAUACAA,6.383856432,207.9482099,112.9525843,12.33609462,0
21ur-14952,UCUUAACUUGUUACAAAAACA,0,0,0.375257755,0,0
21ur-6183,UGGAAAUAUGAGUUGAAAACC,1.618442476,8.292130657,7.505155103,2.634893997,0.136909669
21ur-5820,UGGAUGAUUGAAUUGCAAUUU,0,11.33257857,4.753264899,0.778491408,0
21ur-9765,UUUAGUAGAGAAAUUUGAAUA,0,0.55280871,1.125773266,0.299419772,0.068454835
21ur-10758,UAUAUUUUCAAUUGUUUUCAA,0.269740413,1.105617421,3.002062041,0.359303727,0
21ur-8336,UUUGUACUCUUUUUUGUGUUG,1.348702063,3.593256618,9.694158675,7.066306628,0.205364504
21ur-9101,UUGCCUUGUCUGUCCUAAAAU,1.348702063,104.7572506,60.10378379,1.377330953,0.136909669
21ur-7912,UCUGAAUUCUGGAUUCCUAAA,0,2.764043552,1.375945102,0.359303727,0
21ur-7823,UAGAAUCACAUUUUUUGGUGU,0.269740413,0,0.250171837,0.239535818,0.136909669
21ur-13388,UCCACGAGAUGAUUCUUUUGA,0,0,0,0.119767909,0
21ur-9496,UAUUAUCAUCAGGUUGAAGAU,0.404610619,6.080895815,1.751202857,0.479071636,0.068454835
21ur-7047,UACUUUUUUUUGAAAGUAAGU,0.809221238,38.14380102,5.253608572,0.119767909,0
21ur-13744,UUUUUUUUAAGUUUUAAAACA,0.809221238,18.79549616,1.000687347,1.077911181,0
21ur-12823,UUGUUCUCCAAGCAAAAUUUU,0,0,0,0,0
21ur-10755,UAUCAUUUAAUAAGUUACUGA,0.269740413,0,3.002062041,0,0
21ur-5781,UGCUCGUGUCUCCUCAAAAAU,1.888182888,107.7976985,28.76976123,1.676750725,0.273819339
21ur-15577,GGAUCGUCAUUUGGUGGUAGU,0,0,0.062542959,0.119767909,0.045636556
21ur-14502,UUAUCUCCUUUAAAGCACAAU,0,0,0.75051551,0.119767909,0
21ur-8616,UUUCAUCCACUAAUUACGAAA,0,4.975278394,1.375945102,0.239535818,0
21ur-9233,UUUGUCGUUUUCUCUUUUAUA,2.157923301,8.844939368,18.76288776,6.587234993,0
21ur-7505,UGCGAUUUUUUUAAAAUUUUU,0.269740413,7.370782807,3.815120511,0.479071636,0
21ur-5586,UAAAACUUUGAUUGGAAAAAA,13.89163125,1008.046684,633.6852626,40.72108904,0.273819339
21ur-12223,UGGUGCCUUCUUAGCACAUAA,0,0,0,0,0
21ur-10858,UUUUCCAGGGUCUCUCGUUCU,0,0,2.001374694,0,0
21ur-13641,UAAGAUGGUAUAUUUGAUACU,0,0,0,0,0
21ur-13455,UAUUUCUGAUUCUCCUCCCAU,0,0,0.250171837,0,0
21ur-9964,UAAACGGGAUAGAAGGUGGGU,0,0,0.500343674,0,0
21ur-12291,UGAAGUCCAAUUGGGAAUAAU,0.269740413,0.921347851,1.000687347,0.479071636,0
21ur-12690,UUUGUGCCAUUAAGAGAAGCU,0.134870206,4.146065329,0.625429592,0.359303727,0.068454835
21ur-8561,UCUUCCCGUACGCCUCGCAGA,0,1.105617421,2.564261327,0,0
21ur-10628,UUACUCACAGUCAGCUCGGUA,0,0,0,0,0
21ur-8506,UUUGCAUUGUUGUAUUGAAGA,0,0,1.125773266,0.119767909,0
21ur-6583,UAACUUUAAUAAAAAGUAAAG,5.934289078,467.1233604,126.3367776,1.19767909,0
21ur-9758,UUUGAAAAAAUCAUGACGUUU,0,4.975278394,1.626116939,0.598839545,0
21ur-10488,UAAAUAAAUAUCAUAGUAACG,0,1.658426131,6.25429592,0.119767909,0.136909669
21ur-11772,UAACUAAAGAAACUCAUUUCU,0,0,0,0,0
21ur-14063,UUUAUUUUCCUUUUAUUUGAU,0,6.080895815,2.876976123,0.718607454,0
21ur-7486,UUUGAAGACCAUUUUGAUAGA,0,1.105617421,1.188316225,0.239535818,0
21ur-8716,UUUAACUGGGAAAAAUUUAAA,1.618442476,33.16852263,10.25704531,0.479071636,0
21ur-15534,UAAAAUUGAAACAACGUUUUU,0,0,0,0,0
21ur-12068,UUCAUUGGUAAAAGGUACUUC,0.134870206,0.829213066,2.376632449,0.059883954,0.068454835
21ur-12840,UUGGUUUCCUGAUAUUCAAAU,0.269740413,8.844939368,1.000687347,0.119767909,0
21ur-11408,UUGAUAGUACAGUGCGUGCAA,0,0,0.375257755,0,0
21ur-10194,CUCCAACCAAAACAAUUUGUA,0,0,0,0.059883954,0.068454835
21ur-15631,CAUUUAAUAAGUUACUGACAA,0,0,0,0.119767909,0
21ur-6119,UGAUCCAAAGUCUGGACAAAA,3.236884951,136.5437515,122.2089423,31.25942424,0.821458017