21ur-15472,UAAUAAAAAAUUUUUCGUUUC,0.269740413,0,0.268041254,0,0
21ur-10148,UAUUAAAACGUACGGAAAAAA,0.359653883,6.817974096,8.130584695,0.578878227,0
21ur-11748,UAAUUGGACUUGGUGAUAAUU,0.404610619,8.015726302,4.065292348,0.419187681,0
21ur-13935,UUUGGGUGUUAACAUGAAAAU,0,1.658426131,0.125085918,0,0
21ur-5698,UCACAUUUUCUAUCUAUAUAA,2.697404126,55.28087105,26.64330062,9.341896899,0
21ur-6045,UCAGAUUGGAAUUAAAAUUGG,3.236884951,29.29886166,56.03849144,0.239535818,0.342274174
21ur-9582,UUGAUUACUUUGAAAAUUUGA,0,4.975278394,3.502405715,0.239535818,0
21ur-11504,UUAAUUACACUGCUGUUGUAA,0,0,0,0,0
21ur-12195,UGUGCAAUGACCAUUUGCAGA,0,0,0.125085918,0,0
21ur-12901,UUGACUUAUGUAUUCUCUACC,0,0,0.187628878,0,0
21ur-6801,UCUGUUGUGCAUAUAUUCACU,1.07896165,17.13707003,5.879038164,0.119767909,0
21ur-11451,UUCAUCAUUGAAUUGUCUUUC,0,4.146065329,6.316838879,0.898259317,0.205364504
21ur-14651,UGUUUUCUUAAAGUUCUUAGG,0,1.105617421,1.375945102,0.479071636,0
21ur-11302,UUUUUCUCAUCAUUGGAAAGG,0,1.382021776,1.188316225,0,0
21ur-8829,UUGAUAUAUGAUUUUUCAAAA,0,7.186513236,0.375257755,0,0
21ur-6277,UUCAGAACUUUUUCAUGAGAA,1.618442476,50.30559266,16.94914194,1.077911181,0
21ur-5933,UCAAUUAUUAACUGAAAAUUC,0.269740413,3.316852263,7.442612144,2.185764338,0
21ur-7874,UUUGUCUUCUUCCCAAAAGAG,0,0,2.001374694,0.119767909,0
21ur-7731,GGCGUUUUCAAUUGUGUAAAC,0,0,0.125085918,0.119767909,0
21ur-12304,UCUUUCGGAAUGACUCAGUCU,0,0,0.125085918,0,0
21ur-6411,UCUGUACGGCCAGAUCAAAUC,0,0.55280871,13.25910735,0.838375363,0
21ur-9714,UAAUGCUUUAUUUCAAAUUCA,0.539480825,4.975278394,2.251546531,0.359303727,0
21ur-11098,UGCAGUUUCAAUUGAAAAAUU,0,1.105617421,0,0,0
21ur-14660,UGUUUCGACUGUCAUCGUUAA,0,0.55280871,0.625429592,0.718607454,0.068454835
21ur-6291,UUCACUUCAUUAGAGAGUAGG,0.269740413,6.633704526,15.26048204,2.27559027,0
21ur-13238,UGAUUAUAUAACUCCUCAAAG,0,0,0.125085918,0,0
21ur-6104,UUUUUUCUGCAGCAAAGAAUC,1.348702063,4.698874039,75.92715246,3.593037269,0.068454835
21ur-6137,UGAUCAUUUUCAUUCAAAAUU,0,32.06290521,21.01443429,2.634893997,0.136909669
21ur-7940,UUUGAAGCAGAUUUUUCUUGG,1.07896165,2.764043552,3.502405715,5.030252176,0.136909669
21ur-5847,UUUAUUGGGUAUUGGAAUUGA,13.75676104,263.6897549,307.3361015,54.01532694,0.410729008
21ur-14487,UUAUUACUGUGUGUCCGUUAG,0,2.764043552,1.063230306,0.119767909,0
21ur-11068,UGUGAACUCAAUAAAUUUUUU,0,0,0,0,0
21ur-8240,UAUUAUCGUCGAAAUGUUAUA,0.269740413,2.764043552,12.50859184,4.072108904,0
21ur-13261,UGACUUUGUUAAAAUUUUGAG,0,0.18426957,1.375945102,0.119767909,0
21ur-14606,UUAAUAUUUUGAUUACUAAUU,0,0,0.062542959,0,0
21ur-6173,UUCAGAUACCCGUCCCUGCCA,0.269740413,5.528087105,22.89072307,0,0
21ur-6830,UAUUGCACUAUUCUUUGAACU,1.213831857,40.67750761,28.43619878,4.072108904,0
21ur-11050,UGUUUUCUUUACAAAAAUAUU,1.888182888,25.42920068,8.881100206,0.958143272,0.136909669
21ur-10996,UUAUUGGAUAGUCUCACGGUA,0,0,0.500343674,0,0
21ur-6420,UUUUUUCCGUCGUCUUGGACU,0.269740413,0,1.626116939,0.359303727,0
21ur-9372,UUUUGAACUAAUAAUUUUCGA,0.269740413,9.950556789,4.878350817,1.796518634,0
21ur-14613,UUAAUAAAAACUUCGACAGGA,0.404610619,1.382021776,1.438488061,0.179651863,0.136909669
21ur-13090,UUAAUUCAGCUUCAAAGUGCC,0,0.55280871,0.875601429,0,0
21ur-13415,UCAGAACUUUUUCAUGAGAAA,0,0,0.437800714,0,0
21ur-10588,UUCUAUUCGAGUUGAACUUUU,0,0,1.751202857,0.598839545,0
21ur-9120,UUCAUCGUUUCCUUUGCUUCU,0.539480825,2.764043552,6.25429592,0.119767909,0.136909669
21ur-5743,UGCUCGAGAAUACAACGAAAA,6.743510315,60.80895815,111.4515533,9.521548762,1.574461199
21ur-14118,UUUAACAGCGGAGAGUUUGUG,0,0,0.375257755,0.059883954,0
21ur-5602,UUUUGACACGCUAUAAAAAUG,9.036303823,346.1964549,108.1993194,9.162245035,0.410729008
21ur-13735,AAAAUAAAAAAUUAGCUCGAA,0,4.422469684,2.001374694,0.479071636,0.136909669