21ur-8681,UCACAUCAAAAAUUUUGUACA,0.269740413,2.764043552,3.502405715,0.239535818,0
21ur-8897,UCAUAAAACUAGAAAUUACUC,0.269740413,1.658426131,6.754639593,0.359303727,0.136909669
21ur-13750,UUUUUUUAAACAAUCAUGAAA,0,0,0,0,0
21ur-7836,UUCCAAAAGCAUUACGCAAGA,0.269740413,0,2.001374694,0,0
21ur-14075,UUUAUUCAUCAUACAGUUUAA,0,4.975278394,1.250859184,0.359303727,0
21ur-7942,UUUCUAUCUUCUUUCAGAUGG,2.427663714,11.05617421,9.256357961,3.952340996,0.410729008
21ur-8732,UUCCCUUUCCGACGUAGAAUA,0.269740413,2.211234842,5.378694491,0.479071636,0.136909669
21ur-10428,UAUUAGAAUUGUUGAAAAAAA,0,16.0314526,12.19587704,1.437214907,0
21ur-15645,CACAUGCUUGGACUCGAUAGU,0,0,0.062542959,0.179651863,0.068454835
21ur-5583,UAUGGAAAUUUGUGUUGCAUU,4.046106189,103.9280376,26.26804286,13.29423789,0.136909669
21ur-8335,UUUUAUAUUAACGAAAAAAGG,1.348702063,4.975278394,49.15876593,0.479071636,0
21ur-8245,UAGUUUUCAAUCAGGUUUUGA,0,1.105617421,5.128522654,0.479071636,0
21ur-14164,UUGUAUGUAUACUUUGUGUUG,0,0,0,0,0
21ur-12948,UUCUCAUUAGGAUAUCAUGUU,0.134870206,0,0.187628878,0,0
21ur-14511,UUAUAGUAGUUUAUUCUAUUU,0.269740413,0,0.125085918,0,0
21ur-11757,UAAUGUGCUGUGAUUUUGUGU,0,10.77976985,5.628866328,0.479071636,0.136909669
21ur-8697,UAAUGAGUGUAGGCGUCUCUU,0.269740413,2.764043552,14.13470878,1.077911181,0.273819339
21ur-10370,UCUGAGGCUGCAAAUGAGCUU,0.134870206,0,0.250171837,0,0
21ur-14966,UCUGCCAAAGAACACGUUGUU,0.269740413,1.934830487,0.938144388,0.718607454,0
21ur-13542,UAGUAAUUGGUCGGCUGCUUC,0,3.593256618,4.62817898,0,0
21ur-8269,UUUCACCUUAACUUUAGACCU,0,0,1.063230306,0,0
21ur-6405,UUUUUACGUAUCUGAUUUCCA,13.48702063,115.5370205,130.8398706,40.1222495,0.273819339
21ur-11354,UUUCGCCCAAACUUCUAAAAA,1.753312682,30.12807472,26.95601541,1.856402589,0
21ur-12827,UUGUUAAUAAGUGUGAGGGUA,0,3.040447908,0.187628878,0.039922636,0
21ur-11400,UUGCGUUGUUGUACAUAUACA,0,2.764043552,0.375257755,0,0
21ur-13430,UCAAUUGCGGCAGCAGUCAAG,0,0.55280871,0,0,0
21ur-10957,UUCUUCGAAAACUAUUUACAU,0,1.105617421,4.753264899,0.239535818,0
21ur-6128,UCUUCAAAUUGUUUGAUUUUC,0.539480825,3.316852263,3.252233878,0.718607454,0.136909669
21ur-13500,UAUUAACGCUUGGUUAUGGUU,0.134870206,7.462917592,0.250171837,0,0.068454835
21ur-7840,UUAUGCAAACAUAAAAAGCAA,0,2.211234842,0.75051551,0,0
21ur-15573,GUACUAUAAGGGUUAGAGCGG,0,0,0.250171837,0.239535818,0.273819339
21ur-7106,UAUAUCUGGUUUUUUUGGUAU,5.12506784,98.12354611,36.52508817,21.67799152,0.273819339
21ur-5846,UAGAACUUCUCCCGUGGUUUU,2.697404126,21.006731,12.38350592,2.155822361,0.136909669
21ur-7082,UUGCUUUGUAUUAACCGUUUA,1.888182888,67.99547139,53.53677307,5.868627539,0.136909669
21ur-6024,UUACAAGAACAUCGAACCAAA,0.539480825,0,3.002062041,0.359303727,0
21ur-11443,UUCGAUAUAGAUCUGCCGAUU,0,1.658426131,0.875601429,0,0
21ur-14015,UUUCGAACGCAAUUCUUGUUU,0,0,0,0,0
21ur-12587,AAGAAAGAACAAUCUGCUAUC,0,0,0.375257755,0,0.136909669
21ur-12805,UUUAAAAUUCAACAAUUGGAU,0,0,0,0.239535818,0
21ur-6693,UCUUUGUUCCUUAUGUUGCAA,0.269740413,6.910108881,11.00756082,2.095938407,0
21ur-8900,UCAAAUUAAGGGGAGGUUAUA,2.157923301,102.8224202,62.66804511,1.317446999,0.136909669
21ur-9713,UAAUUAUUGGCAUAUUUUGAC,1.753312682,16.86066567,28.64467531,1.556982816,0
21ur-8474,UCAAGGUUUUUUUAUUGCAUU,2.157923301,33.72133134,26.76838654,8.0244499,0.273819339
21ur-11148,UCGAUAGGUUGUUUGAUGAGG,0,0,0.187628878,0.059883954,0
21ur-14988,UCUAAAAAUUGUCAUUUUCUU,0,0,0.125085918,0,0
21ur-12744,UUUCUCAAAUUGUUGUAAGGU,0.134870206,0.276404355,1.501031021,0.299419772,0
21ur-11072,UGUCGUAAUCGCAUAUUUAUU,0.539480825,0.55280871,3.12714796,0.778491408,0.136909669
21ur-5479,UGUUAUUGAAAUUAAAAAAAA,7.013250728,279.9976119,97.38296135,5.389555903,0.027381934
21ur-13530,UAGUUGCUUUAUAAAAAAGUA,0,0.55280871,0.500343674,0,0
21ur-6064,UAUGUCCUUAGCACGCGUGUU,1.07896165,45.33031426,25.39244143,0.718607454,0.136909669