21ur-4615,UUAUACGGAUAUCUUUAUAGU,2.967144539,9.950556789,19.63848919,0.958143272,0.136909669
21ur-4407,UACUGUGAUGGAAAAACGGUA,1.07896165,18.24268745,8.130584695,2.754661906,0.136909669
21ur-3636,UAAAACGAGAACUGGCAUGAU,0,1.105617421,7.75532694,0,0
21ur-1259,UACCAUUUCAUUCCGACAAAA,5.664548665,30.95728779,103.9463982,11.73725508,0.273819339
21ur-406,UGCGAGCUCACUUCGUUUUGA,0,0,0,0,0
21ur-1467,UUGGUUGCAUUUAACUCUGAU,1.888182888,30.40447908,8.630928369,4.790716358,0
21ur-3500,UGGAAAGUUAUGUUUACCCAA,0.539480825,8.844939368,0.250171837,0.479071636,0
21ur-5027,UAACGCUUUUAAAAGAUUUGC,0.269740413,5.528087105,1.751202857,0.598839545,0
21ur-4661,UAAUAACGACACUUUAGCAAA,2.56253392,22.66515713,24.01649633,3.832573087,0.273819339
21ur-3387,UGAACUUAGAGCUAGACAAUC,0.809221238,1.658426131,14.2597947,2.036054452,0
21ur-296,UCUACUUGUUGAAUAAUGGUA,15.64494393,146.4943083,120.0824817,17.00704307,0
21ur-27,UGUGACUUGGAAACGAAAAUU,0.269740413,12.16179163,33.39794021,0,0
21ur-523,UAAUUCCAUUUGUGAUCUUUU,0.269740413,4.975278394,2.001374694,0,0
21ur-5407,UCCUAUCCAAAUCACAGCUCU,0.269740413,21.55953971,39.52715021,0.838375363,0
21ur-5378,UACGUUGUUAAUCUAAUCAUG,0.809221238,3.316852263,29.39519082,2.994197724,0
21ur-3538,UACUGGAAUUUUAUUGUAACU,2.427663714,33.16852263,1.125773266,2.754661906,0.136909669
21ur-2156,UAGCUUAGUUCUGUUACUCAU,2.157923301,3.869660973,5.128522654,1.437214907,0
21ur-3524,UACUUUCCGCAUUCAAAGUGA,0.539480825,2.211234842,26.01787103,3.113965633,0.068454835
21ur-3203,UGGGACACACUUUUGGUUUUA,13.75676104,402.99755,422.9154901,21.4384557,1.642916034
21ur-1417,UGGAAUUCGUGGCAGUUUAAU,8.901433616,151.4695867,2.751890205,8.383753627,0.273819339
21ur-4889,UGUUUGGUCCAAUUUAAUUCC,1.07896165,29.85167037,3.752577552,0.359303727,0
21ur-2137,UACUGAUUCUUCAUUGGACUG,0,0,3.627491633,0,0
21ur-1277,UUCGACAGGUUUCUGACAAAA,1.618442476,8.292130657,13.6343651,0.479071636,0
21ur-1921,UGCAUCCUUUAUUUUUUAUAC,0.269740413,13.82021776,18.51271592,0,0
21ur-4195,UAAUUAUGAACCCGCAAUGCG,0,0.829213066,0.375257755,0,0
21ur-2095,UGGGUCUCAUAUCUUAAUUCA,1.07896165,69.10108881,0.375257755,1.556982816,0
21ur-7671,UAACUAAGAUGAAAACGAUAG,0,16.58426131,11.25773266,0.239535818,0
21ur-6720,UUUUCAAUUAGUAGGUUGUUC,0,3.869660973,10.75738898,1.497098862,0
21ur-11991,UUGCUUUUGUAGAACUGACUU,0.269740413,0,0.125085918,0.119767909,0
21ur-8352,UUCUUCCACGAACUAAGUAUA,0,1.105617421,2.001374694,0.359303727,0
21ur-12025,UUGAAGAAUUUAUUUCGGGAA,0,0,0,0,0
21ur-7173,UUUUCUUUUUUGAAUCACCUU,0.269740413,4.975278394,8.630928369,0.598839545,0
21ur-11045,UUAAAUAAAUGCUGAACCCCA,0.539480825,3.593256618,5.128522654,1.077911181,0
21ur-11336,UUUGUACUCUUUCAGAUACAA,0,2.764043552,0,0,0
21ur-12638,UUUUGGCACUUUUCCGUUUUC,0,0,1.250859184,0.239535818,0
21ur-14101,UUUACUGUUCCAGCAAAAAAU,0.269740413,0,3.252233878,0.119767909,0
21ur-11173,UCAAAUGAUUCCCUUUCAAAU,0.269740413,4.975278394,4.62817898,0.359303727,0.136909669
21ur-14559,UUACUGGAUUGAUAAGAUGCA,0,0,0.250171837,0,0
21ur-14046,UUUCAAUUAGUAGGUUGUUCU,0,0,0,0.419187681,0.136909669
21ur-6579,UGAAGAAUUUAUUUCGGGAAU,0.539480825,6.080895815,3.87766347,0.958143272,0
21ur-13988,UUUCUUCCACGAACUAAGUAU,0,0,0.125085918,0,0
21ur-10602,UUCAGAAUUUGUCAAACGAAG,0.269740413,1.658426131,4.503093062,0,0
21ur-8107,CAAAAUCUUUAGACGACAAAA,0,0,1.000687347,0,0
21ur-6702,UUUCUGAAUCGCAUACGCAUU,0,3.869660973,3.252233878,0.239535818,0
21ur-12249,UGCUACUGUGAUGGAAAAACG,0,1.658426131,0.500343674,0,0
21ur-15565,GUUGUUAAUCUAAUCAUGGAU,0,0,0,0,0
21ur-11082,UGGGUUUUUACAAUUCUUCUU,0,1.105617421,2.376632449,0.479071636,0
21ur-6372,UCCUUCUUAGAUUUAACAUCA,0.809221238,36.48537489,19.38831735,3.113965633,0
21ur-6204,UGGAUUGAUAAGAUGCAAGAG,1.348702063,12.16179163,0.125085918,0.479071636,0
21ur-15221,UAUUACUUGGGGUUCAGCAUU,0,8.844939368,4.252921225,0.119767909,0