21ur-2745,UUACACAAGUUUUAUCCAGUC,0.539480825,1.105617421,12.00824817,0.479071636,0
21ur-12492,UACACAAGUUUUAUCCAGUCC,0,0,0,0,0
21ur-3641,UCUCCAGACAACUGAUGUCUC,0,0,0.125085918,0.359303727,0
21ur-3338,UAAUUCAUUAACUUCCAAGGC,0,0,0,0,0
21ur-3530,UGAGACAUAGUUAGGCACAAA,7.552731553,77.94602818,143.2233766,8.862825263,0
21ur-1076,UACAGAGUCCAAAAUUUCUUC,0.809221238,6.633704526,5.378694491,1.19767909,0
21ur-5120,UUCAUUGGAAGCAUAACUCGA,1.348702063,0,6.879725511,1.137795135,0
21ur-3398,UCCUAAACUUAAAUAACAAAA,0.269740413,8.292130657,2.376632449,0.239535818,0.136909669
21ur-851,UCCGUAUGGUACAAUAGGAAG,1.348702063,12.16179163,92.56357961,3.353501451,0.136909669
21ur-2046,UUCAUUAACUUCCAAGGCCUU,0,0,0,0,0
21ur-1830,UAAAAAAUCCAACUGAAACCA,0,3.316852263,6.567010715,0.718607454,0
21ur-6855,UCGAAAAACGAAUGGAAAGUU,0.539480825,2.764043552,4.940893776,0.239535818,0
21ur-10593,UUCCGUAUGGUACAAUAGGAA,0,1.658426131,0.625429592,0,0
21ur-14554,UUACUUGUAUGCAGUGAGGUA,0,0,0.250171837,0,0.136909669
21ur-14022,UUUCCCGGAUCUCCCUUUUUU,0,0,0,0,0
21ur-9860,UGCAACAUUACUCCAAGAGCC,0,2.211234842,3.002062041,0,0
21ur-9122,UUCAGUUGGAUUUUUUAAUAA,0.539480825,17.68987874,7.505155103,3.593037269,0
21ur-5696,UCCUACGAUGGUGAAUGUGAU,4.046106189,25.42920068,69.67285654,3.712805178,0
21ur-13599,UAAUUUUUUUUUAUUAAUUGG,1.07896165,30.95728779,21.7649498,2.754661906,0
21ur-8042,UAACAUAUCGAUAUGCCUACA,0,9.950556789,0.250171837,0.239535818,0
21ur-11676,UAUUUUUUCUAGACCCAUAUG,26.79421432,4.422469684,7.00481143,38.68503459,0.684548347
21ur-7481,UAAAAGUCUGAAGGAAAAAAG,0,11.88538728,13.19656439,1.317446999,0
21ur-14068,UUUAUUGCUCUUCGGCCAUAU,0,0,0.125085918,0,0
21ur-12292,UGAAGCUUCAGGUAAUGCAUC,0,0,0,0,0.136909669
21ur-10541,UUUCAUUGGAAGCAUAACUCG,0,0.55280871,2.126460613,0.658723499,0
21ur-7597,UCUCUUUUCAAAGAAUCAACA,0,0,0.875601429,0.359303727,0
21ur-9244,UUUCCUUGUUGUCAUACUUUU,0.809221238,11.60898292,34.0233698,7.665146173,0.136909669
21ur-8789,UACUUGAUACUUGAUCCACUC,0,0,2.751890205,0.359303727,0
21ur-6856,UAUCAAAAAAUUUAGGCACAA,0.269740413,8.844939368,15.76082572,1.556982816,0
21ur-10080,UUAAAAGUCUGAAGGAAAAAA,0.269740413,3.593256618,3.064605001,0.359303727,0
21ur-13931,UUUGGUAGAAGGCAAUCGUAG,0,0,0,0,0
21ur-14061,UUUCAAAAACGCCUCAAAUAG,0.134870206,4.146065329,19.32577439,0.179651863,0
21ur-6068,UGGAUGAAUCUUGGGGAUUUA,0.269740413,1.658426131,0.500343674,0.119767909,0
21ur-12362,UCACAAUUGUUAAUGGUAGGU,0,0,5.628866328,0.359303727,0
21ur-12722,UUUGACAAUCAACUGGUGUUU,0,1.105617421,6.004124083,0.239535818,0
21ur-6542,UUUAGCAAGAUCUAGAGAAAU,2.157923301,9.397748078,64.91959164,5.150020085,0
21ur-12831,UUGUCAGAACAUCGUUCAUUA,0,0,0,0,0
21ur-13520,UAUCAGCUGAUAGAGAAGUAU,0,0.55280871,0.125085918,0.239535818,0
21ur-11447,UUCCCGGAUCUCCCUUUUUUU,0,0,0.250171837,0,0
21ur-11001,UUAUUCUGUGUUUCUCAUAUG,0,1.658426131,0.250171837,0,0
21ur-12155,UGUUUUGUCAUUUAAUUUGAA,0,6.080895815,4.252921225,0.359303727,0
21ur-15613,CGUCUUUGAACGCGAUGUCCC,0,0,0,0,0
21ur-15394,UACACUGAUGCAAACAAGUUA,0,0,0.125085918,0,0
21ur-12606,UUUUUUCCUUUUGUCACAAAU,0,0,0.312714796,0,0
21ur-11823,UUUUUCCUUUUGUCACAAAUG,0,0,0.938144388,0.359303727,0
21ur-6868,UGCUACACUGAUGCAAACAAG,0,4.975278394,4.878350817,0.119767909,0
21ur-5800,UCUCAAAUUGAUCUGUUGAGG,0.269740413,8.844939368,11.25773266,4.191876813,0
21ur-10873,UUUGUCAUUUAAUUUGAACUA,0,0.55280871,0.125085918,0.119767909,0
21ur-5717,UAUCAAUGGAUGUUGCCCACU,0.269740413,0.55280871,8.881100206,0.479071636,0
21ur-10169,UACUCUAAUAUUCUUCUGAUG,0,2.211234842,7.254983267,0.598839545,0