21ur-4793,UGCAUGUUUGUAUUUUCUCAA,2.697404126,62.46738429,19.76357511,6.946538719,0
21ur-1190,UUAGGACAUAAUAUGAUCUUA,8.361952791,290.7773817,47.09484827,9.581432716,0.273819339
21ur-2479,UAAUGCACGGGCUGAUAUUAU,7.148120934,111.3909552,120.2701105,13.53377371,0.068454835
21ur-1283,UGGUCCGUUCUUCAUCUGACA,1.618442476,33.16852263,12.63367776,0.838375363,0
21ur-3120,UACGAUACAUCUUCUCUUGAC,28.05300291,121.0651076,819.6880232,25.86986833,0.547638678
21ur-9,UAAUUUUUUAGUUUGGUGAGU,31.28988786,3101.256866,987.3031539,32.69663914,0.136909669
21ur-4654,UCUGCAAAUUGAAUGGUGUCG,0,1.105617421,0.875601429,0.359303727,0
21ur-3224,UGAACAAGCGACUGCAUAAAG,18.34234806,523.5098488,433.9230509,12.45586253,1.779825703
21ur-411,UGCAUUCUGCUAUUAGAUGUU,0.269740413,2.764043552,1.375945102,0,0.136909669
21ur-3729,UGUCAAUAGAAUUUAGUUUUU,2.967144539,97.84714176,23.01580898,3.113965633,0.136909669
21ur-3887,UUAAAUGCUGCAUUUUAAUGA,4.585587014,52.24042314,86.99725624,19.58205311,0
21ur-1681,UGUGCAUGAAUUGAUCUGAAA,3.776365777,93.97748078,41.77869674,5.629091721,0.273819339
21ur-2611,UGCAUUUUGCAAGGGUUUUUG,0,1.658426131,1.626116939,0,0
21ur-1984,UAGGUUUUAAAUAUGGAACUU,2.157923301,189.6133877,53.16151532,7.305842446,0
21ur-5275,UGAGUCUCCACUACAACGAAC,0.269740413,8.844939368,17.13677082,0.119767909,0
21ur-785,UAUAAUUUCUCUAAAGACAUC,5.394808252,29.85167037,141.0969159,14.01284535,0
21ur-2270,UCCAGAUUGGUCACAAUUGUA,9.710654854,92.31905465,127.0872931,9.22212899,0
21ur-3056,UGGAUUGAAUCUAUAAAUUAA,21.03975218,340.5301657,8.255670614,21.07915198,0
21ur-4802,UAAAUGCCUUUUUUCAAAUGU,12.00344836,228.0335931,156.9828276,15.09075653,0.547638678
21ur-4147,UAAGCAGAAUGGAAACGAUUU,1.348702063,148.7055431,175.2453717,6.467467084,0.684548347
21ur-4568,UAGUUAGGACAUAAUAUGAUC,6.473769903,85.68535013,139.2831701,11.9767909,0.136909669
21ur-5235,UGGACUACUGAUUCUCCUCAC,0.269740413,51.41121008,22.39037939,0,0
21ur-3598,UUGGGUGAAAACUUUAUGAAU,2.697404126,87.34377626,107.323718,4.55118054,0
21ur-1811,UGUUGUAAUCAAAAUAAUCCU,0.269740413,4.422469684,2.876976123,0.718607454,0
21ur-418,UAUUUCGCGCCAUCUAGGAAA,20.050704,223.5189886,810.9737042,13.35412185,0.296637617
21ur-4878,UCCAUAAGUUUUCCCGACAAU,1.618442476,12.71460034,26.64330062,0.958143272,0.410729008
21ur-1661,UAGAGUAUUAUUUCAAUAUAA,0.269740413,6.080895815,0.75051551,0.119767909,0
21ur-1784,UGGACGGUUUAAAUUAACUUC,17.93773744,529.5907447,177.2467464,3.712805178,0.684548347
21ur-709,UGGUUCGAUUGUCUAUUGAUC,7.822471966,71.31232365,81.55601879,11.01864762,0.547638678
21ur-5423,UCUCACUGAAUGUUUUGGGAA,0.269740413,18.24268745,0.75051551,1.676750725,0.136909669
21ur-3325,UAAAUGCUGCAUUUUAAUGAC,0.269740413,13.54381341,15.57319684,3.173849587,0
21ur-1898,UGAACUUCUUUCCUAGUAUCC,0.809221238,11.05617421,4.127835307,0.119767909,0
21ur-4947,UCAGAAGAUAAAUUAAAACCA,0,1.934830487,7.129897348,0,0
21ur-2534,UGCAAGAUAUCAAUUCAAGAA,0,0,8.380756532,0,0
21ur-4387,UAAAUAGAUAUAGUAAUUAGU,15.37520352,304.0447908,153.8556796,25.86986833,0.273819339
21ur-5180,UGAUGAAUAGGUGAUUAGGGA,8.092212378,49.47637959,18.07491521,6.407583129,0.136909669
21ur-3236,UACGUUCAGAUAAGUAGUUCC,5.394808252,46.98874039,188.0041353,19.28263334,0.273819339
21ur-4676,UGUAUCGUCUGAUAUAUGUAU,0,0.55280871,0.75051551,0.718607454,0
21ur-2456,UGCUUUCUGUCCCUUUAUAUC,3.506625364,92.87186336,71.54914532,5.030252176,0
21ur-3692,UAGCAACGGUAUUGUAAUCAA,3.236884951,3.316852263,6.754639593,2.036054452,0.136909669
21ur-1933,UCGGGAAAUUGAUAUUUACCG,0.283527344,14.92583518,1.375945102,0.360217986,0
21ur-3333,UUCCUGCCUCUCAUAUCGAUU,0.269740413,30.95728779,8.255670614,0.239535818,0
21ur-5319,UGGUGCAAAAAAUGAAGAAAA,1.438615534,383.6492451,12.0878483,0.609727536,0
21ur-3881,UGCUUUGCAUACAUGCGAACG,1.618442476,5.528087105,0.75051551,0.239535818,0
21ur-4361,UUCACUUCUUUUUUGGUCAUU,11.86857816,93.14826772,267.7464083,27.78615488,0.753003182
21ur-3420,UAAUCAAACCAAUCUUUUUCG,0.269740413,8.292130657,25.07972664,2.335474225,0
21ur-4769,UACCACUUGCUCUUUUGCUCA,6.20402949,79.60445431,297.0790562,17.72565053,0.410729008
21ur-3841,UAUGGGUUUAUUCAAUUUACC,0.809221238,146.4943083,24.51684,5.868627539,0
21ur-5219,UCAUUAAAUGCCUUUUUUCAA,33.31294096,956.0826648,167.2398729,34.37338987,0.136909669
21ur-8417,UUUUAGAUUGCCGAAGAGAGU,0.539480825,13.82021776,23.95395337,1.377330953,0