21ur-8075,UGAUUUUGCCUGACUACGAAC,0,11.05617421,1.876288776,0.119767909,0
21ur-11311,UUUUCUUUCCCUACGCACUUA,0.269740413,8.292130657,1.876288776,0.239535818,0
21ur-9055,UAGGAAAACUAUUCGGUCAAG,0,0,1.000687347,0.239535818,0
21ur-6819,UAAUCGCGUUCUAGAAUUUCU,0,0.55280871,2.751890205,0.239535818,0
21ur-13594,UACAACUUUCUAGUGUGUCCU,0,2.211234842,0.125085918,0.119767909,0
21ur-13946,UUUGCUACUCCGUUUAUAAAA,0,1.658426131,1.000687347,0.119767909,0
21ur-13286,UGAAAUUUGGCUCAUAAAAAU,0.269740413,2.211234842,2.376632449,0.239535818,0.136909669
21ur-6077,UAGCAGUUCGAGGAAAUAAAA,0.269740413,0.55280871,2.501718368,0.359303727,0.136909669
21ur-15496,UAACCAAAAUUGGAGAAGUCA,0,0,0.125085918,0,0
21ur-3162,UAAUCUAUUCUAAUGUUACUC,1.07896165,13.26740905,22.89072307,2.036054452,0
21ur-4041,UGAAUGGUUGGCCCGAUCGAA,3.776365777,19.34830487,6.379381838,1.916286543,0
21ur-2707,UCUUAACGUCUUGAUAUAUGA,0,2.764043552,10.63230306,0.718607454,0
21ur-3209,UCCUUCAACAAUCGAAAUAAA,7.822471966,68.5482801,161.1106629,16.16866771,0.136909669
21ur-5213,UCCGUGAACUUUUUUGCUUGC,1.618442476,38.69660973,24.39175409,8.743057354,0
21ur-1512,UGAGAUAUCAAUCCAAUUCUG,0,1.658426131,1.000687347,0.359303727,0
21ur-2119,UAACUCUUGUGCCUCGUUUUU,0.269740413,67.99547139,32.52233878,0.958143272,0.136909669
21ur-4577,UGUGCGAUCACUAGAAUACAU,0.809221238,12.16179163,31.77182327,0.958143272,0.136909669
21ur-21,UGUUGCAUAGAUUUAUUUUCU,0.539480825,7.739321947,0.75051551,0.239535818,0
21ur-1198,UGAUUCCGCAAUAAGGCCUUG,0,11.60898292,10.8824749,1.676750725,0
21ur-2245,UUUGUCGACGUUAUGGAAAGU,0.269740413,5.528087105,12.38350592,6.347699175,0.136909669
21ur-3465,UAAAAUCAUGAGGAAAUCUAA,0,2.211234842,2.501718368,0.239535818,0
21ur-2262,UAGUACGAGCACUGAAUACAA,0.809221238,0,4.002749388,0.119767909,0
21ur-4902,UUUCGUCAGCAUGGCUAGUAC,0,0,1.501031021,0,0
21ur-623,UAGCUUUAUUAAACGAGUAGU,0.539480825,18.24268745,29.14501898,2.515126088,0.136909669
21ur-622,UGAAUGCCGUGUAAUGGUGAA,4.046106189,14.37302647,69.42268471,8.982593172,0
21ur-4260,UACAUACCUGCAAAUAUCCAU,0,0,6.25429592,0.359303727,0
21ur-4646,UCAAGAGUGACGUUGUUUAUG,0.269740413,2.764043552,2.251546531,0.359303727,0
21ur-3844,UCUAUCGCACUCACAACUAAU,1.348702063,83.47411528,144.7244076,10.53957599,0.410729008
21ur-733,UAUCGAAGUUGUUGUUAUUGA,4.855327427,16.58426131,45.65636021,17.3663468,0
21ur-4948,UACCAAUGGUUUAGACUUGGA,0.269740413,0,0.125085918,0.119767909,0
21ur-4335,UCUACUUAUACUACGAUGUUU,0.539480825,46.43593168,41.02818123,1.796518634,0.273819339
21ur-3839,UAAUAUACUUGGGUUCGGAAA,0.269740413,13.26740905,3.627491633,1.077911181,0
21ur-3737,UGCUGACGUAUCAUAGGUAAA,5.394808252,37.0381836,45.15601654,16.88727516,0
21ur-3846,UUAGUAUGUUCGUGGUGAAAG,8.361952791,327.8155653,226.5305982,36.64898014,0.547638678
21ur-5158,UGAUUGAGGAAAACACACAAU,4.855327427,314.5481563,29.2701049,10.53957599,0
21ur-3166,UCUAUUGGAAAAGAGGGACUA,0.269740413,4.422469684,14.57250949,0.419187681,0.136909669
21ur-5425,UGCUUUGGUGGAACUUAAAAC,1.07896165,42.013462,20.95189133,3.113965633,0
21ur-555,UCAUUGAGUGCCUUGAAAGUG,0,0,0.250171837,0,0
21ur-4770,UAUGAUUGUAAUUCUCAUUUC,0,2.211234842,1.000687347,0,0
21ur-319,UAAAAUAAACAUAAUCUUGAG,2.157923301,79.60445431,43.40481368,3.353501451,0.410729008
21ur-2511,UUUCUCCUGUUGAACGUUUCU,0,0,2.376632449,0.359303727,0.136909669
21ur-3155,UAAUAAGAUCACUGUCGUUGA,0,0,0.375257755,0.359303727,0
21ur-6028,UAUGAAAAUUAAUCCAAAUUC,0,5.528087105,3.252233878,0.119767909,0
21ur-14892,UGAAUUCACUCUCAACAAUGA,0,0,0.125085918,0,0
21ur-7268,UAGCGAUCAAUCAUUUGUUUU,0.269740413,0.55280871,1.125773266,0.239535818,0
21ur-8309,UCGGCUUAUUUCAAAAUCUAA,0,3.593256618,2.689347245,0.119767909,0
21ur-7199,UCGGCCUGUCAUAUCGUCAUC,0,0,0.125085918,0,0
21ur-14077,UUUAUUAUCGUUAAUUUUUCA,0,0,0.250171837,0,0
21ur-11718,UAGUAUGUUCGUGGUGAAAGA,0,13.26740905,2.626804286,7.425610355,0
21ur-9306,UCUUACUUUUGUAUAGAAGGA,0,1.658426131,1.501031021,0.239535818,0