21ur-13893,UUUUAGUUCAUUUUUUUUCUG,2.157923301,12.71460034,9.756701634,8.982593172,0.136909669
21ur-9352,UAAUUUUGACAAUCCAUUUAC,2.157923301,3.316852263,12.38350592,0.718607454,0
21ur-6618,UUUCAAUGCACUUGGCAAUAA,0.809221238,4.422469684,7.380069185,0.838375363,0.136909669
21ur-11624,UCUAUUAGGAGGAAGCAUUGU,0,2.487639197,3.12714796,0.239535818,0
21ur-13529,UAGUUUCGCAAGACAAAAAAC,0.269740413,0.276404355,4.62817898,0,0
21ur-14104,UUUACACCAGUUCCGCAAACA,0,0.737078281,15.69828276,0.059883954,0
21ur-7619,UUUGUCGCUUUAGGUUCAAUU,0,1.105617421,1.250859184,0,0
21ur-5487,UCACAUCGAAAUGAAAAAAAA,10.57382417,108.903316,157.2329994,6.886654765,0
21ur-13360,UCCUUUUUUGUUGCAUUAUUU,0,2.764043552,0.125085918,0.119767909,0
21ur-7459,UUCAAUUUUUUUGGUUAUCCA,3.236884951,22.66515713,26.39312878,8.743057354,0.136909669
21ur-7883,UUUCACAAUAGAUGCCCUCUC,0.269740413,2.211234842,3.252233878,0.359303727,0
21ur-10334,UGUAGAAAAGUGGUUGCUUGU,2.427663714,28.19324424,2.126460613,0.658723499,0.616093513
21ur-8117,UUUGAAACAGUGACUUGCUUU,0,4.422469684,3.564948674,1.257563044,0
21ur-12601,UUUUUUUACGCAUUCAACAAA,0,0.55280871,0.500343674,0,0
21ur-6151,UCUUUGAUAAUUUUUAUAAAA,0.134870206,24.87639197,7.692783981,1.317446999,0
21ur-12806,UUGUUUUUCAGCGUGUCCUUG,0,0.276404355,0.250171837,0,0
21ur-13769,UUUUUGGUCCAACAGUUUCGG,0,0,0.375257755,0,0
21ur-11251,UAAUCAAAAGUCAUUUUGCAU,0.539480825,1.658426131,2.251546531,0.718607454,0
21ur-8276,UUCUUGAACGGCUAGGAUCAC,0,2.257302235,5.316151532,0.838375363,0.068454835
21ur-15154,UAUUUUUGAUUCAUCUAAAUC,0,0,0.500343674,0,0
21ur-11555,UGUAACUCUCUGGUUGUUGAU,1.618442476,5.80449146,65.41993532,2.515126088,0.273819339
21ur-9317,UCCUCGAUCUUCUUAUAAACU,0,1.658426131,2.376632449,1.497098862,0.342274174
21ur-10594,UUCCGAUUGUUGAAACUCGUU,0,0,0,0.119767909,0
21ur-9802,UUCAUGUUGAGUUUUUGUACA,0.269740413,2.764043552,3.627491633,3.47326936,0.136909669
21ur-12550,UAAAAAAUUAUUAAGACAAAU,0.269740413,7.739321947,14.63505245,0.239535818,0
21ur-12001,UUGAUUCUUCAAACGCCCAUC,0,0,0.125085918,0,0
21ur-13824,UUUUGGAGCUUCAACUAUGGA,0.269740413,0,0.375257755,0,0
21ur-9545,UUUUGCAGACUUUUUCAAUUA,2.157923301,4.975278394,1.250859184,2.27559027,0
21ur-5763,UUGUCCGAGUAGAUGUUCUAA,3.236884951,25.42920068,26.14295694,5.150020085,0.684548347
21ur-15278,UAUAUGUAGCUUGAAUGCAGU,0,0,0.125085918,0,0
21ur-9583,UUGAUGCUGAAUAAAUUUGAA,5.934289078,156.1684607,50.03436736,8.862825263,0
21ur-7561,UCUUCAGUUUUAGUUUAGCUC,0.269740413,0.276404355,1.751202857,0.479071636,0
21ur-9768,UUUAAGGUAUUGAUCAUGUGU,1.618442476,18.5190918,24.89209776,2.455242134,0.136909669
21ur-13309,UCUUGAACAAAACGCAGAGAA,0.269740413,0.276404355,0.250171837,0.359303727,0
21ur-12041,UUCUCCGAAUGACAAAUUUUU,0,8.568535013,7.254983267,0.53895559,0.068454835
21ur-7757,UGCUUGGAAUCUCAAAAAUUG,0,2.211234842,1.250859184,0.119767909,0
21ur-10831,CCUUAUAACAUUGAACAAUUU,0,0.55280871,0.125085918,0,0
21ur-15234,UAUUAAUUUCAGGAUUUGAAU,0,1.105617421,0,0,0
21ur-7975,UAGUCCCAUAGUAAAAAGUUU,1.07896165,7.186513236,11.25773266,1.19767909,0
21ur-15696,AAAGUUGUCCAUAAAUUGAGA,0,2.211234842,0.375257755,0,0
21ur-7046,UAGUUAAUAAUUAUUUAAUGA,0.539480825,34.27414005,3.377319797,0.359303727,0
21ur-6913,UUGUAUUGAUGGUGAUGGGCU,0,0,0,0,0
21ur-6231,UGCAUUUGAGAAAAUUUUUGA,10.7896165,97.29433305,139.7209708,13.4140058,2.327464381
21ur-8994,UUAAAUGUCCGGGAAUGAGUC,0.269740413,3.869660973,1.375945102,0.239535818,0
21ur-10086,UGUGAGUUUUAUACGCUUUCU,0.269740413,1.105617421,0.625429592,0.119767909,0
21ur-12429,UAUAUUGUAUAUUGAUGAAUC,0.944091444,6.910108881,15.323025,2.634893997,0.136909669
21ur-11470,UUAUUUUUGACCCUUUAGAGU,0.269740413,16.58426131,8.505842451,0.598839545,0
21ur-9160,UCGAUCAAAUCGAUCUUUUUG,0,0,0.75051551,0.359303727,0
21ur-6123,UUUCUUAGGGCUUUUGGCAAA,10.51987609,192.93024,121.3958838,29.64255747,0.273819339
21ur-11834,UUUUUAAGGUUAUAGGUAAUC,1.348702063,2.211234842,4.252921225,3.113965633,0