21ur-12839,UUGGUUUUCGGAUUAAAGCAA,0.134870206,5.80449146,2.31408949,1.976170498,0
21ur-14331,UUCUCAAGCUCUUGUUCUAAA,0,0,0.375257755,0,0
21ur-15460,UAAUACGCCAUAAAAAGUAAC,0.539480825,8.568535013,9.506529798,0.119767909,0
21ur-6486,UUUUCAAGAAUAAAUUUCAGA,8.631693204,53.62244492,62.85567399,3.652921223,0.068454835
21ur-7875,UUUGUAGCAUAAGCUCUCUAA,0,3.316852263,0.75051551,0.119767909,0.136909669
21ur-15465,UAAUAAUGUUUCCUUCCAUUU,0,2.764043552,2.376632449,0.119767909,0
21ur-13063,UUAGAUUGCCCGGUACAUGUA,0,2.026965272,0.771363163,0.039922636,0
21ur-8320,UAUCCAAAAAAACUGGCGAGC,0.269740413,1.658426131,5.691409287,0.119767909,0.136909669
21ur-9284,UGUUGAGCAGGUUGGUGUUUU,0.269740413,1.105617421,0.375257755,0.119767909,0
21ur-15689,AAGAUACAAAUAGCUGAAGAA,0,0.55280871,0.375257755,0.119767909,0.136909669
21ur-11330,UUUGUUUUGUUUUUGGCAUUG,0,0.691010888,1.125773266,0.239535818,0
21ur-9400,UUGUUCGUUUUUCGCCAUGAG,0,0,2.501718368,0.479071636,0
21ur-11899,UUUGAAGUAGGAUUUUGAAAU,0,3.593256618,2.063917653,0.239535818,0
21ur-9211,UUUUUUUUGGUGACAUCUAAU,2.967144539,104.4808463,141.0969159,2.874429815,0.136909669
21ur-8590,UACGUUCUCUAACUUGAAAUC,0.269740413,0,3.627491633,0.598839545,0.136909669
21ur-12189,UGUGUGUUCUUCUGGAAUUUU,0,0,0.625429592,0.179651863,0
21ur-9604,UUCAGUUGAUUCUCCUUUUUU,0,8.292130657,2.001374694,0.119767909,0
21ur-6187,UUUGCAACUAUAGCGAACUCC,0,6.633704526,1.125773266,0.239535818,0
21ur-11909,UUUCUCGGGAAAAAAAUAUUG,0,0.55280871,0,0.119767909,0
21ur-11895,UUUGAUACGGCUAGAAUUUCA,0,1.658426131,2.126460613,0.119767909,0
21ur-10976,UUCCAUCGAUCUCUUAUCUGA,0.134870206,0,0.250171837,0,0
21ur-6637,UCGUCCAUCUCAUUCGGGUUU,0.539480825,0.55280871,4.002749388,0.119767909,0
21ur-8640,UUCAAUGAUACUUCCAGUGUU,0,0,1.000687347,0.119767909,0
21ur-8926,AGAACAAACACGGUUACGGAA,0.269740413,0.55280871,0,0,0
21ur-5575,UAUCAUAUGAAAUUAAAGUUU,2.697404126,67.71906704,40.34020868,2.036054452,0
21ur-10850,UUUUGUCCUUUUUUUGGGAAU,1.348702063,5.528087105,1.250859184,2.036054452,0
21ur-9412,UUGACAGGCGUAAACGUAAGA,0.134870206,0,0.81305847,0.059883954,0
21ur-14317,UUCUGCUCAUAUCUUGUAAUU,0,3.224717478,0.938144388,0.53895559,0.136909669
21ur-12965,UUCGAUUCGAACGAUUGAAAA,0,1.289886991,0.562886633,0,0
21ur-7885,UUUAAAAGUUUGAAAAGGUGA,1.07896165,12.16179163,17.13677082,0.958143272,0
21ur-8369,UGUUGAAUCUUUAUUUAUUAA,0.269740413,11.60898292,1.626116939,0.119767909,0
21ur-8810,UUUUAUGAUUUUUUUCACUGU,4.855327427,15.01796997,9.006186124,7.904681991,0.136909669
21ur-6445,UAAUUGGUCGAGAUAAACUUU,2.427663714,48.09435781,40.1525798,3.593037269,0.136909669
21ur-15443,UAAUCACAUCGAAAUGAAAAA,1.618442476,1.105617421,2.063917653,1.19767909,0
21ur-11635,UCCUUAUAACAUUGAACAAUU,0,0,0.125085918,0,0
21ur-13503,UAUUAAAUCCUCUAAUCCUAU,0,0.276404355,1.375945102,0,0
21ur-12319,UCUCAUCCGGUCCAAGAGGUU,0.134870206,0.829213066,1.438488061,0.558916908,0.068454835
21ur-6042,UGUAAACAAAACCAAUAAUAA,0.539480825,4.975278394,13.38419327,0,0.136909669
21ur-6651,UGGGGAAAAUAAAAAUAAUUU,0.269740413,21.55953971,6.25429592,0.359303727,0.136909669
21ur-7645,UUAAUGAACUUUUUAAUCGGC,0,0.55280871,1.876288776,0.718607454,0
21ur-5943,UUCUUCUUUGUUCGCAUCAAA,8.901433616,39.80222716,74.55120736,20.1210087,0.547638678
21ur-9223,UUUUUAUGGUUAUUCUUCGCU,0.269740413,2.764043552,12.00824817,0.598839545,0
21ur-13605,UAAUUCGCAUUCUGAAAGGUU,0,0,0.125085918,0,0
21ur-10918,UUGUUUUUAAAUUUCCUAUUA,0,12.16179163,6.004124083,0.718607454,0
21ur-12564,CGGUUAUGGGACUCCUUUUAG,0,3.869660973,1.125773266,0.479071636,0.068454835
21ur-13252,UGAGUUGUUAAAACAGUAAAA,0.269740413,0.55280871,0.312714796,0,0
21ur-7816,UAUUUCUACGUUUUGAAUAGA,0,3.869660973,4.753264899,0.359303727,0
21ur-6348,UAGUGAAUCGAAAACAAAUUU,0.539480825,22.66515713,19.13814551,2.634893997,0.136909669
21ur-12629,UUUUGUUACAGGAUCAGUGAA,0.269740413,0.55280871,0.562886633,0,0
21ur-14169,UUGUACUGAUUUAAAUGAAGU,0.269740413,3.593256618,1.813745817,0.179651863,0.136909669