21ur-11308,UUUUGUAACUCCUCCAAUUUU,0.134870206,2.211234842,2.189003572,0.419187681,0.068454835
21ur-15519,UAAAUAAACUGUAGACUGUAC,0,0,0,0.239535818,0
21ur-6136,UGAUUUUAUUUUCAAAAAUGA,2.697404126,25.45991228,48.78350817,3.712805178,0.068454835
21ur-9550,UUUUCCACGAGCGGUACACAC,0.134870206,0.55280871,0.250171837,0,0.068454835
21ur-13451,UAUUUUAACGCUACCUCAAAA,0.809221238,2.764043552,2.251546531,0.119767909,0
21ur-5659,UUCGUUGAAAGCUGAACACUU,0,3.316852263,7.880412859,0.239535818,0
21ur-7052,UUUCUUGAUUUUCUAUGAUUA,8.361952791,73.79996285,28.39450347,22.57625084,0.616093513
21ur-6987,UUUAGGAUUUUUGAUUUUAGU,4.315846602,67.71906704,33.27285429,9.341896899,0.410729008
21ur-9628,UGUCACUCAUGGCAAAUUUUC,0.539480825,2.764043552,0.500343674,0.958143272,0
21ur-7707,UCUGAAUCGUGUUUGAGAAAG,0.944091444,2.211234842,1.375945102,1.377330953,0.136909669
21ur-12428,UAUCAACAGAAGAAUAUUACU,0.269740413,0,0.250171837,0,0
21ur-9481,UCAUUCGGAUAGGGAAACAGC,0.269740413,0.737078281,0.375257755,0.119767909,0
21ur-11090,UGCUAGGUUCGAUUUGUUCUA,0,0,2.626804286,0.359303727,0
21ur-7429,UCUCAUCUAGGAAGAAAAAAA,1.888182888,25.42920068,34.39862756,2.994197724,0
21ur-11383,UUUAAAUCAGUUGAAAAGAAG,0,0.55280871,4.62817898,0,0
21ur-8048,UUUUGAUACAUUAAUGAAAGU,0.539480825,7.186513236,6.629553675,0.598839545,0
21ur-5582,UCGAUUUUAUUUAUCGAUUCC,1.07896165,33.72133134,3.627491633,0.479071636,0.136909669
21ur-7320,UUGUGCAUUUUCAUUUUUAUA,4.315846602,228.8628061,63.66873246,9.102361081,0.136909669
21ur-5620,UUGAUCUCUCAGGUGGAAGUU,2.427663714,64.12581042,97.50447339,4.251760768,0
21ur-10522,UUUUAAUGGUGAAAAAUCAGG,0,2.487639197,4.503093062,0.119767909,0
21ur-10506,UUUUGUCCUCAAUCACCGUGU,0,1.934830487,1.938831735,0,0.068454835
21ur-7703,UGACCCGCAAUGAUUUCUCCA,0,0,0.062542959,0,0
21ur-13577,UACGCGAAUGUUAUUGCUACU,0,0,0.125085918,0,0
21ur-5909,UUCCAUGAGAGGAAAUUAGAA,3.371755158,30.12807472,23.26598082,2.095938407,0
21ur-7192,UGUUUUUAGAAUUUUAGUCGG,2.157923301,4.422469684,4.127835307,5.329671949,0.136909669
21ur-11002,UUAUUAUUUCGUCACAUUACA,0,2.211234842,26.01787103,0.239535818,0.136909669
21ur-5830,UCAACAGAAUUAUAAGUUUUU,0,16.58426131,0.875601429,0.119767909,0
21ur-8332,UUUUGAAGCGAAUAAUUGCAA,0.269740413,0.55280871,0.375257755,0.119767909,0
21ur-7973,UAUGUCAAUUUAGUUGGUCUU,1.888182888,16.58426131,10.8824749,3.593037269,0
21ur-9200,UAAGAUUUGUCACUCGGCAAA,0,0,0,0.359303727,0
21ur-10310,UUACAUAUUGAGAUAGUCAAA,0.809221238,1.105617421,1.125773266,0.119767909,0
21ur-6032,UUGUUCGUUUUCAUCUAACAA,0.269740413,29.85167037,7.254983267,1.317446999,0
21ur-12359,UCACUCAUUUCAAUUCAUGUU,0,0,0.500343674,0.598839545,0
21ur-9345,UAGAAAUCUGUAAAAAGCACA,0.269740413,2.487639197,1.751202857,0.239535818,0
21ur-8031,UAUUUCAGCGAAACAUUAUCU,2.967144539,21.55953971,342.2350727,9.102361081,0.136909669
21ur-9067,UAAAGUUUGCAAAUUGUGAUU,0.539480825,4.975278394,5.253608572,2.874429815,0.136909669
21ur-14078,UUUAUGUCAGUUUCUUGAGCU,0,0,0.125085918,0,0
21ur-12398,UAUUGCAAUGAAUUGAAUGUU,0.539480825,12.53033077,20.26391878,1.317446999,0
21ur-11278,GAUUUUAAAUGAAAAAUUGGA,86.60915082,6.080895815,5.17021796,56.94964071,0.410729008
21ur-6733,UGAGCAAUGUUUUCCUAACUA,0.539480825,15.47864389,3.12714796,0.119767909,0.136909669
21ur-6928,UGAAUAUAGUCAAUAAAUUCG,3.506625364,5.528087105,2.001374694,4.55118054,0
21ur-11290,UUUUUUUACCUGACGUUCUCC,0,0,0,0,0
21ur-13818,UUUUGUAAUUUUUUGGAAAAU,0,2.764043552,0.875601429,0.119767909,0
21ur-8261,UUUUCAACGAAUAUAAACUUU,0.134870206,6.633704526,5.503780409,0.239535818,0
21ur-12507,UAAUGCGAAUGGAUUUUAGCU,0,1.105617421,0,0,0
21ur-9751,UUUGUCCUCAAUCAUCAUAAU,1.348702063,57.49210589,47.78282083,3.233733542,0
21ur-12822,UUGUUCUCUAGAUGGGACCUG,0,1.197752206,0.47949602,0.179651863,0
21ur-5545,UAUGUUUUUUAUAAAAACCUU,0.269740413,29.85167037,6.379381838,0.479071636,0
21ur-10958,UUCUGGACGUUUUCAGCAAUU,0,1.658426131,0,0.119767909,0
21ur-5591,UCUUCCUUCGACCUCGAAAGU,5.664548665,186.2965354,244.5429705,3.832573087,0.136909669