21ur-1398,UUAAACAUUUUAAUGGAAUUC,2.427663714,187.9549616,429.4199578,44.43389422,0.136909669
21ur-644,UGGUCCAUUCCAAUGCCUCAG,0,23.21796584,4.503093062,0.359303727,0
21ur-4162,UUCAGCGAUCGAAAGACAACA,16.85877579,22.02021363,246.8362123,65.03397456,0.136909669
21ur-866,UAAACAUAGAUUUCUGUGAUG,0.539480825,3.869660973,3.377319797,0.838375363,0.136909669
21ur-1178,UGUACUGAUUUAAAUGAAGUU,2.967144539,94.80669385,66.60825154,11.19829949,0.273819339
21ur-4980,UCGUUUUUCGCCAUGAGUCAU,0,1.105617421,1.876288776,0,0
21ur-2452,UAAUACUCCCUGUUUGGUUAA,11.86857816,74.62917592,142.3477751,13.29423789,0
21ur-3645,UGGAGAGCGAAAUAGUCUCUA,2.157923301,67.16625833,2.189003572,0.059883954,0
21ur-1298,UGAUCUUGUACAAAGUGUUUC,0.539480825,4.975278394,4.252921225,1.676750725,0
21ur-4283,UAAUUCUAGGCGGAUCAAAUC,0.269740413,14.09662212,22.76563715,0.359303727,0
21ur-161,UUCUCAUCCGGUCCAAGAGGU,21.98384363,81.5392848,312.9024249,20.67992561,0.821458017
21ur-2488,UCACAUAGACGUAUCUUCCUC,1.07896165,0,3.377319797,0.598839545,0
21ur-484,UUUAUGCCAUGCAGCAGUUGA,0.269740413,1.105617421,5.253608572,0.239535818,0
21ur-3975,UCGCGUUUGUGAUCUCUUCUU,4.315846602,28.19324424,141.7223455,14.97098862,0.273819339
21ur-4305,UUGUUUUGUCGCUUUAGGUUC,0.944091444,12.71460034,27.51890205,2.515126088,0.136909669
21ur-501,UACAUACUCAUUGAAUGGUAG,0,2.487639197,5.628866328,0.479071636,0
21ur-4720,UACUCGUCCCAUUAAGGAGCA,0.269740413,1.105617421,2.876976123,0.119767909,0
21ur-5,UAGAUGUUCUGGAAUUUCUGC,0.269740413,1.105617421,2.501718368,0.479071636,0
21ur-5061,UGUGCAUUUCUCUGUUCGUCA,6.473769903,102.8224202,139.0955412,28.38499442,0.684548347
21ur-288,UGAAAUAAUCCAUUGCUCUUU,6.743510315,262.0313288,298.2048294,21.07915198,0.136909669
21ur-4836,UUAAUGAAAUAAUCCAUUGCU,1.618442476,0,7.00481143,0.838375363,0
21ur-4362,UAAAAUAGGACAGUUAAAUUU,0.539480825,67.99547139,77.17801165,6.587234993,0.547638678
21ur-2341,UGGUUCGAUCGAUACGCUAGG,0.359653883,2.487639197,7.942955818,1.796518634,0
21ur-4745,UAAGUUCAAAAAAUUGUCAAG,0.539480825,8.844939368,18.13745817,1.317446999,0.136909669
21ur-3036,UCGAUACUGGGGCUUUUUGAA,19.82592033,1006.019718,315.3416003,39.82282973,0
21ur-3707,UCGAGAAAAAUCAUAUCCUUU,2.157923301,89.00220239,94.94021206,14.85122071,1.369096695
21ur-848,UGAACCAAUUGCUAAGUCAUC,0,0,4.62817898,0.239535818,0
21ur-3132,UAGACACAUCUCAUCGUCUGA,0,0,0.250171837,0,0
21ur-2438,UAAAAGUAUAGGACUGAUUUA,1.888182888,52.5168275,74.17594961,12.33609462,0.136909669
21ur-3743,UUGGACUAGAACUUUGAAUGC,7.282991141,85.68535013,605.5409309,27.00766347,0.205364504
21ur-4102,UGCUCUCGACUUAGUUUUUAG,5.934289078,93.42467207,73.80069185,15.80936398,0.273819339
21ur-2737,UACUUGGACCAAAUUUUCAAC,1.07896165,45.88312297,28.89484715,2.515126088,0
21ur-1950,UCGAAGGUUUUUUUUUGGGAU,16.33019468,162.2493565,105.6350581,40.38220901,0.273819339
21ur-2676,UCGUGGUCAUUUUUUACAUAA,103.8500589,1796.0755,245.6687437,64.55490293,0.410729008
21ur-2218,UUUGUUAUUCUUUUCAUGAAC,1.07896165,6.633704526,1.501031021,0.838375363,0
21ur-4872,UCUCCGAAUGACAAAUUUUUC,1.888182888,18.5190918,50.15945327,5.808743584,0.068454835
21ur-1437,UCCGACCGUUGUUACAGCUAA,8.631693204,668.345731,3136.717033,65.21362643,0.479183843
21ur-1595,UAGAACUUCUCAAAAAAUAAC,13.75676104,148.1527344,309.7127339,25.03149297,0.136909669
21ur-4484,UACCUUAAAACUAAUGAACUG,0.809221238,22.66515713,43.27972776,3.353501451,0.136909669
21ur-4071,UUAACGGGCUGAAAUACUAAA,1.348702063,54.17525363,28.45704643,1.19767909,0
21ur-4990,UGCUCGGAAAUCAUUAAAAUA,0,2.764043552,4.252921225,0.838375363,0.136909669
21ur-2057,UAAAAAAUCCUCCAAAGUUAA,0.269740413,9.305613293,10.92417021,0.279458454,0
21ur-1998,UUCUGCCUUCUUUUCAGAUUC,7.013250728,42.56627071,27.8941598,8.982593172,0.136909669
21ur-3275,UCGAUCGAAUUUUUUUUCGGU,31.55962828,248.7639197,227.5312856,54.73393439,0.410729008
21ur-4207,UGCAUUUAAUAGACCAGCAGC,0,1.105617421,5.191065613,0.119767909,0
21ur-915,UAUAUAAAUCGAAUCCCUUAA,7.282991141,114.9842118,100.5690784,6.467467084,0
21ur-1625,UAGAUGUUGAUUUUCAUUACA,21.84897342,39.80222716,25.89278511,34.85246151,0.410729008
21ur-4827,UAUAGCGUGUAACAAAAAUGG,0,3.316852263,20.01374694,1.19767909,0.136909669
21ur-5020,UGUCUCAUUGUUAACAUUUUC,19.69105012,29.85167037,72.92509042,5.269787994,0
21ur-261,UUAUUGAUGCCUCUCAAGCCC,0,4.975278394,2.626804286,0.239535818,0