21ur-3416,UCCACAGGUCAAUUUUGCAUU,0.269740413,1.658426131,0.125085918,0,0
21ur-2982,UGAUGUUCACAUUUUUGCCUU,0.269740413,9.397748078,0.125085918,0.359303727,0
21ur-4847,UCACACAAAAAGAUCAUCCAA,0,0.55280871,3.627491633,0.239535818,0
21ur-4276,UACCGUACUAUUUUCAAAAGC,0.269740413,11.05617421,20.88934837,0.479071636,0
21ur-4081,UUCACGGAUGCAAUUUGUGAU,0.269740413,8.292130657,1.188316225,1.556982816,0
21ur-1047,UGUGCAAUGCAAUGAGUUUUG,4.315846602,148.7055431,23.89141041,2.515126088,0
21ur-2073,UGAGUAGUUGAUGUAAAAAGU,77.41549842,878.6894453,679.5292517,132.822611,1.506006364
21ur-4156,UGCGUGUUUUCGUUUAAAUAA,1.348702063,21.006731,12.50859184,1.317446999,0
21ur-882,UGCGGGAGACAGACUUUGCAA,4.315846602,22.94156149,16.57388419,1.976170498,0
21ur-2036,UGAGCUAUUCGAUUCGAUAUA,2.697404126,16.58426131,58.16495205,7.545378264,0.136909669
21ur-206,UGCUAUCCAAUUAUUCUUGUC,0,2.764043552,1.876288776,0.239535818,0
21ur-79,UGCAUUGUGUGAGCCGGAAUC,2.427663714,82.92130657,110.4508659,2.754661906,0
21ur-9730,CAUAUUUACAAUACAAAUCGC,0,0,8.130584695,0.119767909,0.136909669
21ur-9408,UUGGAAACAAAUAUUUGAAAA,0,4.975278394,4.378007144,0.598839545,0
21ur-6341,UUAUAAUAAAAUUGUCGUAAA,0.809221238,57.76851025,23.01580898,4.01222495,0
21ur-10145,UAUUACAAAUGUGUAAACUGA,0.809221238,12.71460034,31.58419439,1.317446999,0.182546226
21ur-11235,UACAUCCUUUUUAUGUCUAUA,0,0,1.125773266,0,0
21ur-9319,UCAUCUCGAUGUGUGGGAUCG,0,1.105617421,0.125085918,0,0
21ur-6076,UAUAUUAAAGAUUUUGAUAUA,0,30.40447908,0.375257755,0.119767909,0
21ur-9454,UGCCGUUUUCAAUUUUAGAUC,0,2.211234842,7.129897348,0.119767909,0
21ur-5771,UAGACUUACAAAAAACUCAUA,5.394808252,20.73032664,92.93883736,1.317446999,0.273819339
21ur-11549,UGUAUUCAAAUAAAUGAAACC,0,0,0,0,0
21ur-7810,UCCAAUUGAAAAACAGUGCGC,0,6.633704526,8.005498777,0.598839545,0
21ur-7318,UUUAUAUCGAGUUCCGACAUU,0.809221238,8.292130657,21.26460613,6.347699175,0.547638678
21ur-14215,UUGCGGGAGACAGACUUUGCA,0.539480825,2.487639197,1.188316225,0.179651863,0
21ur-11825,UUUUUCAGUGUUUAACAUGAC,1.07896165,0,2.126460613,2.395358179,0
21ur-8830,UUGAGUAGUUGAUGUAAAAAG,1.618442476,20.73032664,20.32646174,3.233733542,0
21ur-10807,UAAUAAACGACUUGUAUGAAC,0.269740413,0,0.625429592,0,0
21ur-12772,UUUAUUUCAAUAAUGCCUAAA,0.269740413,13.82021776,2.376632449,0.838375363,0
21ur-9159,UCGUUGAAUUAUGCCUAGUAC,0.269740413,2.764043552,4.065292348,0.359303727,0
21ur-7118,UGCAUUCAUUGAGUUUUGAGA,1.07896165,12.71460034,38.15120511,16.64773934,0
21ur-7660,UCUGAUGUGUAGCUUUUUAUC,0.539480825,14.37302647,1.000687347,0.119767909,0
21ur-7149,UUCACUAUCUUAUUGACCAAC,0,4.422469684,5.128522654,4.611064495,0
21ur-8877,UCUGGUUUUCGGAGAGCUAUA,0.269740413,0,0.125085918,0.718607454,0
21ur-8618,UUGUUUUACUACUAAUAAACA,0,5.528087105,2.626804286,0.239535818,0
21ur-9750,UUUGUCGCAUAUUUUUACUAA,0,2.211234842,5.503780409,0.479071636,0
21ur-15202,UAUUCACAUCUCUCUCAACCU,0,0,0,0,0
21ur-11315,UUUUCACUUUUUUCUAGUAGA,0.269740413,0.55280871,2.501718368,0.359303727,0
21ur-10131,UCACGGAUGCAAUUUGUGAUA,0,0,0.062542959,0.119767909,0
21ur-10650,UGUCGAGUGAUGAUCAGAACC,0,0,0,0,0
21ur-14096,UUUAGAAUUUUAGUUGACUAU,0.404610619,2.487639197,1.188316225,0.239535818,0.136909669
21ur-11019,UUAGACUUACAAAAAACUCAU,0,0.276404355,2.626804286,0,0
21ur-8676,UCGAACCAUGCCUUUGCCAUU,0,0,2.751890205,0.239535818,0
21ur-14584,UUACAAAUGUGUAAACUGAAA,0.134870206,8.292130657,2.251546531,0.359303727,0.182546226
21ur-14041,UUUCACUAUCUUAUUGACCAA,0,0,0.125085918,0.059883954,0
21ur-9282,UUAAUAAACAUCUAGUCUUUG,1.348702063,4.422469684,15.51065388,1.077911181,0.136909669
21ur-6898,UGAAAAUAGGCGGUUACAUUC,0.269740413,12.16179163,38.90172062,2.155822361,0.273819339
21ur-11527,UGUUUUACUACUAAUAAACAU,0,0,0.125085918,0,0
21ur-6235,UAUUCGUUGAAUUAUGCCUAG,0.269740413,11.60898292,51.59794134,3.712805178,0
21ur-11474,UUAUUUCUAUCUAAAAAUCUA,1.618442476,48.09435781,21.63986388,6.946538719,0