21ur-5871,UGUGAAACUAUAGAAACACAG,0,3.316852263,0,0,0
21ur-9380,UUUGUAUUUCUUAUUAGGAGU,0,0,0.500343674,0,0
21ur-11392,UUGGUUCUUCAGCCUGUGGAG,0,0,0,0,0
21ur-14737,UGUAAAUCAAAUGUGUCGUUU,0,0,1.876288776,0.479071636,0.136909669
21ur-7332,UGCUUUGUUCUGAGAGCUUUU,0.809221238,2.764043552,2.001374694,0.359303727,0
21ur-8883,UCUAUUCUUUCUUUAAAAGUU,0.539480825,0,3.752577552,2.634893997,0.136909669
21ur-11572,UGCUGCGAUCUAAUUUUUUCA,0.539480825,2.764043552,0.125085918,0.119767909,0
21ur-15474,UAAGUUUGGUGACCGUUUUUA,0.269740413,8.476400228,6.629553675,0.119767909,0
21ur-14251,UUGAUAUCCGUGCUAAAAAAG,0.404610619,4.330334899,0.500343674,0,0
21ur-5724,UAUUUUGAUACGAGAUGGAAA,11.19422712,456.3435905,139.2206272,16.88727516,0
21ur-9273,UUAUGACUUGCGUUGAUUUGG,1.213831857,6.910108881,36.08728746,2.994197724,0.205364504
21ur-6869,UGAAGCUCCCGAAAUUUCGAA,0.809221238,0,2.626804286,0,0
21ur-9267,UUCAUUUUUCUUGGUAGACUU,0.539480825,9.950556789,21.13952021,1.317446999,0
21ur-10697,UGAAAAUUAUCAUGAGAUUAA,3.236884951,0,3.002062041,0.119767909,0.136909669
21ur-7501,UUAAACUUCGUCCAACAUUUU,0.539480825,0.55280871,14.2597947,1.437214907,0
21ur-8115,UUUGCUGUGUGCAUCUAGCAG,0.539480825,1.105617421,7.254983267,0.119767909,0
21ur-12311,UCUGUGACUCGAUAUCUCCAC,0.269740413,0,0,0,0
21ur-14608,UUAAUAGUUUUGAAAAAAAAA,0.269740413,9.121343723,0.625429592,0,0
21ur-11790,GCACCUUCCGGAAAUCAAGAU,0.134870206,0,6.629553675,0.53895559,0.273819339
21ur-8568,UCGAAUUUGAAGGUAUCCUAA,0,5.528087105,3.627491633,0.119767909,0
21ur-14811,UGCGUUUUCGAAACUAGUGCA,0.269740413,1.105617421,5.003436736,0.359303727,0
21ur-10859,UUUUAUUUUCGUUUCUGUCCA,0.809221238,8.292130657,13.6343651,3.47326936,0
21ur-6829,UCACUCAUCAGUCAUUAGUAU,1.348702063,2.211234842,9.506529798,1.796518634,0
21ur-5888,UAGAAGAUUUUGGAUGGAAAC,2.427663714,61.36176687,89.68660349,5.389555903,0.068454835
21ur-5782,UAUGAUAUCGCCCUGUAUUGG,0.269740413,10.5033655,22.39037939,0.598839545,0
21ur-7182,UUGUUUACCCAUCUUACUGUA,0,0.55280871,0.875601429,0,0
21ur-5516,UCCUGGGAUCAUAUAAAAAAA,15.10546311,670.0041571,46.40687572,51.02112921,0
21ur-14996,UCGUUGCUUUUGCUUCUUUGC,0,0,0.125085918,0,0
21ur-11734,UACUACUCCUGUGUUUUGUAA,1.888182888,39.24941845,37.58831848,2.634893997,0.205364504
21ur-4166,UGAUUCAUACUCCACCAUCAA,2.697404126,55.28087105,152.7299064,1.317446999,0
21ur-10063,UUCAUACUCCACCAUCAAAAG,0.269740413,12.71460034,101.6948517,0.718607454,0
21ur-10153,UAUCUUUAAAUAUCACCUUUU,0.539480825,0,17.38694266,0.359303727,0
21ur-14673,UGUUGCAAAAAAAGGUAAAUU,0,0,0.875601429,0,0
21ur-13811,UUUUUAAAAAGACUUCCGCAA,0,0,0.125085918,0,0
21ur-11722,UAGUAAACAUCGUGAGCUACG,0,0,0,0,0
21ur-15531,UAAACCAAGGAAUGUAGAAAU,0,0,0,0,0
21ur-10687,UGACAGUCUUAUCGAUUUUGG,45.31638932,3.869660973,1.876288776,156.536657,341.8634447
21ur-10492,GAGUUUUUCUCGUCGAUCGAA,18.07260765,4.422469684,2.626804286,36.1699085,162.2379583
21ur-12331,UCGAAAAGACGCCUGUGCUUU,0,0,0.75051551,0,0
21ur-13675,UAAAAAAACUGAUACUGAGGC,0,0,0.500343674,0,0
21ur-15033,UCCUUGUGGAUUCAUGGAAAA,0.269740413,0,0,0.119767909,0
21ur-9839,UGUGACCUCUAACUUCAGAGC,0,0,0.125085918,0,0
21ur-15144,UCAAACCCCCCACAACUGACA,0,0.55280871,0.875601429,0,0
21ur-11655,UCAUCAAAGUAGAAAUCUGGA,0,0,0,0,0
21ur-13802,UUUUUAUCUAUCGACUCGGUG,0,0,0.125085918,0,0
21ur-14649,UGUUUUUCCAUUGAAAUGACA,4.855327427,1.105617421,0.625429592,3.593037269,0.684548347
21ur-12641,UUUUGAGAAAUUGUAAAAAGU,0,0,0,0,0
21ur-15153,UCAAAAAAAAAACGUUUUGCC,0,0,0,0,0
21ur-14803,UGCUGGACGAUGGAAAUUUUG,0,0.55280871,0,0,0
21ur-15425,UAAUGUUUCUGGAUUGAGGAA,0,0,0.250171837,0,0