21ur-13871,UUUUCCUUUCUGUGCUUAACA,0.269740413,0,2.376632449,0.299419772,0.068454835
21ur-15118,UCACAAUUGCUUUAUUUUGAC,0,0,0.250171837,0,0
21ur-6763,UUCGUAUAGAAUAUAAAUAAA,0.269740413,5.528087105,6.129210001,0.119767909,0
21ur-10138,UAUUGGCGUUAACAUUAGCUU,0,0,2.251546531,1.437214907,0
21ur-9957,UAAGGUUUUCAUUUUCAGAUU,0.809221238,3.316852263,5.003436736,3.113965633,0
21ur-13332,UCUACCAGUGUUAAAAAUUCU,0,0,0.250171837,0,0.136909669
21ur-5687,UGUCAAUAAAAGAAAUUCAGA,0,2.764043552,12.38350592,0.359303727,0
21ur-7921,UCACAAACUGGCUUACAUGUU,0,0,0.375257755,0.119767909,0
21ur-5837,UUGAAAGAGGAGAGUAAUGAU,0.539480825,17.68987874,25.64261327,1.676750725,0
21ur-7121,UGAAAACCGAGUUUCUAACAA,0,1.658426131,3.12714796,0.359303727,0
21ur-14730,UGUAGCUGUAGAUACUUUGAC,0,0,0.125085918,0.119767909,0
21ur-8081,UGAAACCUCAAUUUUAUAAGA,0,3.316852263,10.25704531,0.239535818,0
21ur-15483,UAAGACCAAAAAAUCUUCGGU,0,0,0.125085918,0,0
21ur-8547,UGGAAUCUCAAUUUUAUAAGA,0,0,0.125085918,0.119767909,0
21ur-14864,UGAUAUACAAGCAUUUUCCAU,0,0,0.625429592,0,0
21ur-10614,UUAUUCAUAUUCUAGAUGAUU,0,0,0,0,0
21ur-12989,UUCCAAAUAGUAAGAUAAGAG,0,0,0.875601429,0,0
21ur-13779,UUUUUCUUCGUUCAACCAUUU,0,0,0.75051551,0.119767909,0
21ur-9423,UUCGACAAUUUUCAAAUUUAA,0,0.55280871,2.126460613,0,0
21ur-9047,UAUCAAAGUAAAACGUUCCUG,0,0,0.625429592,0.119767909,0
21ur-7445,UUUCAAAUCGUAAGCUCAAGU,0.269740413,0.55280871,13.00893551,1.796518634,0
21ur-5622,UACGUGUGUCGAGGGUUGUGA,25.08585837,82.92130657,117.3305915,40.36178532,0.547638678
21ur-10538,UUUCCUUUCUGUGCUUAACAU,0,7.739321947,5.503780409,0.299419772,0.068454835
21ur-9156,UCUCAAAUAAUUUCAAGUUCC,0,3.316852263,3.752577552,0.119767909,0
21ur-9858,UGCACAUCCCAUUCUAACUUU,0,0,1.626116939,0,0
21ur-12612,UUUUUGGUCAACCAUCUGAUU,0,0,0.125085918,0,0
21ur-14954,UCUGUUGAAAACCGAGUUUCU,0,0,0.500343674,0,0
21ur-8989,UUAGAUCAAAGUAUAGUCCUA,0,0,0,0,0
21ur-10119,UCCUUGAUUCAAGCACACAAA,0,0,0,0.119767909,0
21ur-9485,UCAAUGCUUUCAUUCCAAAAC,0,0,0.500343674,0,0
21ur-14873,UGAGUCAAAAGUGAGUACGGU,0,0,0,0,0
21ur-12328,UCGAGUUAGCGACCCUACAAA,0,0,0.250171837,0,0
21ur-15670,AGUAAAACUGAUAUGAAAAAA,0,0,0,0,0
21ur-14231,UUGAUUUCUAAUGUCGAAAUU,0,0,0.125085918,0,0
21ur-13981,UUUGAAAAUGCAAGAGUGACC,0,0,0.125085918,0,0
21ur-15261,UAUCUAUCUGUCUGUAUUUGC,0,0,0,0,0
21ur-13270,UGACAAAUUGGAAUUGGCUCA,0,0,0.125085918,0,0
21ur-12218,UGGUUUUGGAUAUCUCUGUCC,0,0,0.375257755,0,0
21ur-14152,UUGUGCUGACUGAGUUAUACG,0,0.55280871,1.751202857,0,0
21ur-14461,UUAUUUUAGAAGCCAAUUUAG,0,0,0,0,0
21ur-8560,UCUUGUCUUAAACGUUCUCCU,0,0,1.125773266,0.359303727,0
21ur-7722,UAGUUUAACGUCUUCCCGGGA,0,0,1.125773266,0.119767909,0
21ur-12138,UUAAUAGUUUAACGUCUUCCC,0,0,0.250171837,0,0
21ur-11931,UUUCAAAAUCCCAUGCACUUU,0,0,1.000687347,0,0
21ur-11840,UUUUGGAUUGAUUUGUGCUAC,0,0,0.125085918,0.059883954,0
21ur-11263,UAACUGUGGUUCAACUGCCAA,0.269740413,0.55280871,1.876288776,0,0
21ur-11182,UAUUCUUGUCUUAAACGUUCU,0,0,0.125085918,0.119767909,0
21ur-10161,UAGUUAUUUUAGAAGCCAAUU,0.269740413,5.528087105,5.628866328,0.479071636,0
21ur-7103,UCAGAAAAUUGCUAUGAAUAU,0,1.658426131,1.250859184,0,0
21ur-9870,UGAAGCUAAUUUAUAUCUCAA,0,0.55280871,0,0,0