21ur-1397,UUGCCAGUGAAAUUUUGAUAC,0,2.211234842,1.876288776,0,0.136909669
21ur-4342,UUUACCUAAAGAGAUUAGUAA,0.134870206,7.739321947,13.82199398,1.676750725,0
21ur-1732,UAUUCCUAGUGUCCCCACAAC,0.269740413,12.71460034,21.13952021,0.479071636,0
21ur-3447,UACAUCCGAGCCAAUUUUGAA,0.809221238,15.47864389,16.76151306,0.359303727,0
21ur-2874,UUGAGGAUCUGCCAGAGGUAA,0.539480825,24.87639197,9.006186124,0.958143272,0
21ur-3130,UAUUUUGAAGCUAUGUUUCAG,0,3.316852263,0.375257755,0.119767909,0.136909669
21ur-5335,UAUUCGAAUGUACAUUUCAUC,1.07896165,15.47864389,19.63848919,4.55118054,0.136909669
21ur-1217,UAUCAUCAGGUUGAAGAUUUG,3.371755158,11.60898292,57.7896943,20.1210087,1.026822521
21ur-867,UCAUAAUGAGAGCUGAUCGAU,1.888182888,1.658426131,36.0247445,5.928511493,0
21ur-575,UGUGCCGAUUGAAUAUUUAUU,0,43.67188813,2.814433164,0.059883954,0
21ur-617,UUCUAGCCCGGCUUUGCUUAA,1.888182888,8.568535013,18.01237225,0.838375363,0.068454835
21ur-1538,UGGUACAUGAUUUUCCAAAUA,1.07896165,18.05841788,16.69897011,1.377330953,0.068454835
21ur-19,UAAUUCUUCUUUCUUGGUAAU,5.799418871,86.79096755,96.566329,10.77911181,0.136909669
21ur-2775,UCUAAUUGGUUUUGUCUUUAU,0.539480825,23.21796584,43.78007144,2.155822361,0
21ur-5366,UACGAUCUUCCUUCAAUGUGU,7.148120934,73.79996285,335.2302613,32.0977996,0.273819339
21ur-4607,UUCUGAUUCUCCUCCCAUAGU,0,0.55280871,1.250859184,0,0
21ur-638,UCUUUUCGUUCCUCUAUCUAA,8.631693204,234.943702,108.3244053,24.0733497,0.958367686
21ur-3532,UCGGAAAAGUGUAGAAGUUUC,11.59883774,532.9075969,696.9161943,18.32449007,0
21ur-3627,UAUUACGACUCAACGACUAAC,7.889907069,72.83254761,129.5890115,20.83961616,0.581866095
21ur-1267,UAGGAACGAAAUGAACAAAAU,9.710654854,228.8628061,182.1250972,10.30004017,0.410729008
21ur-5129,UAGUCACGUAAAGUUUUUUUU,9.980395267,24.87639197,54.03711674,8.0244499,0.684548347
21ur-1449,UGCCACAACAGCUCAGGGAAA,3.236884951,156.7212694,184.4391867,21.61810757,0.342274174
21ur-4446,UUUAUUGUGCCGAUUGAAUAU,0.539480825,39.80222716,18.32508704,1.856402589,0
21ur-609,UGAAUCAGAACAAUGGUACCC,23.06280528,1437.026243,690.0364688,70.18399465,0.821458017
21ur-3361,UGGUUAGCUAAAUCCACAAUU,0.269740413,2.764043552,11.13264674,1.437214907,0
21ur-519,UCCAACCAAAACAAUUUGUAU,1.07896165,3.869660973,25.76769919,1.018027226,0.068454835
21ur-1543,UGCUAAUAAAUGUAAAUAGUG,0,0.55280871,0.125085918,0.119767909,0
21ur-749,UGAUAAAGGCAGAAUUUUAUC,0.269740413,18.70336137,1.938831735,1.377330953,0
21ur-4753,UAUCAACAUGGUUUUUCCAGU,5.394808252,5.528087105,10.50721714,5.269787994,0.136909669
21ur-3105,UUCUUCUUUCAAUUGAUUUAC,19.69105012,249.5931328,114.5787012,40.00248159,0.684548347
21ur-5316,UGGAUCGUCAUUUGGUGGUAG,0.539480825,0,0.062542959,1.257563044,0.045636556
21ur-3956,UGCAAAACAUGUCCCGGAAUU,2.157923301,40.90784458,91.43780634,2.634893997,0.136909669
21ur-2038,UAAGGAUUGCGCAAAUCUACC,1.348702063,4.975278394,2.876976123,2.634893997,0
21ur-2880,UCAGUCUAGAAGAAUUUUGAA,0.809221238,9.950556789,18.76288776,1.916286543,0
21ur-3925,UAACUUUAACUUGCUCAGAAA,22.65819466,484.2604304,175.9958872,78.44798037,0.273819339
21ur-4113,UCAACAUCCUCGAUGGAGUAG,0.269740413,0,4.565636021,0,0
21ur-4677,UACCGUUGCUGCCGAUGGAAA,4.855327427,18.24268745,39.77732205,1.916286543,0
21ur-1045,UCACAUAGCAGAAUCAACCUC,0,0,0,0,0
21ur-4970,UACAUUCGGGAUUGUUGGUAA,14.29624187,47.5415491,148.4769851,23.11520643,0
21ur-5445,UGAUAGUACAGUGCGUGCAAC,0.539480825,7.186513236,2.876976123,0.239535818,0
21ur-3992,UAUAAGAAACCUGUCCACUCA,2.967144539,149.8111605,70.42337205,22.7559027,1.232187025
21ur-570,UACGACUCAACGACUAACUUC,0.472045722,0.691010888,11.75807633,0.53895559,0.034227417
21ur-4702,UUAAAGUUUAAUAUACAAUUA,11.46396754,458.8312297,86.99725624,5.569207766,0.273819339
21ur-2617,UGCUUUAUUUAUCAUUGAUUC,1.07896165,40.35503587,44.03024327,2.994197724,0.273819339
21ur-3800,UGAUGUAGAGAUUCCAGUUCC,2.832274332,34.68874658,19.35704587,6.048279402,0.51341126
21ur-2125,UUCUGAGGGUUUUGCAAUUGC,2.157923301,14.92583518,29.70790562,1.73663468,0
21ur-3624,UUCAGCAAUAUUGUGAUCUAU,3.776365777,9.121343723,22.57800827,3.233733542,0
21ur-3715,UAGAUUGAGUGAAUCGAAAAC,8.496822997,81.26288044,103.5711404,10.89887971,0
21ur-5317,UCGAAUCAAUUUUUUUGUUCU,1.07896165,23.77077455,9.506529798,5.389555903,0
21ur-4649,UAGGAAUUGUGUUCACCAACG,2.157923301,71.58872801,220.714103,17.96518634,0