21ur-11310,UUUUGAAAAGUCAGAUUUGCA,0,0,0.375257755,0,0
21ur-10554,UUUACAAAUAAAAUGUAGGUU,0,4.975278394,4.127835307,0.119767909,0
21ur-8113,UUUUCGACCUGAAUGUUUGGU,0,0.55280871,4.378007144,0.359303727,0
21ur-9986,UUUUCUCCGAGAAUCUGCGAG,0,0,0.125085918,0.119767909,0
21ur-8577,UAUUUACUCCUUGGGUUAUCU,0,1.658426131,4.62817898,0.718607454,0
21ur-11844,UUUUGAUUUAUAUACGGAGUA,1.348702063,2.211234842,11.38281857,3.47326936,0.273819339
21ur-8273,UUCUUUUUUUUGUAUGCAAGU,1.07896165,45.33031426,67.67148185,10.30004017,0.273819339
21ur-8080,UGACACACCAGUUCUAAAAAA,0.269740413,3.869660973,1.125773266,0.119767909,0
21ur-8032,UAUUUAGUUUUUUGUGGAACA,0.269740413,3.316852263,2.626804286,1.19767909,0
21ur-13495,UAUUACUUGAAUAAUUGCAUU,0,0,0.875601429,0,0
21ur-9652,UCGUAACUCCACUCAAACAUU,0,0,0.75051551,0.119767909,0
21ur-10813,UAAAUAUAAAAAAACGGAAUA,0.809221238,8.292130657,9.756701634,0,0
21ur-11774,UAACAAAUCUUCAACUUACUU,0.269740413,0,5.628866328,0.239535818,0
21ur-11466,UUCAAAUCGGGUCAUAUCUUC,0,1.105617421,8.005498777,0.598839545,0
21ur-12213,UGUACUUGCUUUUUUCACUUU,0.269740413,1.105617421,5.628866328,0.479071636,0
21ur-12608,UUUUUUCAUUGGAUUGUCGUA,0,1.658426131,0.500343674,0.479071636,0.136909669
21ur-14671,UGUUGCUAAAAAUGUCUGGAU,0,0,0,0.239535818,0
21ur-12675,UUUUACUGCAUGGUUUGCAUU,0,0,0.625429592,0.119767909,0
21ur-10048,UUGAGCAUUGAACAGUCUACA,0,0,0.125085918,0,0.068454835
21ur-15244,UAUGGUUUUGAAAUCUAAAGA,0,0,0,0,0
21ur-5970,UUUCCAAAAUGUGCCAUGGAU,7.552731553,84.57973271,79.80481593,1.796518634,0
21ur-12193,UGUGCCUUUUUUUAAGGAUAU,0.269740413,1.105617421,0.625429592,0,0
21ur-14698,UGUGGUUUUUAAUCCCGUAUA,0,0,0.375257755,0.119767909,0
21ur-11352,UUUCUCUCAUAUUACUAAUAA,0.269740413,2.211234842,1.000687347,0.479071636,0
21ur-8835,UUCUCCGAUAUUAUGCAUGUA,1.348702063,1.658426131,3.627491633,1.676750725,0.410729008
21ur-12318,UCUCGUUUCAUUAGCUUCUUU,0.809221238,0.55280871,12.63367776,2.036054452,0
21ur-8748,UGUUACGGUUUCCCAGAUUUC,0,0,1.000687347,0,0
21ur-13333,UCUACAUUGUGAUCAAUCAGA,0,0.55280871,0.250171837,0,0
21ur-13123,UGUUUGGGUUCCUGAUCUUCU,0,0,0.125085918,0.119767909,0
21ur-8630,UUCUUCCACUCAUGGCAUUUU,0,0.55280871,36.65017409,2.994197724,0
21ur-5528,UGUUCGAAUUUUCGAAUUGGU,0.809221238,14.92583518,5.378694491,0,0.136909669
21ur-5500,UCUGUCAAGCAUUUGUUUGAA,1.07896165,24.32358326,43.15464184,7.305842446,0
21ur-6450,UUUUUUUUCAAGCGGAGUGUC,0.269740413,21.006731,13.75945102,2.395358179,0.136909669
21ur-6510,UGAUUCUCCGAUAUUAUGCAU,0.539480825,40.35503587,31.77182327,4.910484267,0.273819339
21ur-9487,UAUUUUUUCGGUUCCAUUUUC,0.269740413,12.43819599,14.88522429,2.395358179,0
21ur-5756,UUGGGCCCAAAAAUUGUCUUU,1.07896165,86.23815884,40.90309531,0.958143272,0
21ur-15162,UAUUUUAGAUCAGUAAAAAAU,0,3.316852263,1.000687347,0.119767909,0
21ur-7980,UAAGAUUUUAGUUCCCUGGCA,0,1.658426131,10.00687347,0.479071636,0.136909669
21ur-14558,UUACUGUCAAGUCUAUUUAUC,0,0,0.500343674,0.119767909,0
21ur-13220,UGCAUUAGUGUUUAAAACAGU,0,0,1.751202857,0,0
21ur-13601,UAAUUUUGAACAAAACUUUUG,0,0.55280871,0,0,0
21ur-7159,UCCUGUCUUUUCUUGUAUUUC,0.269740413,0,4.002749388,2.754661906,0
21ur-7111,UUGUUAAUUUUUGGCAAUGGG,1.07896165,6.080895815,18.51271592,0.479071636,0
21ur-7262,UGAACAAGAAAAAUAUGGGUU,0.539480825,12.71460034,15.44811092,0.479071636,0.136909669
21ur-13815,UUUUGUGUGAUUUCAGUUCUU,0,1.105617421,1.375945102,0.119767909,0
21ur-7248,UUUGAAAAGUCAGAUUUGCAU,0,0,4.127835307,0.119767909,0
21ur-9358,UAAACUGCCUACCUCAGAUAA,2.167556887,128.9886991,67.1804038,1.205663617,0.142386056
21ur-6883,UUCUCCUUGACUUCAAUUUGG,0,0,3.002062041,0.119767909,0
21ur-10783,UACUACGUGGGGUCUCGUUUU,0,4.975278394,4.127835307,0.119767909,0
21ur-11296,UUUUUUAAUCCAAUAAAUGUG,0.269740413,2.211234842,1.876288776,0.479071636,0