21ur-13948,UUUGCGGCAAAACUCUAUGUC,0,0,0.125085918,0,0
21ur-6666,UUUGAAUAAUCUGUCGCUGCU,0,3.869660973,11.25773266,0.479071636,0
21ur-6167,UCUACGACGAGACGCAUUUUC,0.269740413,4.975278394,87.93540063,4.311644722,0
21ur-13290,UGAAAAUCUAAAAAUUUUUGU,0,0,0,0,0
21ur-10569,UUGGUGUAGAUUGCCUAGCUU,0,0,0.187628878,0,0
21ur-6923,UGUGUAGGGGUGUGUUAGAUU,3.506625364,67.44266268,45.03093062,2.874429815,0.273819339
21ur-8396,UAGUUUCAUCACAUCUAUAGA,0,0,2.626804286,0.239535818,0
21ur-15518,UAAAUAACAGUUUAGAAUUUU,0.269740413,1.658426131,1.125773266,1.676750725,0
21ur-15329,UAGGUACUGAACUUGUCCGAA,0,0,0.125085918,0.958143272,0
21ur-7928,UAUCCAUAACGUCGCCUUCCG,0.539480825,6.633704526,2.876976123,1.077911181,0
21ur-7555,UGAUUCUAUUUGUAUUUUGAU,1.348702063,58.59772331,26.01787103,5.150020085,0
21ur-9255,UUGGAGAAAAUGGUUGGAAGU,0,0,0,0.059883954,0
21ur-12868,UUGCGGCAAAACUCUAUGUCA,0,0.55280871,0,0,0
21ur-9515,UACACGCGCAUAAGUUUCUUC,0,0,1.125773266,0,0
21ur-9274,UUAUAUGAAGGAUUAUUUAAA,0.269740413,4.975278394,6.004124083,0.239535818,0.136909669
21ur-12093,UUAUUCUCCAUCUAAGCCAUA,0,0,0.062542959,0,0
21ur-9232,UUUGUUCCCGUCACCGUUUCC,0,2.487639197,2.689347245,0.359303727,0
21ur-13180,UGGGAUCAAAAGUUAUUUUAU,0.269740413,3.316852263,0.75051551,0.119767909,0
21ur-15300,UAGUUGAAGUUAUGGCUAGUU,0.269740413,3.869660973,3.12714796,1.257563044,0
21ur-8678,UCAGUUCGAAGGUUUUUUUUU,0,0.55280871,2.751890205,0,0
21ur-8146,UGUCUCCAUGUCAUUUUCCAU,0,0,0.250171837,0.119767909,0
21ur-8188,UUUUAACAAAUUUCUGAUAGA,0.269740413,10.77976985,40.90309531,3.712805178,0
21ur-10451,UAGUGUCUGACUUUAACUUUU,0,2.211234842,1.125773266,0.359303727,0
21ur-9338,UAGGUACUGAACUUGUCUGAA,0,1.658426131,1.501031021,0.838375363,0
21ur-11429,UUCUGGGAUUAUUUUGAAUUU,0,0,0,0.119767909,0.136909669
21ur-13507,UAUGGUUCCAUGGCGGCAAUU,0,0,0,0,0
21ur-13262,UGACUUGAAUUAUUUUCUUGG,0,0,0,0,0
21ur-15342,UAGAGCGUAUGAUUCAAGGUC,0,0,0,0,0
21ur-15102,UCAGAGGAAAUGGAACACGAC,0,0,0,0,0
21ur-15242,UAUGUACUACUACUCACGGUG,0,0,0.125085918,0,0
21ur-15622,CGAUACUAAAUCCGAUAAAAA,0,0,0,0,0
21ur-11702,UAUGGAAACAGUACUGAAGUC,0,0,0,0,0
21ur-13217,UGCCAGAAACCAGAAAAAACU,0,0,0,0,0
21ur-527,UGGGGUCAUCUUACUUUGAAG,20.77001177,578.5143155,81.55601879,27.30708324,0.273819339
21ur-5176,UUCAGUUGGUAAAAUUGAAAA,15.10546311,789.4108386,191.6941699,24.79195715,0.136909669
21ur-1922,UCCGCCUUUUGCUAAUAUAGC,0,0.55280871,0.75051551,0,0
21ur-3911,UCGAAAUUUCUUUUUGCUUCA,5.12506784,20.45392229,22.20275051,11.37795135,0.136909669
21ur-1220,UGCAACAAUUGUGCGUUUAAA,0,3.869660973,6.629553675,0.359303727,0
21ur-250,UCACACUUUUGGUAGUAGAAU,1.07896165,18.79549616,9.631615716,5.030252176,0
21ur-13,UACUAUUCCAUUUAAUCAUUG,0.539480825,0,10.8824749,0.359303727,0
21ur-2944,UGCUUUGAUCAAUUCCCGAUA,2.697404126,292.4358079,138.7828265,31.13965633,0.821458017
21ur-885,UACAAUGCGGAAAAAAAUACU,0,6.633704526,4.753264899,0.119767909,0
21ur-1651,UAGUGCUUUGAUCAAUUCCCG,0,1.105617421,1.000687347,0.119767909,0.273819339
21ur-3094,UGUUCAGCUUGUUAACUGUGA,0.269740413,3.316852263,1.250859184,0.119767909,0
21ur-4030,UAUAUCAAGACCAGCCGCUGC,0,0,15.6357398,0.359303727,0
21ur-5446,UAUAUACAAGAACCCAAACUA,2.967144539,11.60898292,15.26048204,1.916286543,0.136909669
21ur-2328,UUCAAGCAAACGUUGCAUGAU,3.236884951,38.55840756,55.28797593,23.05532247,0.068454835
21ur-29,UCGUAAUUAAUUCAAAAUAAU,0,3.316852263,1.876288776,0.598839545,0.136909669
21ur-926,UGGUGGUUUGAUAGAAGGAAC,8.901433616,108.903316,27.59186883,13.49385108,0
21ur-558,UUCCUUCUAUCAAACCACCAA,2.787317597,65.87637133,148.9981765,7.844798037,0.319455895