21ur-5019,UAUGUCCUGUAACUGAAACCA,4.810370692,66.61344961,93.56426696,8.623289445,0.273819339
21ur-1301,UGCAUUGUUGCCCCACCGGAA,0.539480825,26.5348181,34.64879939,0.598839545,0
21ur-346,UGUAAGAUGACAUUUCGAGAA,3.506625364,24.32358326,17.26185674,1.077911181,0
21ur-3021,UGAACUAAACUUAUGAAAUAU,0.269740413,2.764043552,3.87766347,0.239535818,0
21ur-3628,UCGGAAGCUAAACUCUGCUUG,0.134870206,0,0.562886633,0.179651863,0.068454835
21ur-4191,UUCACAGGUAAGACGAUGGAC,0.269740413,6.633704526,10.63230306,1.077911181,0
21ur-4500,UCCAUGCAUUUACAUUUGAAU,0.269740413,50.58199701,44.03024327,2.515126088,0
21ur-2494,UAUUUUGCUCAUUUGACUAAA,1.348702063,13.82021776,7.567698063,4.072108904,0
21ur-2697,UGGGUUUAAUCAAUAUUUCUA,0.269740413,27.64043552,0.500343674,0.958143272,0
21ur-5000,UUGAGCGAUCGUUAGGAGUAG,9.980395267,6.633704526,489.2110268,6.28781522,0
21ur-1515,UAUCAAUUUUUCGAACACAUU,3.236884951,41.73705764,35.64948674,5.449439857,0
21ur-2238,UAUGGCAAUUAUUAUGGCAAG,0.269740413,1.658426131,2.876976123,0.119767909,0
21ur-2671,UAGAAACUGAUCUCUGAAAGU,0.539480825,1.105617421,6.379381838,3.712805178,0
21ur-1675,UAAUGUUUGUUCAGCUUUUAA,15.64494393,150.0875649,84.18282308,26.58847579,0.410729008
21ur-4220,UAUAUAAUAUAUAAUAUAUAA,0.269740413,113.8785944,3.752577552,0.239535818,0
21ur-4875,UGGCCCUUGAAUCUAUAUGAA,0.539480825,48.09435781,12.50859184,1.676750725,0
21ur-3159,UAUUGCGUUUGCCGUAUUCAU,0.269740413,0.55280871,3.252233878,0.119767909,0.136909669
21ur-1667,UUAUGAUGAGAUGAUUUUGGG,0.809221238,9.950556789,11.25773266,1.317446999,0
21ur-5327,UUCUUUGUCAACUUUCAUGUA,0.539480825,1.658426131,2.501718368,0.479071636,0
21ur-3358,UCCAUGUUUUUUUUUUCGGAA,11.68875121,279.4140916,42.77938409,69.10608347,0.410729008
21ur-2498,UUCGUUGGACAAAUUAUAAGG,2.427663714,27.08762681,94.5649543,20.1210087,0
21ur-309,UGUUGUUGUCGAAAGUGUACU,7.148120934,71.58872801,82.43162022,8.263985718,0.136909669
21ur-600,UCCAUCGUGAUAAUCAAAUUA,2.832274332,32.33930956,16.63642715,5.928511493,1.369096695
21ur-2742,UAGGAAAGGGGACUGCAUUGU,1.888182888,50.30559266,15.13539613,2.155822361,0.136909669
21ur-4819,UAAAAAUGUAGAAUGAGAAUG,4.585587014,84.026924,201.6385004,13.65354162,0.136909669
21ur-907,UGUAAUUCGAGAAGUGCGUUU,0.269740413,8.844939368,9.256357961,0,0
21ur-4450,UUUCAAACUUGUGCCUUUGAA,13.21728022,233.8380845,53.91203083,5.688975675,0.136909669
21ur-3708,UGACAAUGUAGCGUUAGCAAU,11.05935692,130.73926,468.2591355,47.42809195,0.479183843
21ur-5142,UCUUUUGGAUGUAGGCUUAUG,1.888182888,68.5482801,72.04948899,7.066306628,0.273819339
21ur-2437,UAUAAUACUGCUUCCUUCUGU,1.348702063,1.658426131,8.505842451,1.437214907,0.136909669
21ur-3746,UAAAGUGCACGAUUUAUGAAU,2.427663714,281.656038,11.88316225,4.371528677,0.273819339
21ur-713,UAUUGUAGCCUCUAUCAUCAC,0.809221238,38.69660973,26.01787103,1.556982816,0
21ur-1504,UUAUUGGAACUUUAUGUCCCC,1.618442476,14.37302647,16.26116939,2.155822361,0
21ur-4096,UAUUAAGUCCUGUAACUGAAA,0.809221238,16.30785696,8.693471328,0.958143272,0
21ur-4991,UGGUUCGACGCUUCUAUUCUC,1.618442476,34.82694876,3.12714796,1.676750725,0
21ur-2062,UGAUCCUUUUGCAAUUGACGA,17.39825661,115.8134248,251.7354108,47.54785986,0.889912852
21ur-1831,UUAAGUCCUGUAACUGAAACC,0,1.934830487,1.313402143,0.119767909,0.068454835
21ur-1964,UGAUUUAUGAUUUUUGGGUGU,0.809221238,11.60898292,15.01031021,1.676750725,0
21ur-1670,UAAAAUACGUUGGUUGAAUAA,15.37520352,414.0537242,341.734729,22.51636688,0.821458017
21ur-5329,UACGGAGAUUGAACAAAAAAU,28.32274332,471.8222344,400.4625677,18.62390984,0.136909669
21ur-901,UUCCUUACAUGCACUUGAAUA,0,3.316852263,4.503093062,0.359303727,0
21ur-1096,UAUGGAGUUUUCAAUAUAAUA,0.539480825,6.080895815,0.500343674,0.239535818,0
21ur-3596,UGGCAAUUUUUUUCCAUUGGU,0.269740413,1.658426131,2.501718368,0,0.136909669
21ur-1115,UUCCAGCAGUUACUAGAAAUG,0.809221238,24.87639197,23.01580898,2.395358179,0.273819339
21ur-3125,UGGGACCGUCUCUUCAUUUUC,1.888182888,13.26740905,12.75876368,4.910484267,0
21ur-1196,UGCUAUCCGCUUUAACAAUGA,0.539480825,7.739321947,48.40825042,1.317446999,0
21ur-4573,UAUGAUUCCAUUUCGUCCUCA,7.013250728,24.32358326,87.93540063,22.39659897,0.684548347
21ur-3193,UACUUGUGAAAUAUUUGCCUU,0.269740413,12.71460034,31.39656552,0.239535818,0
21ur-399,UUUACAGAAGGACAAACAGAG,0.539480825,10.5033655,14.13470878,0.598839545,0
21ur-4272,UUAAUUCAUUUGAGUUUCGAG,7.013250728,23.77077455,37.52577552,16.52797144,0.273819339