21ur-13867,UUUUCGUGGAACAAACACACU,0.539480825,0,0.500343674,0.239535818,0
21ur-7422,UGCUGAUUCCUUUAUAAUCCU,0.539480825,1.658426131,0.375257755,0.119767909,0
21ur-9281,UUAAUGUGAAUGAAAAAAAAA,1.618442476,30.03593994,8.630928369,0.359303727,0
21ur-8576,UAUUUUUCAAGAAGGUGAACU,4.180976396,43.39548377,4.440550103,1.73663468,0.136909669
21ur-5653,UAUAAGAACUCAUAAAAAUAG,3.102014745,71.31232365,69.79794246,0.598839545,0.684548347
21ur-10333,UGUAUAUUAAUGGUGUAAGAA,1.348702063,56.93929718,48.78350817,1.19767909,0.068454835
21ur-8028,UCAGAUCUUGGUUUUUUCAUU,0.269740413,1.658426131,3.12714796,0.119767909,0
21ur-5824,UGUAAGAAACAUUGUAUAAAA,0.809221238,16.0314526,9.631615716,0.598839545,0
21ur-6092,UGCAAAGAUUUUAUUAAAAUC,0,6.633704526,1.375945102,0.239535818,0
21ur-5634,UUCGACUGCAGUUUACUCGCU,0.269740413,4.698874039,22.95326602,0.718607454,0
21ur-13683,GUCAAAAAAGAGUAGAAGGAA,0,0,0,0.239535818,0.547638678
21ur-11691,UAUUAUUUCUCGUACUCAAAA,0.269740413,0.55280871,0.250171837,0.119767909,0
21ur-6648,UUCUCGUAUAACAGAAAAAAA,1.348702063,64.12581042,15.6357398,1.796518634,0
21ur-11783,UAAAAUAAAUAUGCAAAUAUU,0,0.55280871,0.125085918,0,0
21ur-7467,UCUCAUUAAGAAACAAAACAA,0,1.105617421,2.001374694,0,0
21ur-15319,UAGUAUUUUUCCUCUUGUUUC,0,0,0,0,0
21ur-10281,UUCCGUUGUUGAUGAUUAUAA,3.102014745,146.4943083,50.40962511,2.754661906,0.273819339
21ur-7937,GAAGAGCGAUUUAUUUGGUUA,0,0,1.501031021,0.239535818,0.684548347
21ur-10676,UGCCACAGUCGGUUAUUUUAU,0,0,4.503093062,0,0
21ur-9144,UGCUGGUUGCAUUUUUUUUUA,0.269740413,3.316852263,0.375257755,0,0
21ur-12734,UUUCUUUCUAGCUUCAAACAU,0.899134709,9.766287219,17.366095,0.918220635,0.045636556
21ur-12058,UUCCUUAUGAGUAAAAAAACC,0,0,0.250171837,0.119767909,0
21ur-12584,AGCGACGUCUUUUUGUAAUCC,0,0,0,0,0
21ur-13416,UCAGAACUGUUCCGAUGGUGA,0,0,0,0.119767909,0
21ur-9523,UAAGAAACUACAGUCAAAAAU,0.539480825,35.37975747,8.255670614,0.598839545,0.136909669
21ur-6475,UAUUUACUCACUGGAAAAUUG,2.697404126,27.08762681,45.28110246,5.030252176,0.684548347
21ur-14339,UUCGUUGUUUUCUUCAGGUAG,0,0.55280871,1.000687347,0.119767909,0
21ur-5617,UCUCAAGGAGAAUUCAAUUUC,0.539480825,1.105617421,0.375257755,0.119767909,0
21ur-10564,UUGUUAUUGUGUUCUUUAUCC,0.134870206,6.633704526,9.381443879,0.239535818,0
21ur-11598,UGACUUUCUUAUAAUUUGCCC,0,5.528087105,8.630928369,0.838375363,0
21ur-14140,UUGUUCAAAAAUAGGAAAUGA,0.269740413,0,0.625429592,0,0
21ur-8187,UUUUCAAUGAAUUAGAAAGAA,0.269740413,5.528087105,6.19175296,0.239535818,0
21ur-10304,UUAGCGACAGUUUUUUAAAGC,0.269740413,0.55280871,0,0,0
21ur-14997,UCGUUGCAUUUCCUUCUAGGU,0,4.422469684,3.252233878,0.718607454,0
21ur-13753,UUUUUUGCCACAAAAAGAGAA,0,0.276404355,0.625429592,0,0
21ur-8097,UAGAACAACGUUUUUUUACGU,0,2.211234842,0.125085918,0.119767909,0
21ur-6797,UGAUGAGUAAUUGAUAAAUGA,5.664548665,67.71906704,34.08591276,4.01222495,0.547638678
21ur-12537,UAAAUUUACUUUAUGACGAUU,0.134870206,4.146065329,1.501031021,0.359303727,0
21ur-12899,UUGAGACCGAUUAGAAUUGAA,0,0,1.313402143,0,0
21ur-9732,UUUUUUUUUAAGUCAAAAAAG,0,2.764043552,1.375945102,0.239535818,0
21ur-9050,UAUAAAAUACAGAUUUCAGUG,1.07896165,33.16852263,24.51684,6.467467084,0.684548347
21ur-6769,UGUUUAUUUUAGAACAAAUUU,0,4.975278394,1.125773266,0.119767909,0
21ur-7662,UCGUUCAGUCGAAUGAAUUUC,0.404610619,2.211234842,3.252233878,1.077911181,0
21ur-6326,UACUGCCAGUCCUCUCCAAAU,0.269740413,37.0381836,12.63367776,0.359303727,0.136909669
21ur-13037,UUAUCUGAUCGACAUUGAUUG,0,0,0,0,0
21ur-8291,UGUACUGAUAUAUAAAAUUGG,0.539480825,0,2.501718368,0,0
21ur-11694,UAUUAUCUGAUCGACAUUGAU,0.269740413,0,0.75051551,0.119767909,0
21ur-10804,UAAUAAUGUGAAACAGGCAUU,0,0.55280871,0.875601429,0,0
21ur-5817,UAUGGUUUUUUUUUAAUAAGU,25.6927743,609.9691312,90.06186124,26.46870788,0.410729008
21ur-10733,UCAUGUUUCCAUUAAGAUUUU,0,1.658426131,0.375257755,0.119767909,0