21ur-2474,UGCCACUCGUCUACAAUUUUU,5.394808252,161.9729522,415.1601631,9.581432716,0.273819339
21ur-3178,UAAUUCUAAUGGGUUUUUGCA,0.269740413,7.186513236,7.630241022,1.077911181,0
21ur-1493,UGGAAAAUGCAAUUUGGUAAU,11.05935692,103.9280376,85.93402593,15.68959607,0.684548347
21ur-4932,UAUGACUUUGAUAGCUUUCAA,0.539480825,4.975278394,4.002749388,0.119767909,0
21ur-788,UACCAGGCUUUUAAAGACAUC,0,0,7.129897348,0.119767909,0
21ur-798,UGGAUUUAGCAAGAAACCGAG,4.855327427,81.26288044,2.001374694,14.97098862,0
21ur-3562,UAAUUUAAUGGUAUUGUAAUA,11.46396754,489.7885175,228.344344,14.01284535,0.136909669
21ur-4733,UGCAAUAAGUCUCUCUUACUG,0.539480825,29.29886166,2.876976123,0.479071636,0
21ur-627,UGUCAAGAGUUGUUCACAAAU,1.07896165,4.975278394,6.004124083,0.239535818,0
21ur-2219,UCGUCAAUUCAUACCUUGUUA,0.269740413,0,8.881100206,0.239535818,0
21ur-2155,UACACGACUCAUGUACUGAUU,2.697404126,43.11907942,50.28453919,1.437214907,0
21ur-4543,UUGGAGCAACUUCGGUUUUAA,1.888182888,17.96628309,5.879038164,2.335474225,0
21ur-5033,UGCGAGUUUUUAACUUUUAGA,1.888182888,7.186513236,16.26116939,1.077911181,0.136909669
21ur-4961,UAGUCGUAAUCGUAUGUUUCA,0,0,0.500343674,0.359303727,0
21ur-451,UAAUUGAAUUUAAAUAUAAUU,0.809221238,67.44266268,8.193127655,2.27559027,0
21ur-5387,UCUGUACAACUUUCGACUCAA,4.315846602,49.19997523,25.39244143,15.21052444,0.136909669
21ur-4196,UAAAGGCUUGAAUCAACAACU,0.269740413,1.934830487,2.001374694,0.119767909,0.136909669
21ur-3798,UAUGAUUUCAUCAGAUGGUUC,2.157923301,36.76177925,16.26116939,16.7076233,0.273819339
21ur-3998,UCACAAUAUAAAUACAAUUGU,0.539480825,7.739321947,2.126460613,0,0
21ur-2528,UACUAACAUAUUAAAUGUCAU,5.664548665,101.163994,84.30790899,3.712805178,0.136909669
21ur-4545,UAGUAGAUACUAUAGUAGAAG,0.809221238,3.316852263,5.253608572,0.838375363,0
21ur-3079,UAUUCGGAGGAUUCAGCCUGC,0.269740413,0,2.626804286,0.958143272,0
21ur-2675,UCCGUUGUUGAUGAUUAUAAA,229.6839613,6159.947461,2730.625598,168.0343763,1.369096695
21ur-1698,UGUACUCAUUCCGCAAUUUUC,2.967144539,17.13707003,139.9711427,3.47326936,0.273819339
21ur-4389,UUACACCUUGAAUUCAGCAUU,0.539480825,21.006731,11.13264674,0.958143272,0
21ur-4231,UAUUCUGACAAGCUAUGCCCG,0.809221238,1.934830487,4.065292348,1.976170498,0
21ur-1058,UGGUUUUCAGUUUCAAAUCAU,0.539480825,24.32358326,1.751202857,6.707002901,0
21ur-1511,UGAAUAAUAGAAAAUGCUGGC,3.371755158,151.4695867,275.5017353,9.341896899,0.342274174
21ur-2071,UGAGUAAUUGAUAAAUGAGAG,39.38210024,397.7458672,194.8213179,39.463526,0.273819339
21ur-192,UACAAAGUUGCUUCAAUGUGA,25.35559879,147.3235213,466.3203038,33.89431823,0.136909669
21ur-711,UCCAGUAGCCUUGAUUAUCGG,0,20.45392229,69.92302838,10.77911181,0.273819339
21ur-3522,UGUACCUUUGUAGAUUGCUUU,13.75676104,127.1460034,750.1819479,75.81308637,3.080467563
21ur-5225,UCCAACUAACUUUUUACGAAU,0.809221238,33.72133134,25.76769919,0.359303727,0
21ur-74,UUCUCAGAAUUCCAGAUGUGU,11.05935692,500.5682874,303.9900532,16.22855166,0.479183843
21ur-2124,UGGUCGUGGAUAUGUCGGAAC,0,1.105617421,4.127835307,3.593037269,0
21ur-3541,UCCACCAAACAUGAUAGAACU,0.269740413,17.41347438,28.95739011,1.437214907,0
21ur-1060,UAGUUUCGUGACAUUACCGUC,0.809221238,0.55280871,6.129210001,0.598839545,0
21ur-4112,UGAGUAUGGAUUUUAUACCAA,0.809221238,44.22469684,12.13333408,0.598839545,0
21ur-513,UUCUGCAUUUCCGAGAAAAUC,0.269740413,0,2.376632449,0.718607454,0
21ur-4938,UAAACGAUCCUUCAAAUGUGA,0.809221238,1.658426131,11.13264674,1.556982816,0
21ur-3192,UAAUGACGUUCUGUUUUUUUC,0.539480825,1.105617421,2.626804286,1.077911181,0
21ur-55,UGCCAUUUUCCAUCAAUGAUC,0.269740413,1.658426131,0.81305847,0,0.068454835
21ur-4060,UGUACACACACCUGACAAUCA,0,3.869660973,4.62817898,0.359303727,0.136909669
21ur-1859,UAAUUUCCCAUUUUUUAGAUA,18.07260765,151.4695867,79.5546441,20.83961616,0
21ur-2583,UGAUUACGUUGAUCGACUAGU,0,1.658426131,1.250859184,0.119767909,0.136909669
21ur-4417,UAUGGUACGAACCUUCUUUUG,0,1.105617421,3.752577552,0.239535818,0
21ur-3944,UGCUCGCAUGAUAUAAUUGAU,0.539480825,28.74605295,37.15051776,1.437214907,0
21ur-4806,UAUACAGUCCGUUUGUGAAAA,0,1.105617421,1.313402143,0.119767909,0
21ur-3477,UCAAUUUUCCGGUGGCGAUUC,0.269740413,8.292130657,12.00824817,0.479071636,0
21ur-132,UCCAUAAAAUUCUAAAUAUUU,0.539480825,11.60898292,4.127835307,1.077911181,0