21ur-9491,UAUUCUCUUUUGAAAAAAUUG,0,8.292130657,0.375257755,0,0
21ur-8341,UUUCAUACCGUUGGAAAAAUU,0,1.658426131,1.751202857,0.958143272,0
21ur-13954,UUUGCAAGUCGAAAAUGUGCA,0,1.658426131,0.875601429,0,0
21ur-15007,UCGGUAAACAUGCUGUAGAAA,0,0,0,1.018027226,0
21ur-11990,UUGGAGUCUAUUUCCGUAAAU,0.269740413,0,0.062542959,0.239535818,0
21ur-11010,UUAUCUUUCUUGGAAGUUCAG,0,0,0.125085918,0,0
21ur-10896,UUUCAUGAGUUUCUGGAUUGA,0,0.55280871,0.125085918,0.059883954,0.068454835
21ur-9975,UUUUUUUUCUUGUUGUGCCUU,0.539480825,2.211234842,1.876288776,0.479071636,0
21ur-10422,UAUUCGCGAAUAUAAAAACUU,0,0,0.187628878,0,0
21ur-12988,UUCCAACAAAUGUUGUUUUUU,0.809221238,7.739321947,4.940893776,2.095938407,0
21ur-9988,UUUUCCAAAUUGUGCAUUAUU,6.473769903,176.622383,132.2470872,7.425610355,0
21ur-8326,UAAAUUUCUUUUCUAGGUUUC,2.967144539,100.0583766,115.9546463,63.23745593,0.410729008
21ur-15286,UAUAAUCAUCAUUUCAAUUUU,1.416137166,13.45167862,11.96655286,2.036054452,0
21ur-6066,UUUUUGUAAAAAACUGAGAUU,1.348702063,18.24268745,6.879725511,1.317446999,0
21ur-8096,UAGCUCUUUUUUCUGCAAGUU,0.269740413,0.55280871,1.375945102,0.359303727,0
21ur-9767,UUUAAGUAUCCAAUUAAAAGA,1.888182888,25.98200939,16.63642715,2.155822361,0
21ur-6267,UAUGUAGUCCUUUUUAUACAA,1.618442476,49.75278394,37.4006896,2.515126088,0
21ur-6148,UUCUUUUUGUUCGGAUUUCUG,0.269740413,0,4.878350817,1.676750725,0
21ur-8973,UUCCUUCGAAAACCCCUCACU,0,0,0.250171837,0,0
21ur-11190,UAUUAUCGUUGCAAAUACGAG,0.539480825,0.55280871,1.626116939,0.359303727,0
21ur-14631,UUAAAUAUCGAGUUCUUGAGA,0,0,0.875601429,0.179651863,0
21ur-7859,UAUCAUUGGUAAAAAAUGUUC,0,3.869660973,2.001374694,0,0
21ur-7955,UGUUUUAUGGAGUUUUAUGAA,2.697404126,40.90784458,18.63780184,1.856402589,0.136909669
21ur-7451,UUCUUUCAAAAUUCCGAUCAC,2.697404126,28.19324424,82.55670614,4.970368222,0
21ur-10040,UUGGCUUCUAAAUUUGAUGUC,0.134870206,2.487639197,1.876288776,0,0
21ur-12009,UUGAUCCCGUUGUUUAUAUUG,0,0.921347851,1.063230306,0.179651863,0
21ur-13006,UUCAAUUAGUAAACUGGUAGA,0.269740413,3.869660973,4.62817898,0.119767909,0
21ur-14034,UUUCAUACAAUGGGUCUUUUG,0.269740413,12.57639816,18.01237225,2.335474225,0.273819339
21ur-7325,UUCAUUCCAAAGUGAAAAGGU,0.809221238,3.316852263,7.129897348,0.179651863,0
21ur-6313,UAAAGUUCAAUUUCAAGAAAA,22.52332445,290.7773817,189.0673656,21.4384557,0.410729008
21ur-5765,UUGUUCUGAUAAAAAAGCGAA,3.236884951,50.30559266,39.90240797,7.425610355,0.136909669
21ur-10732,UCAUUAAGUUCGAUGCUCGUU,0,0,3.377319797,0.119767909,0.136909669
21ur-6514,UCGCGAAUAUAAAAACUUCAA,0.269740413,2.764043552,2.001374694,0.479071636,0
21ur-7878,UUUGAUUUUUUUUCCGGUGUU,16.99364599,1353.552128,319.2192637,33.56495648,0.410729008
21ur-15232,UAUUACAAGUUUGAUUUUGUA,0,0.829213066,0.125085918,0,0
21ur-13084,UUAAUUUGAAGUUACCUAAUA,0,0.55280871,0.500343674,0,0
21ur-7343,UCAUAUGGUAGAAAAAAGCAU,0.539480825,2.395504412,1.042382653,0.598839545,0.045636556
21ur-11852,UUUUGAAAGUAUUUAGAAACU,0.539480825,0.276404355,0.81305847,0,0
21ur-8328,UUUUUUUAGUCAGAAAACUGU,0.269740413,2.764043552,8.005498777,0.838375363,0
21ur-10366,UCUUUCUUUGCUUUUUUAAGU,0.539480825,1.105617421,3.940206429,0.359303727,0
21ur-7988,UUUUGGUCUUUUUAUCAAACG,0,7.739321947,1.250859184,0.479071636,0
21ur-8936,UUUUCCUUUCUUCGUACCCAG,0,1.105617421,11.13264674,1.317446999,0
21ur-13294,UGAAAAACGGGUUUGUUUUUG,0,0,0.625429592,0.119767909,0
21ur-8111,UUUUGCAGUUGCAAUGUUUGU,2.967144539,1.105617421,6.504467756,4.790716358,0.547638678
21ur-7027,UAAGAAACUUUUUCGAGAGUU,0.539480825,20.17751793,5.065979695,0.479071636,0
21ur-7659,UCUGGGAGACGGAGAAUAAGA,2.292793507,19.90111358,3.189690919,1.19767909,0
21ur-14183,UUGGUCCUGUUCUUAACUUAU,0,6.080895815,0.875601429,0,0
21ur-13401,UCAUUCCUCUCCGUUUGUUAU,0.539480825,0.829213066,8.881100206,1.437214907,0
21ur-8357,UUCAUGCGGAUUUUUCGUUAA,1.618442476,11.05617421,5.879038164,5.74885963,0.136909669
21ur-9194,UAAUUCAGUGAAACUGUUAAA,1.888182888,32.06290521,7.880412859,2.515126088,0