21ur-5719,UACAAAAUCGAUUGAAGUUCU,0.809221238,105.033655,275.8144501,23.53439411,0.273819339
21ur-8400,UACGGCAAAUAAAUUGUUUUU,0,1.658426131,2.501718368,0.479071636,0.136909669
21ur-9149,UGAUACUGAUCCUAAGGUCAA,0.269740413,0,1.000687347,0.479071636,0
21ur-12069,UUCAUCUUCACUAUAUACAAA,0.539480825,5.528087105,15.13539613,2.27559027,0
21ur-9420,UUCGGCAAUGUUUCGAAAAGU,0,0,0.562886633,0,0
21ur-5618,UCAGCUAUGAAUUAAAAAUGA,1.07896165,8.844939368,49.90928144,0.718607454,0
21ur-15419,UAAUUCCAUAUAAUAUUUAUU,0.539480825,0.55280871,2.220275051,0.119767909,0
21ur-12458,UAGGAUAUCAGAAUUCAUUUU,0.134870206,0,0.625429592,0.119767909,0
21ur-15701,AAAAAAUGAAAUAAGUGUGGU,0,0,0.250171837,0,0
21ur-9430,UUAUUGAUUUGAUUACAACAA,2.427663714,8.844939368,2.063917653,0.598839545,0
21ur-13738,UUUUUUUUGUUUUUUUUGGAA,0,1.105617421,0.250171837,0.119767909,0
21ur-5488,UUGGUGCCUAUUGCUAGAAUC,0.134870206,18.24268745,0.250171837,0.119767909,0
21ur-6922,UGUUAUUGUUUCCAGCUUUGA,3.506625364,76.84041076,100.5690784,5.389555903,0.136909669
21ur-13765,UUUUUUACCUGACGUUCUCCA,0.269740413,0.55280871,1.000687347,0.119767909,0
21ur-5858,UACUAGAGAAGUAGAAGUCAU,2.157923301,4.422469684,5.128522654,0.958143272,0
21ur-7566,UCAUUAGUCAUUGUAGAAUCC,0,0,3.377319797,0.598839545,0.136909669
21ur-10537,UUUCGGUAACAUCAGACAAUU,0,0.55280871,2.626804286,0.359303727,0
21ur-5878,UAGGAUAUAGAAUGAAUCAUU,0,11.60898292,6.504467756,0.119767909,0
21ur-15166,UAUUUUAACUCAGUCUAACUC,0.809221238,0.55280871,7.254983267,0.239535818,0
21ur-12953,UUCUAUAGAAAAACGGUCAAA,0.539480825,13.82021776,6.004124083,0.239535818,0.136909669
21ur-6952,UUACUUUUCCGCUGUUUUCAA,1.348702063,6.633704526,11.63299041,0.718607454,0
21ur-8314,UCAGGAACACGCAUUGAUAAC,0,3.316852263,2.751890205,0.239535818,0
21ur-11471,UUAUUUUGAUGUCCUUCUUUA,3.236884951,97.01792869,5.316151532,2.575010043,0.410729008
21ur-11769,UAAGGAAUGCUUUCUCAAGAA,0,1.105617421,0,0.239535818,0
21ur-8205,UUAUUUGAUGAAAACUUUGCA,1.348702063,13.26740905,7.817869899,1.077911181,0.136909669
21ur-6225,GAAAAAGAGAUGCAGAGAAAA,0.809221238,1.658426131,0.75051551,0.479071636,1.095277356
21ur-10220,UUUUAAUGCAAAUGGUUGUUG,0,0.737078281,1.438488061,0.598839545,0
21ur-8047,UUUUGCUUUGCGAUUUUAAAU,2.967144539,10.5033655,6.004124083,0.359303727,0.136909669
21ur-7156,UCUUAGCAAUAUGAAAAAACA,0,3.316852263,9.381443879,0.119767909,0
21ur-10033,UUGUGUGCGAAUGUCAUAACU,0,1.934830487,42.90447001,4.611064495,0.479183843
21ur-13760,UUUUUUCCGAGGAACAUUAAA,0,0.55280871,0.125085918,0,0
21ur-7341,UCCAUGAGAGGAAAUUAGAAA,0.944091444,13.54381341,11.75807633,1.018027226,0
21ur-9849,UGGAUUGUUUUUUUUUUGAUU,0,5.528087105,0,0.479071636,0
21ur-11937,UUUAUUUAGCAAUCGUUCUAC,0,0,4.252921225,0.718607454,0
21ur-15473,UAAGUUUGUAUUUGACAAACU,0,2.764043552,0.625429592,0,0
21ur-15303,UAGUUCUAUAUCGAAUGACGU,0,0.276404355,0.125085918,0,0
21ur-13474,UAUUCUCAAGAUAACUUAUGA,0,0,0.500343674,0,0
21ur-11291,UUUUUUGGUAAUAUAAUAUCA,1.753312682,31.78650085,3.87766347,1.317446999,0
21ur-6980,UAAGUUACAAUUGGUAACCGA,0,9.950556789,3.502405715,0.479071636,0
21ur-13643,UAAGAACUGCAUGUAUGUUAU,0.269740413,0.55280871,0.500343674,0.479071636,0
21ur-15056,UCCCAGUGGAUCUGUUUAUAU,0.269740413,0,0.875601429,0.479071636,0.136909669
21ur-6285,GAAAUUAUGAAAUAUACAAUU,0,4.422469684,0.125085918,0.119767909,0
21ur-11349,UUUGAAAAACGAAUCAAAGAA,0,0,0.125085918,0,0.136909669
21ur-14283,UUGAAAGAAGGUCAAGUGGGA,0,1.105617421,0.500343674,0.119767909,0
21ur-15543,UAAAACGUAUUGAAACUGUAU,0,0,0.125085918,0.119767909,0.136909669
21ur-12037,UUCUGAAAAUUGAAAAACGUA,0.539480825,0,2.626804286,0.359303727,0
21ur-9264,UUCCUUCGGAAAUUUUUUUAU,3.506625364,22.94156149,32.6474247,4.55118054,0.136909669
21ur-9769,UUUAAAAAACAAUUAACUGUU,0,2.764043552,0.375257755,0,0
21ur-6442,UAUAUGAAUUGUUUUAGGAGA,2.697404126,8.844939368,13.88453694,2.155822361,0
21ur-6217,UACGUUGAAAUCAAUUAUUUU,0.809221238,17.68987874,24.89209776,1.317446999,0