21ur-1699,UCGUCAGCUUCUAUAAAUAAA,3.911235983,1.105617421,176.9965745,2.515126088,0
21ur-861,UUUGGUGAUAGUCUGCGUAAU,0.269740413,0.55280871,1.876288776,0,0
21ur-3201,UCGGAGUGGCGUUUUGUUGAC,0.269740413,0.55280871,13.13402143,1.437214907,0
21ur-4760,UGAAACAAAAUUUAAAAAAAG,1.888182888,101.4798847,109.2625497,1.077911181,0
21ur-5058,UCGUAAUCGUAUGUUUCAACU,3.236884951,26.5348181,71.17388756,23.83381388,0.136909669
21ur-811,UCUAUGCUUCCUUUUAGCAAU,1.888182888,24.87639197,22.01512164,5.150020085,0
21ur-3154,UAGUCAAUGCCCAUGCCCAGC,0,6.080895815,36.77526001,0.119767909,0
21ur-1380,UGAAGCGUAUUUAAGAUUGUU,0.269740413,8.292130657,8.005498777,0.958143272,0
21ur-2050,UUCUCUCAAUCUCGUUUGUAA,2.697404126,12.71460034,28.33196052,5.569207766,0
21ur-2233,UGUGCUGUGAUUUUGUGUGCU,25.89507961,497.8042438,656.5759856,32.0977996,4.518019092
21ur-2606,UCUCUUUUUGUGGCAAAAAAA,7.822471966,204.5392229,48.97113705,9.461664807,0
21ur-3558,UGUAUUAUUACUUAACCACUC,0.809221238,59.42693638,55.91340552,2.395358179,0
21ur-4910,UGCCAUUUGUUUCAGAUUAAU,27.24378167,1009.981514,161.4859206,96.05386298,0.273819339
21ur-2458,UCUAAAUCCCACAGGUGAUUC,1.348702063,17.68987874,29.8955345,3.353501451,0
21ur-2326,UUAUACAGUCCGUUUGUGAAA,1.07896165,6.633704526,14.57250949,1.437214907,0.136909669
21ur-3266,UACGUUAAGUGAAUAAUCCCG,0.539480825,1.105617421,100.5690784,2.754661906,0
21ur-4817,UGGGUGAAUUCUGUCCCGAAC,11.32909733,226.0987626,81.30584695,18.56402589,1.095277356
21ur-613,UUUGUUCAUAUAACACAGAAA,6.743510315,76.28760205,54.66254634,9.880852489,0
21ur-2157,UGUGUAUGUCGUCCCAAAAAA,14.56598228,186.8493441,283.8199488,36.28967641,1.095277356
21ur-2560,UCACAUGCUUGGACUCGAUAG,2.427663714,39.80222716,39.33952133,3.533153314,0.068454835
21ur-2549,UAAAUCCAUACCAGUAGGACA,4.585587014,7.186513236,1068.358829,21.07915198,0.136909669
21ur-3511,UACCAGAUCUUGAACGUUUCU,11.86857816,9.259545901,319.5945215,17.24657889,0.273819339
21ur-3575,UAUCUGUAGACCUCCAAUUUG,0.539480825,1.105617421,7.00481143,0.958143272,0.273819339
21ur-3955,UACGAAUGUGUUUUUCUUUUU,3.776365777,97.84714176,86.43436961,6.227931266,0.273819339
21ur-3147,UUUUCCAAUGGCCUUUUGAUG,1.07896165,75.73479334,75.30172287,5.74885963,0.136909669
21ur-3059,UUCAACGUGUAUGUUCGGGUU,1.348702063,4.698874039,19.63848919,3.772689132,0
21ur-4698,UACGAUCGUUGGGGGUGAGAA,10.25013568,33.16852263,193.6330017,11.61748717,0
21ur-5349,UGGUAUCCGACAAAAAAUUGU,0.809221238,128.2516208,13.9470799,0.359303727,0
21ur-1286,UUUGAGGUGUUAUCAGAAAGU,0,0.55280871,2.31408949,0,0
21ur-4893,UCUCAAUUGGAUAGCAUAACA,16.72390558,330.5796089,274.4385049,20.24077661,0.136909669
21ur-3969,UAUUACCAAUUCGUCAUGUUU,1.07896165,4.422469684,35.77457266,5.269787994,0
21ur-1486,UCUAUGAACGGUAGCCAAACU,25.35559879,768.9569163,252.0481256,25.86986833,0.547638678
21ur-3728,UAUUUCGCAUUACGCAGAAAA,2.427663714,47.5415491,27.64398796,5.629091721,0
21ur-476,UGACAAUAGGUGCAAGGUAUC,0.269740413,2.487639197,1.438488061,0.059883954,0
21ur-1853,UAAUGAAAUAAAUUGGUCAAG,0,0.55280871,2.876976123,0.239535818,0
21ur-4258,UGGAUUUUAAUUAGAAUAAUU,8.361952791,255.950433,8.505842451,2.634893997,0.273819339
21ur-1011,UCGGUGAAUUAAUUCGGUGUC,1.618442476,28.74605295,48.53333634,1.916286543,0
21ur-5336,UGAGGUAUCUUGAUGUUUUGU,4.855327427,88.44939368,39.02680654,1.556982816,0
21ur-2139,UACAAACUUGUAAUCGCUAUC,8.631693204,110.0089334,2504.72043,25.63033252,1.232187025
21ur-1901,UGAAACAACAGUUAAAUACUU,0.269740413,14.37302647,2.001374694,0.718607454,0.547638678
21ur-1916,UCAAGAAUACAUUUAAACUGG,0.269740413,0.55280871,0.875601429,0.239535818,0
21ur-4226,UCUUUGGAUCUUAUUCUUGGA,0,0,0,0,0
21ur-4344,UGAAACGUUGCAUAAAAACAG,8.631693204,170.2650828,258.4275074,9.341896899,0.136909669
21ur-3698,UCGAAUGCAUUCUUAGGUACA,2.427663714,12.16179163,41.77869674,7.186074537,0.136909669
21ur-2991,UUGAUGUGACGAAAACUGACG,0.539480825,14.92583518,5.316151532,0,0
21ur-269,UGUUUGCGUUGUUGUACAUAU,0.809221238,3.316852263,5.753952246,1.19767909,0
21ur-3739,UCACAUUAAUCAAAGCCAGUA,0.809221238,3.593256618,197.5732081,1.077911181,0.136909669
21ur-4011,UCGUACGCUUAAACUUGCAAA,5.664548665,9.397748078,180.4989802,20.48031243,0
21ur-467,UGUGAACAGAUAGUCAACAUU,3.326798422,41.73705764,48.22062154,6.467467084,0
21ur-252,UAAUUUCGCUAUUUCAGAGCG,0,0,0,0.119767909,0