21ur-7812,UCAGCGAAUUCAGAGAAAAAC,0.809221238,1.658426131,5.003436736,0.958143272,0
21ur-10856,UUUUCUCAAUCGUCAGUAUUU,0.269740413,0,71.29897348,0.598839545,0
21ur-13964,UUUGAUCAGAGUAUGAAUAUU,0,3.593256618,0,0,0
21ur-7732,UUUUUUCUAUUUCUGUAACAA,4.855327427,53.62244492,46.65704756,21.55822361,0.684548347
21ur-7560,UCUUUCAAAUUUCCCCGCUUC,0.269740413,22.11234842,38.52646286,0.119767909,0
21ur-12602,UUUUUUGUAAGAAGUUUGAAC,0,2.211234842,1.125773266,0.479071636,0
21ur-10431,UAUUAAGUUUGAAAGAUUUGA,0.539480825,9.674152434,14.13470878,1.916286543,0
21ur-10827,GAAGUGGAAGAGUAAUGAAGA,0,0,0,0,0
21ur-11397,UUGGAUCUUUCAAAUUUUUUU,1.07896165,11.60898292,0.250171837,4.191876813,0.410729008
21ur-9413,UUGAAUUAAAAACACAGUUGC,0,1.105617421,1.876288776,0,0
21ur-14569,UUACGAUGAGUGACUUCACAU,0,0.829213066,0.062542959,0,0.068454835
21ur-9265,UUCCACCUUUGUCCAUGAGUA,0,2.211234842,1.375945102,0.239535818,0
21ur-7020,UGAGUCCCAAUUAAGUAAUGU,1.618442476,42.56627071,125.711348,3.952340996,0
21ur-9321,UCAGUUUUCCUUUUUUUUACA,0.539480825,0,1.626116939,0,0
21ur-10443,UAUAGAAUGAAUGAAACAGAA,0.269740413,0,0.500343674,0.119767909,0
21ur-15083,UCAUCUCUGGGCCAAACUUUC,0.134870206,5.25168275,2.251546531,0.239535818,0
21ur-9073,UUUUUCUCAAUCGUCAGUAUU,1.07896165,0,62.29278736,0.598839545,0.136909669
21ur-7538,UUGCAGCAUUCGGACAGAAAC,0.269740413,1.105617421,13.44673623,2.874429815,0
21ur-5739,UUUACAUGUUGAAUUGCGGGU,0.809221238,25.42920068,24.89209776,3.593037269,0
21ur-13708,CAGUAAAAAAUGGUCAGUAAU,0,12.71460034,4.815807858,0.119767909,0.136909669
21ur-13533,UAGUGCGAUUGAUGACAUUGC,0,0,0.500343674,0,0
21ur-7631,UUCUUCGUUUUCAAAAAAUAC,4.585587014,49.19997523,102.9457108,6.82677081,0.684548347
21ur-10408,UAUUUCGUAGCUUAAUACAUA,0.539480825,7.739321947,16.13608347,0.239535818,0
21ur-10150,UAUGUGGGUAAAUCCAGCACU,0.269740413,0.55280871,0.375257755,0,0
21ur-9130,UUAAUAAAAAAUAAAAUUUAU,0.539480825,39.24941845,9.965178165,0.718607454,0
21ur-13610,UAAUGCUGCCUUGAAACACUU,1.348702063,37.31458796,19.63848919,0.359303727,0.136909669
21ur-9647,UCUGACGGACAAGAUGGAAAU,0,2.211234842,19.51340327,1.556982816,0
21ur-9397,UUUACGAAAAGUUGUUAUUUU,0,2.211234842,2.376632449,0,0
21ur-5630,UUCAUCCCGGAUAAGAACAUC,3.506625364,196.7999009,209.1436555,3.593037269,0.136909669
21ur-8211,UUAGAAGCUUUUUUUGGGUUU,2.697404126,69.65389752,9.193815002,0.958143272,0.273819339
21ur-6526,UUGAAAACAUAGUUUCAGAUA,0,4.975278394,12.13333408,0.958143272,0
21ur-9560,UUUCUUAUUCAAAAAUUCAAA,1.348702063,26.57430444,8.505842451,1.077911181,0
21ur-7792,UUCUUAAAAAAGAAUUUCAAG,0,8.844939368,2.251546531,0,0
21ur-9968,UAAAAAAUGGUCAGUAAUAAC,2.157923301,32.06290521,38.58900582,0.359303727,0
21ur-9104,UUGAUCAGAGUAUGAAUAUUU,0,5.25168275,1.375945102,0.359303727,0
21ur-10376,UCGUAAAAAAGAAUUUCAAGA,0,0,2.501718368,0.119767909,0
21ur-12934,UUCUUAAUUUUUAUCCGCAGC,0,3.316852263,12.75876368,0.239535818,0
21ur-8325,UAAUUGAAUUAAAAACACAGU,0.539480825,1.105617421,2.626804286,0.119767909,0
21ur-12463,UAGAUUAUCAGUCAUUUUUCA,0.809221238,2.211234842,1.626116939,0.119767909,0
21ur-6110,UCUUAAAAAAGAAUUUCAAGA,1.618442476,50.30559266,32.27216694,1.556982816,0
21ur-10283,UUCCAUGGUUAAUAACGCAAA,0,6.910108881,1.626116939,0.239535818,0
21ur-7438,UAAGCUUGCGCUCCACCUUUU,1.888182888,28.19324424,713.3649926,0.958143272,0
21ur-11741,UACAGCAUAUGAAAACAAAAA,1.07896165,9.397748078,2.876976123,0,0
21ur-5606,UGGAUUGAAUGCUUCAGAAUU,0.539480825,13.26740905,0.875601429,1.437214907,0.136909669
21ur-8457,UCUUUCUUUGUAACCCAUUAA,2.967144539,49.75278394,47.03230531,8.144217809,0
21ur-13674,UAAAAAUAAAAGAUUUUGGGU,0,0,0.875601429,0,0.136909669
21ur-8639,UUCAUAUGAAAAUUGGUUGAC,0.269740413,9.950556789,19.51340327,0.239535818,0
21ur-8227,UGAAGCUGCAGAGAUGAAUCU,0,1.658426131,0.125085918,0,0
21ur-12992,UUCAUUUUGAAAUUCGAGCCC,0,1.105617421,1.000687347,0.119767909,0
21ur-820,UGGAUUAUCUACCAUAUGUAC,0.269740413,0,0.250171837,0,0