21ur-10267,UUGAAUAUUGUACGUUAUUUU,0.674351032,22.66515713,14.63505245,1.676750725,0.068454835
21ur-14861,UGAUAUGCCUAAGCAUAUGGU,0,0,0.312714796,0.059883954,0.068454835
21ur-11029,UUACCAGUGGUUUUUGGGAUC,0.539480825,8.015726302,9.944330512,2.575010043,0.136909669
21ur-11890,UUUGCUAAUCCAAAAAAACGU,0.269740413,0,4.503093062,0.359303727,0
21ur-6635,UGUUUCAGAUUUAAACAGAUU,0.269740413,20.45392229,4.378007144,3.593037269,0
21ur-14666,UGUUUACUAUGAGCAGCAUCC,0,0,0,0,0.136909669
21ur-13374,UCCUAUCAACUGAGAUACCCA,0,0,0.250171837,0,0
21ur-12439,UAGUUUUGCCCAAACAUAUUU,0,1.658426131,5.378694491,0.359303727,0
21ur-5463,UGUAAUAAUAGUUUUAAAAAA,31.61357636,1781.052924,159.4845459,7.365726401,0
21ur-12120,UUAGAUGGGUCUCGGCGCGAA,0.269740413,0,0.375257755,0,0
21ur-10218,UUUUAGAGAAUUUGACAUUAA,0.539480825,0.55280871,2.251546531,0.718607454,0
21ur-12903,UUGACAUUCGACAUCUUUAAA,0.404610619,6.173030601,8.818557247,0.299419772,0.045636556
21ur-10207,UUUUGGAAUUUUUCGUGACAA,0.404610619,2.211234842,1.125773266,1.497098862,0.068454835
21ur-11792,GACACCGAUAAGAGAACAAAA,0.269740413,0.55280871,1.626116939,0.239535818,0.319455895
21ur-12208,UGUAUUGUAUUCAAGUUCUUG,0,0,0,0.119767909,0
21ur-12856,UUGGAACUUUUUUUGUAGAAA,0.269740413,0,1.000687347,0,0
21ur-12099,UUAUGUUAUGUAUUUGCAGUU,3.64149557,17.41347438,19.26323143,14.13261326,0.136909669
21ur-8123,UUGGCUGAUUAAAUGUUUCAA,0.269740413,9.950556789,5.253608572,0.718607454,0
21ur-8962,UUGCGACACCGAUAAGAGAAC,1.07896165,19.90111358,39.02680654,1.077911181,0.045636556
21ur-14630,UUAAAUCAACUGUUCGAAACA,0,0,0.125085918,0,0
21ur-13192,UGGAGACAUCUGGUAGGUGAU,0,1.013482636,1.084077959,0.179651863,0.136909669
21ur-11606,UGAAAUGGAAACAUGUUUGGA,0.539480825,0,0.625429592,0.359303727,0
21ur-9648,UCUCUCUUUGAUCCACAAAAC,0,0,5.003436736,0.838375363,0
21ur-8726,UUCUUAUUAGAUAAAAUUUGA,0.269740413,35.37975747,20.01374694,3.832573087,0
21ur-15071,UCAUUGCUUUCAAUUAUAUCA,0,0,0.500343674,0,0
21ur-6179,UAUGUAUUUUUGAACGUCUUU,3.64149557,23.4943702,58.54020981,15.3901763,0
21ur-11643,UCCCCAUUCCGUAGAAAUCAU,0,1.658426131,1.000687347,0,0
21ur-6684,UUUUGUGAAUUUAUCGGAAAG,0.269740413,0,6.25429592,1.317446999,0
21ur-11495,UUACUUAUCAAGUGUUCCAGU,0.809221238,6.080895815,5.503780409,0.479071636,0
21ur-6518,UACAAAAAACAAUUUCUACAA,0.539480825,12.71460034,10.13195939,0.838375363,0
21ur-14567,UUACGUGUUGAGAACUGUUGU,0,0.55280871,1.000687347,0.059883954,0
21ur-10953,UUGACUCAGAAAAAAUUUCAU,0,0.829213066,0.250171837,0.059883954,0.068454835
21ur-10648,UGUGAAUCCAGAGAGUGACAC,0,0,0.500343674,0,0
21ur-9213,UUUUUUUUCAUUCCCGAAGUU,3.776365777,7.739321947,21.51477796,3.353501451,0.136909669
21ur-12974,UUCCUUUAUAUUAAAAUUUUG,1.888182888,0.55280871,0.250171837,0.359303727,0
21ur-7414,UUAUUCAUUGAUAAUAUCAGU,0.809221238,4.975278394,4.753264899,1.19767909,0
21ur-5655,UCUUCUCGUGAAUGUCGCUCU,0.809221238,3.869660973,13.38419327,1.916286543,0.273819339
21ur-8354,UUCGGAUCCAAUAUUUUUUUG,0.539480825,9.674152434,11.88316225,1.556982816,0.136909669
21ur-12796,UUUACCUGUAUUUCUUAAAGU,0,0.55280871,0.625429592,0.119767909,0
21ur-10645,UGUUAACUUACAAGUGUAGCA,0,0.55280871,0.375257755,0.119767909,0
21ur-9178,UAUCUUUUAUUUGUGUGAUUC,0.269740413,2.764043552,3.87766347,0.359303727,0
21ur-14427,UUCACAAUGGCAUGGUGGUAU,0,0,0.375257755,0,0
21ur-10498,CAGAUUACUCUUAUCUCAAGU,0,0,0.375257755,0,0
21ur-13669,UAAAAUCGACUCAAACCACUA,0,0,0,0,0
21ur-7241,UAAUACGUCUGGGCGUUUACU,0,0.55280871,3.377319797,0.119767909,0.136909669
21ur-7854,UCCCAUCUUCAUCAAUAAUUU,0,1.105617421,1.375945102,0,0
21ur-14389,UUCAUUUGCUAAUCCAAAAAA,0,0.55280871,0.500343674,0.239535818,0
21ur-15137,UCAAGAUCUGAGAGUUCUAAU,0,0,0.312714796,0.299419772,0
21ur-7536,UUUAAGAUUGCUUUGAGCGAA,0,3.316852263,1.751202857,0.838375363,0
21ur-8253,UAAUCUUAAAUUAUAGAAAAA,0,6.633704526,5.503780409,0,0