21ur-2083,UGUUACUCGUAAUUUUACACC,0.809221238,18.42695702,54.03711674,2.634893997,0
21ur-4115,UAAUUUUUCGAUCAAUCAAAU,4.248411499,147.4617235,81.43093287,6.82677081,0.136909669
21ur-3563,UAGAUAUAACUAAAUCAAGAA,4.046106189,67.99547139,49.40893776,4.670948449,0
21ur-1143,UAUUAGAAGUUCAUCGGGUGA,2.157923301,13.54381341,19.82611806,3.712805178,0
21ur-1480,UGAACUCCACAUAUCGUUCUC,4.180976396,13.26740905,52.97388644,11.19829949,0.273819339
21ur-2398,UAUCAUCUAGUCAUUGAUUCA,0.539480825,0.55280871,1.876288776,0.958143272,0
21ur-2810,UGCUGGAAUUCCUGUUGCAAU,5.799418871,42.013462,2.918671429,8.483560218,0
21ur-3618,UUCAUAAUGAAACACAAUUGA,5.664548665,65.78423655,152.7299064,7.665146173,0.136909669
21ur-2025,UAUUAAAAAAUUCAAUGACAA,2.697404126,95.63590692,69.92302838,0.479071636,0.136909669
21ur-1763,UGAUUCACUCGUUUGAAGAGA,0,1.105617421,4.878350817,1.077911181,0
21ur-15,UCUGCGAUUGUUAGUUUUGCA,1.618442476,13.54381341,4.503093062,2.515126088,0
21ur-2981,UCAAUAUGUCCAUAAAAUUCA,1.348702063,2.764043552,4.378007144,0,0
21ur-3460,UGCUUUCAACAUUUUUCACAU,6.743510315,131.5684731,64.85704869,9.341896899,0
21ur-3920,UUCGAAGGUCAACAAAAUAUU,132.712283,5139.738986,5851.957063,112.5818344,1.16373219
21ur-1592,UGGAAAGAUCAAAUCUGCCAA,0,4.422469684,2.626804286,0,0
21ur-394,UAUGUUUUUGCAUACGUGUAC,0.539480825,24.87639197,7.380069185,1.077911181,0
21ur-3872,UGGAAUUCCUGUUGCAAUGCA,10.11526547,114.4314031,11.42451388,9.741123262,0.410729008
21ur-3640,UCAUAACCAGGCAAAAACCAC,0,2.211234842,3.252233878,0.479071636,0
21ur-1002,UUCCCAAUUUCUGCAUGACUG,1.348702063,10.5033655,20.13883286,6.82677081,0.273819339
21ur-3891,UGUUGCGAAAUUUUCAAAGUC,8.092212378,76.01119769,120.1450246,11.73725508,0.547638678
21ur-460,UAAAUACGACUACAAAUUCAA,0.269740413,1.658426131,0.250171837,0,0
21ur-4778,UACCAUUCUAACUCUGUGAAA,1.618442476,7.739321947,23.39106674,2.874429815,0.273819339
21ur-2597,UUUUUGGCCUAUGAUGAUGCA,2.157923301,8.844939368,16.26116939,0.359303727,0
21ur-1961,UGUGCAUCCGUUUGGCAAUAG,5.934289078,80.43366738,651.8227207,14.13261326,0.273819339
21ur-4656,UCCGUUCAUUAAGCCUCGAUC,16.18442476,107.2448898,430.1704733,25.03149297,1.369096695
21ur-5047,UCAGUUCUUCUUCGUGUAAAC,9.440914442,43.67188813,88.81100206,17.24657889,0.136909669
21ur-3296,UCGAUAUUCGAAAUGACAAAC,24.00689672,484.8132391,1090.123779,49.4641464,0.273819339
21ur-1791,UGAUGCCCUUCGUUGUCAUGG,20.63514157,484.2604304,1021.80602,28.86406606,0.730184904
21ur-5124,UAACAAAUCAUCAUGCUAUAA,10.7896165,62.19097993,95.06529798,4.850600313,0.273819339
21ur-2784,UAGAACGAAUUUUUAUCCACU,4.315846602,24.32358326,32.77251062,10.89887971,0
21ur-2103,UGUUCUGAGUUCUAUAUUGGG,0.539480825,0,8.505842451,1.437214907,0.136909669
21ur-2433,UAUGCCCUUCACUGUGUGAAU,9.980395267,57.49210589,207.6426245,2.215706316,0.547638678
21ur-4572,UGACUGUAUUUUGGUUUUUGG,14.83572269,29.85167037,141.7223455,41.08039277,1.369096695
21ur-2116,UGAGUAAAAAUAAUAACCCUU,0.539480825,0,2.626804286,0,0
21ur-5032,UCCAGUAUUUUGUAGAUGGAU,7.552731553,66.33704526,29.14501898,31.61872796,0.273819339
21ur-4964,UCCCAUUCGCAAAUACUAAAA,2.967144539,19.90111358,46.2817898,1.796518634,0
21ur-2545,UGAACUGUGAAGUGACUAGCU,2.427663714,46.43593168,151.6041331,5.150020085,0.410729008
21ur-1568,UGUAUCAAUAUUAUUAUUAAU,5.664548665,248.7639197,68.0467396,2.515126088,0
21ur-326,UCUGCAGUUUUUGAACGCGUC,0.809221238,1.105617421,2.751890205,7.665146173,0.273819339
21ur-13486,UAUUAUCAUCUAGUCAUUGAU,0,0.55280871,0,0,0
21ur-8433,UUGCUGGAAUUCCUGUUGCAA,1.618442476,8.292130657,6.671248981,2.375396861,0
21ur-13468,UAUUGCGCUUUCCCAUCGUGA,0,0,0.75051551,0,0
21ur-15553,UAAAAACUUCUUCCGUCUUUA,0,0,0,0,0
21ur-7774,UAAUACGAAAAAGAAUGUUCU,0.269740413,1.658426131,0.625429592,0.119767909,0
21ur-12538,UAAAUUCUUUUUAUCUAUGUA,0,2.211234842,4.378007144,1.19767909,0
21ur-15309,UAGUGCUCCUCGGCUAUUCCA,0,0,0,0,0
21ur-6421,UUUUCUGUUCAUGGAGACAAU,9.036303823,58.59772331,50.03436736,10.47969203,0.136909669
21ur-12007,UUGAUGUUACUCGUAAUUUUA,0.809221238,90.84489809,3.439862756,0.119767909,0
21ur-8198,UUGUCCAGUUGCGAAAAAGAU,1.483572269,7.739321947,21.07697725,0.778491408,0
21ur-6495,UCCUCUGUCUGUUUUUCCUCG,0.809221238,7.186513236,6.379381838,2.874429815,0