21ur-6604,UAUUGUGGACUUUUCUACAUU,1.07896165,15.47864389,2.001374694,1.556982816,0
21ur-8254,UAAUAAGAGUUUAAACUGUUU,0,12.16179163,1.375945102,0.119767909,0
21ur-5493,UUUGCCGACUGCGUAAAGCUU,4.855327427,128.2516208,237.9134168,0.958143272,0.136909669
21ur-10312,UUAAUAUUCAAUGAUUUAAUG,1.888182888,46.43593168,10.25704531,2.395358179,0.273819339
21ur-14968,UCUGAGUUCUAUAUUGGGAAU,0,3.316852263,0,0,0
21ur-11833,UUUUUACGAACAAUAACAAAA,0.539480825,3.869660973,4.002749388,0.059883954,0
21ur-6350,UUUUUUGACUAUACUCUGUGA,2.427663714,7.739321947,9.131272042,14.13261326,0
21ur-6782,UAAUUUAGUUAUUUUACGACU,2.157923301,84.026924,19.88866102,4.191876813,0.684548347
21ur-11974,UUGUGCUUCUUUCGAAUGAUA,0.269740413,10.04269157,6.108362348,0.419187681,0
21ur-11369,UUUAUGGUUAAUCCAAAACAA,0,0,2.001374694,0.239535818,0
21ur-8745,UGUUGAGUAAAAAUAAUAACC,0.269740413,1.105617421,2.126460613,0,0
21ur-9808,UUCAAUUGAUCCAUUUUUCCU,1.618442476,10.77976985,8.881100206,2.155822361,0
21ur-8408,UAAAUUUGAAGUAAAAUUACU,0,0.55280871,0.125085918,0,0
21ur-10715,UCGAUCUAUAGAUGACAUUCA,0,0,0,0,0
21ur-10016,UUUCGAAAAAAAAGGCGUUCU,0,0.55280871,16.38625531,0.838375363,0
21ur-15228,UAUUACCAGAAAUCUACAAAC,0.134870206,1.382021776,0.500343674,0.119767909,0.136909669
21ur-7361,UUUGUUCCUUGUUUCUUUGUU,1.888182888,15.47864389,46.9072194,15.92913189,0.684548347
21ur-9690,UAUGAUAUCGAAGAGCUUGAG,0,0,1.876288776,0.119767909,0
21ur-10025,UUUAGGAAGACAUAAAUAAUU,0.269740413,4.422469684,3.502405715,0,0
21ur-11043,UUAACAAAUCAUCAUGCUAUA,0.269740413,3.593256618,3.252233878,0.299419772,0
21ur-10659,UGGUUCCUAGGUUUGUACUCG,0,2.764043552,1.375945102,0,0
21ur-15480,UAAGCAAUUGCAGGUAAUAGA,0,0,0,0.718607454,0
21ur-8068,UUACAGCCGUUCCAGCGAAUA,0,0.55280871,16.88659898,0,0
21ur-8566,UCGAUUCAUUUUCAACAAUGG,1.07896165,2.211234842,3.752577552,1.317446999,0
21ur-14284,UUGAAAGAACGGAAGGAUUUG,0.269740413,2.764043552,4.252921225,0.239535818,0.136909669
21ur-12149,UUAAAACGAAGUGAAAUUCAA,0,2.211234842,2.126460613,0.239535818,0.136909669
21ur-14902,UGAAUAAUAAGCAGAUAAACA,0,0,0.625429592,0.359303727,0
21ur-11497,UUAAUUUUGGUGUCGAAAAGU,1.213831857,28.19324424,34.39862756,0.718607454,0
21ur-5900,UUAAAAAAUAUUGUCUAUAAA,17.39825661,852.4310316,341.3594713,20.71984825,0.273819339
21ur-12192,UGUGGACUUUUCUACAUUUUU,0.269740413,2.211234842,1.751202857,1.077911181,0.136909669
21ur-13072,UUACUGGGACUUCCUAAACGG,0,0,0.125085918,0,0
21ur-10211,UUUUCUUGCUGAAAAAGGAAU,0,1.105617421,0.687972551,0.119767909,0
21ur-14071,UUUAUUCUGAAGAUUCCAAUA,0.539480825,0.55280871,0.500343674,0,0
21ur-14354,UUCGAGAUAAAAAAAUGUUUC,0,0,0,0,0
21ur-6027,UCAACUCCCAAUUGUUGAACA,0,8.292130657,10.50721714,0.479071636,0.136909669
21ur-7926,UAUGUUCAAAAAUAUUGUUUC,0.269740413,5.528087105,7.380069185,0.958143272,0
21ur-7090,UUCAGAUAAUUUUUACGAAUU,1.888182888,44.22469684,5.691409287,0,0
21ur-7442,UUUUCAGACUCCUUGCUAUCA,0,1.105617421,1.000687347,0.239535818,0
21ur-8808,UUUUCGUUUGCUUUUGCUUGA,0.269740413,0.55280871,2.564261327,0.658723499,0.136909669
21ur-14495,UUAUGUAGGCUAUAGGAAUUC,0,0.829213066,0.81305847,0.119767909,0
21ur-13742,UUUUUUUUCCAUUAGUUUAUU,1.348702063,18.24268745,14.63505245,9.701200625,0
21ur-8185,UUUUUUAUAGAGAUAUGUCCA,0,4.422469684,7.254983267,0.598839545,0
21ur-5761,UCGAUAUGAUAUCGAAGAGCU,0.539480825,13.82021776,34.14845572,2.754661906,0
21ur-6781,UACUUCGAACAACAAAAAAAU,0,6.633704526,15.51065388,0.958143272,0.273819339
21ur-6889,UUAGGAAGACAUAAAUAAUUG,0.269740413,3.316852263,5.503780409,0.299419772,0
21ur-8738,UUAUCAUAAAUUGGUGAAAAA,4.990197633,90.10781981,18.76288776,0.359303727,0
21ur-12939,UUCUGGAUUUGUUGGUUUUUU,0.269740413,26.5348181,2.501718368,3.233733542,0.136909669
21ur-13917,UUUGUGAUGGACUCUGAAAAU,0.269740413,0,0,0,0
21ur-6131,UUUGUCCCCUGUUUUGUAUUA,5.664548665,201.2223706,73.92577777,3.952340996,0
21ur-7518,UACUCUGUGGGAUAAAAAUUC,0,9.397748078,43.5298996,0.359303727,0