21ur-9035,UCACUAGAGAUGUUAGCUAGA,0,0,1.501031021,0.718607454,0
21ur-6547,UGUUCUGUGGUUUUUCGUUCC,2.697404126,16.58426131,17.76220041,2.874429815,0.273819339
21ur-14469,UUAUUGCGUCAUUUGAUUUUG,0,0,0.375257755,0,0
21ur-6393,UGUGUUAGAUAUUUACGUUAC,0.539480825,4.422469684,7.129897348,0.838375363,0
21ur-7762,UCUACAGCCAGUUUUUACAGA,0,0.55280871,0.875601429,0,0
21ur-11401,UUGCCUCGUAUGAUACCUUUG,0,0.55280871,0.187628878,0,0
21ur-6040,UAGAAUUGGAAUAAUACCCGU,0,0.55280871,2.501718368,0.958143272,0
21ur-8298,UGAAUCCAUUAUUGUUAUUGA,0.539480825,0.55280871,6.129210001,0.359303727,0
21ur-14593,UUAAUUGGUGAAUCGGUCCCG,0,1.105617421,0.125085918,0,0
21ur-13568,UACUGCUAUGCUUUUCUUGAU,0,0,2.063917653,0.119767909,0
21ur-6389,UUUAGGAAUAAUUUUAGGGAU,2.967144539,24.32358326,33.39794021,6.527351038,0.068454835
21ur-9469,UCGUCCUAUGUGUCAAGCAGA,0,0.55280871,5.128522654,0.119767909,0
21ur-14863,UGAUAUCAUUAUUUGGUAAAA,0,0,0,0.119767909,0
21ur-12925,UUGAAAAACUCUCCACAUUGC,0,0,0,0,0
21ur-8543,UGUACUGAAAGGUAUAGUUGC,0,0,0.625429592,0,0
21ur-14191,UUGGGAUAGUUCAACGGAACA,0,0,0,0,0
21ur-14517,UUAUAAGAGAACUCUUAAGAU,0,0.55280871,0.375257755,0,0
21ur-11903,UUUGAAAAACUUCCAUGGCAC,0,3.869660973,1.751202857,0,0
21ur-13407,UCAGUUUUGGGAACACAAAGA,0,0,0.250171837,0,0
21ur-10024,UUUAGUGCGACAGGAACUAUG,0,0,0,0,0
21ur-15485,UAAGAAACGGAGAACAAGGCA,0,0,0,0,0
21ur-12977,UUCCUGGUUUAAGACCUUUUC,3.506625364,0,0.625429592,2.155822361,0.273819339
21ur-14332,UUCUAUUUUUCUUGCUGACGC,0,0,0,0,0
21ur-12348,UCCAAGAUUUUGUUAUUGGGA,0,0,0,0.119767909,0
21ur-15107,UCAGAACUUCAAACUCGUUAG,0,0,0.125085918,0,0
21ur-14173,UUGUAAGUUUAUAAUUUUACG,0,0,0,0,0
21ur-676,UAAUCUGAGUCAACCAUGCUG,0.269740413,0,13.38419327,0.838375363,0
21ur-4832,UGGACUUGCCAUUCAAAUUGC,0,2.211234842,8.005498777,0.119767909,0
21ur-2996,UAUGUACAACCAUAUUGUGCG,0,0,0,0,0
21ur-689,UCUGAGUCAACCAUGCUGGAA,0.809221238,1.105617421,8.130584695,0.718607454,0.136909669
21ur-2425,UAAGCUACCGUUUUCGCUCAA,0,3.869660973,14.2597947,0.119767909,0.136909669
21ur-200,UGCCAAGUAAAUUGAAAUUCA,0,1.658426131,0.125085918,0,0
21ur-5352,UGACGUUGCCUAAAAUUCACA,0,26.5348181,8.255670614,0.239535818,0
21ur-4486,UCGAUUUCGACAUUUUCCUCU,0,0,0.375257755,0,0
21ur-662,UACAUGGUCAUUUUAUUCUGG,1.618442476,14.37302647,22.89072307,3.832573087,0
21ur-2585,UGAUUUUUCCACAUAAUUCCA,4.046106189,32.61571392,24.14158225,5.509323812,0
21ur-5123,UACAUUUCGGUUAUGGUUUUC,3.236884951,114.4314031,138.3450257,19.64193707,0.273819339
21ur-4025,UUGAAUAUGGAAGCUCAUUUU,0.269740413,13.26740905,35.77457266,0.239535818,0
21ur-1597,UCGACGCUUUAAUAACAUAUU,0,1.105617421,5.378694491,0.239535818,0
21ur-12645,UUUUCUUGCAACGUACUUUUA,0.269740413,1.658426131,2.126460613,0,0
21ur-10756,UAUCAUGGCAUUAUUGAAUCU,0,1.658426131,1.000687347,0.119767909,0
21ur-13968,UUUGAUACAUGGUCAUUUUAU,0,0.55280871,0.250171837,0,0
21ur-13676,UAAAAAAACCAAGUUGAUGAA,0,0,0.75051551,0,0
21ur-10009,UUUGAAUAUGGAAGCUCAUUU,0,1.658426131,4.127835307,0,0
21ur-11759,UAAUGCUAAAAUUUUUUACAC,0,0,0.625429592,0,0
21ur-14617,UUAAGCUACCGUUUUCGCUCA,0,0,0.187628878,0,0
21ur-9262,UUCUCUGAGAAUAAUUUGCUA,0.539480825,0,5.753952246,0.239535818,0
21ur-14515,UUAUAAUUGUGUCAAAGGGAC,0,0,0.375257755,0,0
21ur-6283,UCAAAAGAAAAAUGAAUUGAA,0,1.105617421,4.127835307,0,0
21ur-14716,UGUCAUUGCUUGGCCUCCAGA,0,0,0.125085918,0,0