21ur-2901,UCGUUGAAUUGGCUGAAAUAA,8.901433616,134.0561123,90.74983379,27.18731533,0.136909669
21ur-90,UUGGUAUGUGUGAUUCAAACA,3.506625364,61.36176687,65.67010715,3.832573087,0.547638678
21ur-732,GUUAAACAUUCAAUACUCAAA,2.967144539,108.3505073,101.5697657,5.74885963,0.273819339
21ur-5103,UGAAUUGUUACGUAUUGUCUG,0.269740413,2.211234842,5.128522654,0.359303727,0
21ur-1684,UGUUUCAACUCUACGGUGCCU,0,1.658426131,1.000687347,0,0
21ur-1617,AGAUUCUGUUAUUGAAGAAAA,9.710654854,161.4201435,137.7195961,23.71404597,0
21ur-173,AACUAAGUAAAGGGCAUUCAU,0.674351032,21.55953971,49.90928144,0.479071636,0
21ur-3536,UGGUGCAGAAUAGCUGAUCCC,0,3.316852263,1.000687347,0.119767909,0
21ur-2366,UGAUAUUGCAUAUUUUGGUCG,0,0.55280871,1.667812245,0.119767909,0
21ur-17,CUGUUCGUGUAAUGAAGUUUG,0.269740413,3.869660973,11.63299041,0.718607454,0
21ur-120,UAAAAAUUUGACCGGCAGAGU,0.539480825,77.94602818,529.4886925,5.569207766,0
21ur-1313,AUAAUAAACAAAUGUUCGGUU,1.348702063,12.16179163,13.13402143,0.718607454,0
21ur-4651,GUAUACACAUUUAUGGUAUUC,0,0.55280871,2.001374694,0.598839545,0
21ur-2628,UAAGUCUUUUACUCCCGAUUU,4.855327427,326.7099479,186.0027606,22.87567061,0.136909669
21ur-730,GAGUGAACGAACAUCUGAAGC,0.539480825,5.528087105,15.01031021,1.077911181,0.136909669
21ur-1331,UAUGACUACUUUUCUUCCGUU,2.157923301,38.69660973,24.64192592,1.077911181,0
21ur-3784,UCGACUAUUGAUUUUGUUUGG,13.21728022,198.7347314,615.1725466,181.6280339,1.437551529
21ur-4129,UGAAUGCGUUCAACUCACAAU,5.934289078,64.67861913,31.2714796,0.479071636,0.273819339
21ur-209,UGAAAAUCAAGUUCUCUAAGG,0.269740413,11.05617421,15.76082572,0.958143272,0.273819339
21ur-4154,UUACCCAACACUAGAAGUUUC,0,0,7.880412859,0.119767909,0.136909669
21ur-1262,UUCAGAUCAGAAAAAAAAUGU,5.934289078,46.43593168,168.4907321,5.389555903,0.684548347
21ur-921,UAGUUCAAUAUUAUUUCACCA,0.404610619,1.105617421,4.378007144,1.437214907,0
21ur-3686,UUCUGAUUCUUUCGUAAUGAU,11.46396754,156.9976738,118.5189077,33.53501451,0
21ur-3240,UAAAUUCUUUUACCCACCUCU,0.269740413,7.186513236,5.879038164,0.479071636,0
21ur-2463,AUAAUUUCCGAUAUUUAGUUU,12.40805898,102.5460158,172.6811103,28.68441419,0.136909669
21ur-2526,UUCAGCUGCAAAUUUGAACUU,6.069159284,22.11234842,91.37526338,5.299729971,0.136909669
21ur-3220,UUGAAAAUUCAGUUGAUUAAU,22.92793507,459.9368471,446.056385,51.50020085,2.122099877
21ur-5389,ACAGUGUUGAAAAUGAAGGUA,7.822471966,102.2696114,96.31615716,5.629091721,0.273819339
21ur-129,AAAACGUACGGAAAAAAUUAU,1.07896165,28.19324424,33.14776837,1.057949862,0
21ur-4768,GUGCAGUCAUCACCCACUUUU,0.539480825,3.316852263,20.88934837,0,0
21ur-4978,UGUGGAUUCGAUAGGUUGAAC,38.84261942,436.7188813,216.7738966,17.96518634,1.506006364
21ur-3350,UUCAGCAAAUGAUACAAAAUU,3.236884951,45.33031426,25.39244143,0.598839545,0.136909669
21ur-1563,UGCGAUCAGGUCACCCAGGUC,2.967144539,81.26288044,291.8254476,1.19767909,0
21ur-2271,AAACACACUUCAGAUGUCGUU,0.269740413,1.105617421,8.380756532,0.718607454,0.136909669
21ur-5025,CUGAAUUGGGAUGAUCGUAGU,2.157923301,84.026924,44.53058695,6.108163357,0.136909669
21ur-3838,GCUAGAUUUAUUCCAGUUUUU,0.269740413,9.397748078,3.502405715,2.036054452,0
21ur-2980,CUCCAGUUGUUAUUGGCAUAU,0.269740413,1.105617421,2.251546531,0,0
21ur-4528,AUAAAUGCAGCUUUGGAUUUC,0,0,0.500343674,0.239535818,0
21ur-2145,UCAUACGCUCAAAUUGUAUUU,1.483572269,15.47864389,24.64192592,7.006422674,0.136909669
21ur-2399,UAGGUCCUCUCCUAUAUAAAA,21.3094926,278.0627814,170.9924504,2.754661906,0.136909669
21ur-4248,UUCUGUAAUUUCUGAUUGAUG,30.61553683,341.0829744,316.2172017,38.50538273,0.958367686
21ur-1471,CCACAGCUUUACUAUUUGCUG,0.269740413,0.276404355,0,0,0.068454835
21ur-4871,UGGAUUGGCUUUUAAUCCUUG,0.809221238,3.869660973,0.75051551,0.119767909,0.136909669
21ur-2039,UCCACAGCUUUACUAUUUGCU,4.046106189,59.97974509,25.64261327,3.593037269,0.616093513
21ur-2561,UGCUGAAAAAUGAAACAAUUA,2.292793507,19.62470922,21.38969204,0.778491408,0.068454835
21ur-4296,UUGAAAUUGGUAUCUUGUUCU,17.93773744,422.6222592,399.5244233,62.39908057,1.369096695
21ur-315,CUGAACAACUUGAAAGUCAUU,0.269740413,12.16179163,16.01099755,1.916286543,0.136909669
21ur-72,AUGAUUGCACCAGAUGUAAUG,4.315846602,80.15726302,112.4522406,33.47513055,0.410729008
21ur-3605,GUGACUUCUUUUCAUGUUAAG,35.87547488,1557.814946,679.8419665,52.33857621,0.547638678
21ur-4999,AUGGGGAUCAAGAGCACGAUC,0.944091444,10.22696114,22.20275051,0.598839545,0