21ur-1205,UAAGACGGCCAAAUUAUUUUC,5.12506784,279.1683988,406.4041488,13.17446999,0.958367686
21ur-3476,UUGUACAUUGCUACGUGAGAG,0.809221238,7.739321947,2.376632449,0.239535818,0
21ur-995,UAGUUGUGAUUUACGUACUAG,0.269740413,1.105617421,2.251546531,0.838375363,0
21ur-1106,UCACCUUCUUUUUAAUUUCUC,0,0,5.128522654,0.598839545,0
21ur-1779,UGGAUUGAAGAUUUUCUAUAA,4.046106189,82.36849786,6.129210001,23.71404597,0.684548347
21ur-2176,UUCGUGUAUGCAUAUUCCGAC,0.269740413,0.55280871,1.250859184,0,0
21ur-5141,UUAGUUCAACAGUUCAAUCGU,0,2.211234842,9.881787553,2.634893997,0.136909669
21ur-432,UCCCAGCCUAUACUAUUGUGC,0,0,0.125085918,0,0
21ur-321,UAUCAGGCUAUACCUUAACAA,0.269740413,1.105617421,1.501031021,0.119767909,0
21ur-2869,UAACAUAUAUUCAAACUGUUA,0,8.292130657,1.125773266,0.119767909,0
21ur-5221,UAGCAUAAGGCGUUUUAUUAU,0,0,0.625429592,0.119767909,0
21ur-2191,UUGUGUUUUCAUAGGACUGUU,2.967144539,2.211234842,21.51477796,22.39659897,1.095277356
21ur-71,UUGGGAUUUCGCGAAAGCAUU,0,0.55280871,0.81305847,0,0
21ur-1203,UAACAAUGCAGUAUUAUUAUA,1.618442476,77.94602818,7.630241022,2.515126088,0
21ur-3467,UGGGAAUGAUAAAUGAAUGAA,0,1.934830487,2.689347245,0.239535818,0
21ur-5290,UAGAUGUGCUAAAUAGAAUGA,1.07896165,9.950556789,13.25910735,0.119767909,0
21ur-4374,UAACAACAAGGAAUUUACAAC,0.809221238,2.211234842,16.76151306,1.676750725,0
21ur-10875,UUUGGGAUUUCGCGAAAGCAU,0,0,0.062542959,0,0
21ur-15533,UAAACAAUUGUUAAUUUCUUG,0,0,0.75051551,0.838375363,0
21ur-8914,UAGAUAACCGAUCAAAUCUUG,0,0,0.250171837,0,0
21ur-13128,UGUUUAAUGUCUAUUGUAAUG,0.269740413,3.869660973,2.876976123,0,0
21ur-6293,UCAUGAUGUAAAAUAUCCAAA,3.506625364,37.59099231,26.26804286,1.676750725,0.136909669
21ur-7315,UUUGAUAAUUACUUCACUCAA,0,7.186513236,1.501031021,0,0
21ur-13493,UAUUAGAAUUUUUCGAACAAC,0,0.55280871,1.375945102,0,0
21ur-15652,CAACAAGGAAUUUACAACAGG,0.269740413,0,0,0,0
21ur-7702,UGACUGUAUAUUGAAGCGAAA,1.618442476,3.316852263,15.76082572,5.509323812,0.136909669
21ur-13890,UUUUAUGAUAAUUUAGAUAAU,0,11.05617421,2.126460613,0.119767909,0
21ur-6897,UGAGACAUUACAAUGAAUAAU,0,2.211234842,2.251546531,0,0
21ur-6886,UUCAUUGUUCGUUCAAUGGUU,0,0.55280871,0,0.119767909,0
21ur-15098,UCAGCAUCAACUGAUCUGACA,0,0,0,0,0
21ur-5745,UUUCGGAUUCGGUCUUGUUGG,1.888182888,0,10.50721714,5.269787994,0.136909669
21ur-9348,UACACAUCAGGGCUAGCGUUU,0,1.658426131,6.754639593,0.359303727,0
21ur-9266,UUCCAAUUUUUUAUUCUGAAG,0,4.975278394,3.752577552,0.479071636,0
21ur-13934,UUUGGGUUAAACAUUGCAAUU,0,1.658426131,0.625429592,0,0
21ur-11343,UUUGGAUCAAAAAACAAAAAC,0,2.211234842,2.751890205,0.239535818,0
21ur-6725,UUGAUAGCUUUCAUCUAUUCA,0.269740413,6.080895815,1.626116939,0.239535818,0
21ur-8145,UGUGAAUUUUGUUUAAGAUUA,0,0,3.377319797,0.239535818,0.136909669
21ur-14844,UGAUUGGGCAGUUUUUUGUGA,0,0.829213066,0,0,0
21ur-6340,UUCAAACACUGUUUCAACAAA,1.618442476,14.92583518,20.63917653,2.994197724,0.136909669
21ur-11900,UUUGAAAUCCACUUUUAUAAU,0,3.316852263,1.501031021,0,0
21ur-12875,UUGCAUGUCUUUCUCCGUUUG,0.269740413,0,0.500343674,0.598839545,0
21ur-14739,UGUAAACGUUAAUUGAAUCUU,0,0,0.375257755,0,0
21ur-14868,UGAUAGCUUUCAUCUAUUCAA,0,0,0,0,0
21ur-6402,UAAUCAGACUUUAUUGAGACA,0.539480825,8.292130657,12.25842,2.754661906,0
21ur-12578,CAAAAUGAAUGCCGACGAUCU,0,0,0.125085918,0,0
21ur-9065,UAAAUCUUUCCAUAAGCGCAA,0,0,4.503093062,0.119767909,0
21ur-11120,UGAACUUAUAUAAAAUAUAAA,0,11.33257857,4.878350817,0,0
21ur-6921,UUAUGAGUCCUAUUUAAUCGA,5.934289078,59.15053202,54.4123745,5.688975675,0
21ur-11622,UCUCAUAUCCUUCUUCUUCUU,0,0.55280871,2.251546531,0,0
21ur-6441,UAUUCAUGAUGUAAAAUAUCC,0,2.211234842,2.376632449,0.838375363,0