21ur-11832,UUUUUACUUUAUUGUGCAAUA,0.629394296,36.57750968,11.67468572,1.257563044,0
21ur-12660,UUUUCAAUCCUAACGAAAAUG,0.134870206,0,0.187628878,0,0
21ur-14001,UUUCUAUUUUGUUCAUUUUUA,0.539480825,23.77077455,13.38419327,3.712805178,0.136909669
21ur-10335,UGUAAUAUUUGUAGAAAAAAG,0,7.186513236,8.255670614,0.239535818,0
21ur-15538,UAAAAUAUUUGCUAAGACAAC,0.269740413,19.34830487,33.14776837,1.077911181,0
21ur-11382,UUUAAAUCUUUUAAAAAUUAU,0,0,0.125085918,0,0
21ur-11709,UAGUGCUAUUUUAAUAUAAUC,0,49.75278394,4.378007144,0.359303727,0
21ur-10654,UGUAGUAUUGUAAAUUCAUAA,3.236884951,63.57300171,34.0233698,0.359303727,0
21ur-11094,UGCUACCCAUUUCUCGUAACA,0.539480825,12.16179163,3.12714796,0.479071636,0
21ur-11371,UUUAUAAAUUUCAAAUCACUU,0.269740413,0,2.001374694,0.479071636,0
21ur-12703,UUUGGAGUUUCACCUAUGGAU,0,0,0.250171837,0.239535818,0
21ur-5547,UGACAAAUUCUAUUACAAAAU,0.269740413,8.292130657,8.255670614,0,0
21ur-8642,UUAUUGGGUGAAGUUUGGUCU,0.944091444,28.79212034,9.923482859,0.658723499,0
21ur-7932,UACCAAGUUGGGAUUAAUUUU,0,2.764043552,2.376632449,0.838375363,0
21ur-9030,UCAUUCGAAAUAACAAUUAGA,0.134870206,1.105617421,0.687972551,0.179651863,0
21ur-8898,UCAAUUUUUCUUCCAAGUCAA,5.12506784,21.55953971,33.89828388,7.066306628,0
21ur-5842,CGAGAUGUCGUAAAAACUGUA,0.809221238,7.739321947,7.630241022,4.670948449,0.684548347
21ur-8786,UAGACUAUAAAUCUUAGAAAG,0.269740413,3.316852263,3.002062041,0.239535818,0
21ur-14512,UUAUAGAUUAAAAUACUUUUU,0,0.55280871,0.250171837,0.119767909,0
21ur-6353,UUUAAAGCCGGAAUGCUGAAG,0.539480825,1.658426131,6.379381838,1.317446999,0
21ur-14282,UUGAAAUUAAAGCAUUGUCUC,0,2.764043552,0.875601429,0.479071636,0.821458017
21ur-13138,UGUUCAUAUACUGGAUAACUU,0.539480825,4.422469684,0.125085918,0,0
21ur-13494,UAUUACUUUGAUUCCGGCCUG,0,8.844939368,0.875601429,0,0.068454835
21ur-9357,UAAAUCCGGAGUUGAAAAUUA,0,3.316852263,3.377319797,0.119767909,0
21ur-9032,UCAUAUAUGAAAUUCGUAUUC,0,0.55280871,0.875601429,0.239535818,0
21ur-10605,UUCAACAUACGAAUUCUGUGU,0,0,0.250171837,0,0
21ur-10806,UAAUAAGUUUUGGCAGCUUUU,0.269740413,0,0.500343674,0,0
21ur-9393,UUUCAAAAAUUUUUUCUUGUC,0,0,0.500343674,0.119767909,0
21ur-11348,UUUGAACAACAUUUGAAAUCG,0.269740413,0,0.625429592,0.119767909,0.136909669
21ur-5734,UGGAAGUCUGGUUAAAAAAAA,0.539480825,61.36176687,3.87766347,2.634893997,0
21ur-12424,UAUGCCUUAUCACAAUAUUUU,0.269740413,18.24268745,1.250859184,0.479071636,0
21ur-6286,UUUUCUGGCAACACACAAAAA,0.809221238,22.94156149,14.13470878,1.19767909,0
21ur-6711,UCUCACAGUUUAUUGGGUGAU,0,1.658426131,1.250859184,0.958143272,0
21ur-14623,UUAACGAAAAACAUUGAAUUU,0,0,0.125085918,0,0
21ur-7841,UUAGUAUUCAUCAAAAAAAAA,0.539480825,6.633704526,3.690034593,0.419187681,0
21ur-14545,UUAGCAGCCUCUUAACUACAA,0,3.040447908,0.375257755,0,0
21ur-6519,UAAUUUCAGGAUUUGAAUGCU,0.539480825,6.080895815,4.127835307,1.19767909,0
21ur-11595,UGAGCAGGUUGGUGUUUUCAG,0,1.105617421,0.375257755,0,0
21ur-12655,UUUUCCACUUAAAAACGUCUA,0,0,2.126460613,0.479071636,0
21ur-7277,UUUCGCUGUAUAUUAGGCUCC,0.539480825,0,3.252233878,2.215706316,0
21ur-9343,UAGAGAAUCCUUUUAAAAAAG,0.539480825,12.71460034,16.01099755,0.479071636,0
21ur-12175,UGUUCGGAAAUUUGAAAAAAU,0,0.110561742,0.125085918,0.059883954,0
21ur-6854,UCGUUUAAGUCUACUUUGUGA,1.888182888,32.06290521,53.66185899,1.916286543,0
21ur-11672,UCAAACCAAAUUGAUACUUCA,0,0,0.062542959,0,0
21ur-12820,UUGUUGAGACGAAUUGAAAAU,0.134870206,0.55280871,0.125085918,0.059883954,0
21ur-11885,UUUGUUCAGUGUAGGAUAAUG,5.259938046,2.764043552,0.500343674,0.059883954,0
21ur-6984,UUUGAUUUGAUAAUUGAUAAU,2.427663714,188.6920398,35.89965858,2.395358179,0
21ur-13588,UACAUAUCAAUUUCCUUAUUU,0,1.658426131,4.753264899,0.239535818,0
21ur-7081,UUGUGUGUUCUUCUGGAAUUU,0.269740413,2.764043552,3.87766347,0.778491408,0.136909669
21ur-6127,UGUCGCUCUCUUUUCAAAACU,1.07896165,7.186513236,12.63367776,1.916286543,0