21ur-10440,UAUAUGGAGACGAGUUCAAAU,1.348702063,30.95728779,20.3890047,1.077911181,0
21ur-12888,UUGAUGAAUAGGUGAUUAGGG,0,4.698874039,2.126460613,0.179651863,0
21ur-11923,UUUCAUGUGGAGUAGUGGGCU,0,0,1.250859184,0,0
21ur-12080,UUCAAGCUCAAGAGCCUAGUG,0,0,0,0,0
21ur-14605,UUAAUCAAACCAAUCUUUUUC,0,1.658426131,1.063230306,0.059883954,0.136909669
21ur-6989,UUGCAAAAGCAUAGAUAAAAC,0,0,0.500343674,0.119767909,0
21ur-9235,UUUGCACUUUUUUAAACACAA,0,0.55280871,2.001374694,0,0
21ur-12563,CGUAUUCGUAUGGCUUGUGAA,0,0,0,0,0
21ur-13638,UAAGGAUUUUUAAAAAAUUUA,0,0,0.375257755,0,0
21ur-12389,UAUUUAUUUCAACACUAAGAG,1.07896165,13.82021776,6.629553675,1.377330953,0.045636556
21ur-13728,AGCAUAUGAACGCGUCUCCAU,0,0,0.250171837,0.119767909,0
21ur-10173,UACAUAUAUAUAUAUGAGUCU,0,1.105617421,1.000687347,0.119767909,0
21ur-5550,UGGUUCGGCAUUUUUUUUAAU,48.55327427,1632.444122,437.0501989,21.4384557,0.410729008
21ur-12640,UUUUGCACUUUUUUAAACACA,0,1.658426131,0.250171837,0,0
21ur-13521,UAUCACACAAAGUCAUCAAGC,0,0.55280871,0.500343674,0.119767909,0
21ur-14336,UUCUAACUGUUUGCUUGAUAC,0,0,0.375257755,0,0
21ur-6422,UUUGUCUGUUGUAUGGUUGUA,3.506625364,92.31905465,51.0350547,7.186074537,0.410729008
21ur-7152,UGGGUGAAAACUUUAUGAAUU,0,8.292130657,10.63230306,0.119767909,0
21ur-5921,UGCACACACGAGGUACGGCAU,0.539480825,0.55280871,9.756701634,0,0
21ur-10952,UUGAGACUUUCCUGACUCAUU,0,0.276404355,0,0,0
21ur-13366,UCCUGCCUCUCAUAUCGAUUU,0,0,0,0,0
21ur-9868,UGAAUAGGUGAUUAGGGAAUA,0,4.975278394,2.689347245,0.119767909,0
21ur-5509,UGUUUUCCAAAUUUUCGAAAA,58.53366954,840.26924,314.4656017,38.20596296,0.136909669
21ur-8983,UUAUUUAUUUCAACACUAAGA,2.157923301,12.71460034,31.14639368,1.137795135,0.045636556
21ur-5960,UUAUUUCAACACUAAGAGCCA,4.990197633,155.0628433,109.1374638,6.168047311,0.136909669
21ur-10577,UUGAUAAACUGUUAAAAUGCA,0,0,0.75051551,0,0
21ur-14294,UUCUUUUUUGGUCAUUAAAGC,0,0.276404355,0.437800714,0,0.205364504
21ur-10829,CGAUCUGCUUACAAUCAGAAA,0.539480825,0.55280871,1.250859184,0.119767909,0
21ur-15205,UAUUAUUUCGCGCCAUCUAGG,0,9.950556789,11.13264674,0.119767909,0
21ur-12346,UCCACUCUUUUCCUGCCUUUU,0,2.211234842,2.876976123,0.239535818,0
21ur-10026,UUUAGAUUGCCGAAGAGAGUC,0,1.105617421,8.318213573,0.53895559,0
21ur-12050,UUCGCGCCAUCUAGGAAAUAU,0.089913471,4.053930544,18.92966898,0.119767909,0.159727948
21ur-12579,AUUUCGCGCCAUCUAGGAAAU,0.359653883,3.501121833,7.54685041,1.018027226,0.228182782
21ur-13023,UUAUUUCCAUUAUUCCCCUGU,0,1.658426131,4.69072194,0.179651863,0
21ur-6700,UACACCCAGAACUAAAUUCAG,0.539480825,1.658426131,6.129210001,0.239535818,0
21ur-10962,UUCUCCUAUCAACAAGCAUCU,0,1.382021776,0.375257755,0,0
21ur-6050,UUUGUAAUGAAUGGAGACUCU,1.348702063,25.42920068,31.52165143,1.556982816,0
21ur-10644,UGUUACUGGAAUAUGGAAACU,0,0,0.875601429,0.119767909,0
21ur-9619,UUACAUUUGUUUCAUCAUAAA,3.776365777,37.59099231,16.01099755,3.712805178,0
21ur-11028,UUACUAAACUGAGAAACAUUU,0,0.55280871,1.375945102,0,0
21ur-9154,UCUUUCGCCGCAUUUAUUUCU,0.809221238,41.46065329,183.8763,1.077911181,0
21ur-12077,UUCAGAAGAUAAAUUAAAACC,0,0.829213066,1.125773266,0,0
21ur-9083,UUUCAUAGUUAUUUCAUGAAU,0,0,0,0,0
21ur-8409,UAAACUUAAAAAAAUCAAAAA,1.393658799,60.41409479,109.3250927,0.359303727,0
21ur-9086,UUUAUUUCAACACUAAGAGCC,0.134870206,8.844939368,10.63230306,0.838375363,0.045636556
21ur-5613,UGCAUUGUAUUGUGUAAACUG,0.269740413,9.950556789,9.006186124,0.119767909,0.136909669
21ur-8511,UUUCGUAAAGAUUUUCGUAAA,0.809221238,6.080895815,3.002062041,0.479071636,0
21ur-12886,UUGAUGUUACUGGAAUAUGGA,0.269740413,4.698874039,2.31408949,1.676750725,0
21ur-15100,UCAGAUAAGUAGUUCCUUACC,0,0,0,0,0
21ur-7140,UUUGAGACUUUCCUGACUCAU,0,0.276404355,0.875601429,0,0