21ur-11726,UAGAAUCUAGAGUUGAGCAAA,0,0,0.500343674,0,0
21ur-8551,UGCUCAGUUGUAUCGCUAUUA,0.269740413,0.55280871,2.126460613,0.359303727,0.273819339
21ur-12676,UUUUACUACACUUCUACGACA,0,1.658426131,5.503780409,2.155822361,0.136909669
21ur-9443,UGUUUAUAUCUUAUUCUAACU,0.269740413,0,3.252233878,0.239535818,0
21ur-7765,UCAUUUGUUACUUGAUUAGUA,0,14.92583518,9.381443879,1.556982816,0.136909669
21ur-10238,UUUCAUCCGCUGAAAAAAUCU,0,1.105617421,1.000687347,0.119767909,0
21ur-6612,UUAGAAUCUAGAGUUGAGCAA,0.809221238,0.55280871,6.754639593,0.718607454,0.136909669
21ur-10124,UCCAGUUUGCAGACCAUAUUU,0.269740413,1.658426131,5.628866328,1.796518634,0
21ur-8638,UUCAUGCGGUAUUAACAGUUU,0.809221238,3.869660973,9.381443879,3.593037269,0.136909669
21ur-7808,UCUCUUUGCGCGUUAUAAUUC,0.539480825,0,4.878350817,0.958143272,0
21ur-13863,UUUUCUAUCGGUUUCAUUCAA,0.269740413,0,0.875601429,0,0
21ur-5570,UGUGCAAUAGCUCAAAAAAGA,2.967144539,13.26740905,53.41168715,0.119767909,0
21ur-15698,AAAAUUACAUGGAAUCGUUUA,0.269740413,0,0.250171837,0.239535818,0
21ur-6342,UGUAUUGUAUGUGUACAAUUU,0.269740413,4.975278394,0.500343674,0.119767909,0
21ur-13971,UUUGAGCUCGCCGAUUUCUCU,0.944091444,4.422469684,3.87766347,0,0
21ur-10394,UCAGAAAAUUGAAAUUCCGCU,0,0,9.631615716,0.718607454,0
21ur-6710,UGCGUAGUAUGUUUUUAAUUU,0.809221238,12.16179163,11.88316225,2.874429815,0.136909669
21ur-8966,UUGAGCUCGCCGAUUUCUCUC,8.76656341,4.975278394,23.51615266,24.19311761,0.273819339
21ur-13992,UUUCUGCAAUGAUCUGUUUCC,0,1.658426131,2.126460613,0.479071636,0
21ur-15227,UAUUACGUCGGUUGAUUGAAU,0.269740413,0,1.125773266,0.598839545,0
21ur-13759,UUUUUUCUGAUAUAACGGAGA,0,0.55280871,0.125085918,0.239535818,0
21ur-13175,UGGGUGUUCUAUGGUGCACUU,0,0,0,0,0
21ur-12191,UGUGGCAACUGUCGUAGUUCC,0,0,0.125085918,0,0
21ur-11977,UUGUCACGUCACCACCGUUCA,0,0,0,0,0
21ur-14822,UGCCUGAUGUCCGUUGUUCGG,0,0,0,0,0
21ur-6321,UGCAAAGAAGAUGAAAACGUU,0.809221238,22.11234842,33.64811205,3.233733542,0
21ur-8750,UGUAGUAUACGAGGAGUAGGA,0,0,0,0,0
21ur-14009,UUUCGUUACAGCAAUUUUUCA,0,1.658426131,8.630928369,0,0
21ur-11202,UAUAGAAUUUUGAUUGUCAUU,0,2.211234842,3.002062041,0.359303727,0.136909669
21ur-10546,UUUCAAACAUAUACGCAAUGU,0.269740413,0,0.75051551,0,0
21ur-10805,UAAUAAUACGAUAAUCAAUGA,0.539480825,4.975278394,13.38419327,0.718607454,0
21ur-11172,UCAACACCGAUUUAAAAAUCU,0,0,0.250171837,0,0
21ur-7215,UUCUGAAAUGUCUCCCAAAAA,0,10.5033655,12.25842,3.593037269,0.136909669
21ur-7903,UGCUUUCUAUUCUUGUGGGAA,0,1.658426131,2.376632449,0.239535818,0
21ur-13077,UUACUAUGUUUACCAAAAAAU,0,0,0.500343674,0,0
21ur-12147,UUAAAAUCUUUGUAUCUGCAA,0,0,0,0,0
21ur-10397,UCACCGUUAAACCAACAUUUA,0,0.55280871,2.376632449,0,0
21ur-12521,UAAUACUUUAACGGUUAAUGU,0.809221238,3.869660973,1.501031021,0.479071636,0
21ur-12245,UGCUGGAAUAAACAAGACACU,0,0,0,0,0
21ur-14794,UGCUUUCCUUCAACUAUGUAU,0.269740413,3.316852263,3.627491633,0.119767909,0
21ur-5530,UCGGAGAUGACCUUUUAACCA,0.269740413,27.64043552,20.63917653,0.838375363,0
21ur-8603,UUUUUCUGCUCUGGUGGACUU,0,1.658426131,1.751202857,0,0
21ur-13627,UAAUAAAUAUUGCAGAUACAA,0.809221238,11.60898292,10.38213123,1.856402589,0.136909669
21ur-9528,UAAAUUCUGAGUUUAAGAAUC,0,0,0.375257755,0,0
21ur-8574,UCAAUUCGAAGUUGUCACAUC,0.269740413,2.764043552,2.376632449,0.598839545,0
21ur-14740,UGUAAACAGGAAUGAAAAAGG,0,0,0,0,0
21ur-10115,UCUUAUUGUAGGGCUGUACAA,1.159154746,1.658426131,0.653489406,3.121636874,0.592253257
21ur-13369,UCCUGAAUCAUUUCCGCAAUA,0,0,0,0,0
21ur-14685,UGUUCCUCAUUUUGUGUAAAC,0,0,0,0,0
21ur-14874,UGAGGUACACACAAAUUCAUA,0,0,0,0,0