21ur-2396,UUCGAUAAUAACCGAAGGUUC,2.427663714,111.1145508,78.42887083,1.19767909,0
21ur-2187,UAACUGACGAUACGGCAAUAU,0.269740413,12.71460034,13.88453694,1.796518634,0
21ur-4766,UUGAAAUGAAUAAAUACAGGG,1.618442476,37.0381836,96.19107124,10.12038831,0
21ur-3819,UGGUCUGCCAAAGAACACGUU,1.888182888,55.00446669,32.9601395,0.53895559,0
21ur-3850,UAAUUCCGGGACGCUGAAUAU,5.934289078,16.30785696,52.84880052,5.988395448,0
21ur-1195,UCAAUAUGUUGUUGUCUGUGA,1.07896165,25.98200939,45.03093062,4.311644722,0
21ur-4805,UUUAAUGGUAUUGUAAUAAUU,1.753312682,17.68987874,8.443299491,0.119767909,0
21ur-4244,UGGUUCUAUCUUACUAUUAAA,6.473769903,328.368374,10.75738898,6.108163357,0
21ur-3215,UAAUUCGUCGUCUUCUGAAGA,4.315846602,6.080895815,84.55808083,4.55118054,0.547638678
21ur-2525,UUUGGCUUUAAAUUUGUUGGA,5.934289078,43.39548377,14.50996653,13.29423789,0.136909669
21ur-3902,UCACAUUCUUGUCCUCUGUAC,9.980395267,402.4447412,250.6096375,57.06940862,0.616093513
21ur-1508,UCCACUCCUCUCAUGCACAUA,0,5.528087105,2.876976123,0.598839545,0
21ur-4329,UACUGAUGGCAUUUUACAUGG,18.88182888,708.7007669,470.2605102,22.87567061,0.136909669
21ur-3712,UACGCUAGUUCCAAUAUAAAC,0,1.382021776,17.88728633,0.119767909,0
21ur-515,UGAUUGAUAUCUAUUGAUGAU,0,4.698874039,0.125085918,0.119767909,0
21ur-833,UGGAAGAUCCUGGAUUUUAAC,2.967144539,22.11234842,26.64330062,3.353501451,0
21ur-4203,UCGUCUUGUUGAUUACCUAAG,0,1.658426131,6.504467756,0.359303727,0
21ur-4331,UUCAUGUCUUAAUUGCGUGGC,0,1.105617421,0.250171837,0.838375363,0
21ur-897,UGCUUCUGACUUUUAUUUUCA,0.539480825,7.186513236,8.005498777,0.359303727,0
21ur-3245,UUUUCUUGACUCGAAUUCUUC,0.269740413,2.211234842,2.501718368,0.479071636,0
21ur-4667,UCCGUGAAGAGUUUCGGCGUA,2.967144539,5.528087105,4.753264899,2.81454586,0
21ur-2667,UAAACUGGGUUUUUUCUAUGG,0.269740413,2.764043552,8.255670614,2.036054452,0
21ur-1263,UGCUGCUGACUUUUUAGUUGC,1.07896165,6.080895815,5.753952246,0.958143272,0
21ur-531,UUGAAUUGUCACGAUACUGAA,17.80286723,440.5885423,228.5319729,30.90012051,0
21ur-3337,UAUGGUUUUUUGAACAUUGCA,4.585587014,39.24941845,16.88659898,8.0244499,0.273819339
21ur-2066,UCCAAAAAUUGAACUUUUCCA,0.269740413,6.633704526,4.378007144,0.119767909,0.136909669
21ur-773,UAUUUAAUCAGAAAAGACUGA,1.07896165,15.47864389,11.75807633,1.676750725,0.136909669
21ur-2992,UUUCACAGAAAUACUAUGAUC,0.269740413,1.105617421,1.000687347,0.119767909,0
21ur-5127,UAUCGAAUUCAUCUUCCUUUC,0.269740413,0.55280871,0.375257755,0,0
21ur-306,UAAAAAUAGUCACAAAACGGU,0.269740413,3.593256618,2.876976123,0.119767909,0
21ur-591,UGAAUGUGCAAAGUAAGUACC,4.315846602,408.2492327,13.9470799,4.311644722,0
21ur-2282,UGUGAGUGAUUAAUACAUCAA,6.473769903,116.0898292,69.79794246,2.036054452,0.958367686
21ur-2490,UGCAUUCCGAAUAAGCAGAUC,3.776365777,22.11234842,136.5938229,4.191876813,0.273819339
21ur-1590,UCGUUGUUUUCUUCAGGUAGU,6.20402949,35.37975747,90.31203308,13.29423789,0.273819339
21ur-3732,UAGUAUUUAACUAGUUCGCUA,0,1.658426131,4.065292348,0.658723499,0
21ur-2132,UAUUGUGGUAGCUCGAUUAUU,28.05300291,762.8760205,609.0433366,13.17446999,0.684548347
21ur-3284,UCUUUUUGUUGCCAAAUUUCA,16.45416517,489.2357088,169.4288765,35.33153314,0.136909669
21ur-40,UAUUAUUGGCAACUUACGUUA,0,0.55280871,0.125085918,0,0
21ur-2875,UAUUUCGAUGGACUUUGGGUU,46.12561056,1117.226404,663.4557111,87.37068958,1.779825703
21ur-1844,UUCCGUUUUCUUUUUUGGAGU,1.888182888,15.47864389,35.64948674,13.89307744,0
21ur-5054,UAAUCCGGUUAUCAUAGCUAG,6.608640109,8.292130657,45.40618838,7.305842446,0
21ur-2160,UCAUCUUGUUUGCUAAUUUAA,10.25013568,430.0851768,215.5230374,24.19311761,0
21ur-1505,UGGAUUUAUUCAUUUUUUUCA,23.73715631,1040.385993,6.129210001,63.47699175,1.369096695
21ur-2538,UAUUUAACUAGUUCGCUAAUU,1.888182888,11.60898292,1076.301785,3.772689132,0.273819339
21ur-1899,UGACAACUUGUUACUUAUAGU,6.743510315,37.59099231,26.26804286,1.077911181,0
21ur-1400,UGUUAACUACUUUACCUUAGG,1.483572269,35.10335312,23.51615266,4.670948449,0
21ur-1176,UAUUAUCCAUAUGAUGUUAAA,0,0.55280871,0.375257755,0,0
21ur-2685,UCAUUUUCAGUUGUUUUCGUA,7.148120934,34.82694876,27.81076919,5.988395448,0.821458017
21ur-3593,UAUGCUCCAACCAAAAUCGUA,0.269740413,3.316852263,4.753264899,0,0
21ur-4589,UUACUUCUCGUUUGGAAUGGA,20.23053095,54.17525363,95.19038389,77.96890873,0.684548347