21ur-2651,UACUCAGCACUUAUGUAUAAA,0.269740413,7.186513236,8.881100206,0.838375363,0
21ur-1374,UAUUGCACAGUAGAACUUAAC,0,0,2.376632449,0.239535818,0
21ur-2964,UACAACAGAAUUAUGUGAGGA,0.539480825,0,2.126460613,0.958143272,0
21ur-759,UUACACUAACAGCAGGCCAAA,0.539480825,3.316852263,7.75532694,0.239535818,0
21ur-1818,UGACAUACAGUUAGAGUAUCA,0,1.658426131,0.250171837,0.479071636,0
21ur-1440,UGAUAAAUUGUGCGAAUUUUG,0.539480825,37.31458796,58.35258093,4.910484267,0
21ur-4364,UCAGUCGUAUGGGUUUAUCCA,0.269740413,1.105617421,4.127835307,0.119767909,0
21ur-2924,UCGGACCCUCUUCACCUUGUC,0,0,0.125085918,0,0
21ur-4438,UACAUCACAAACAACUGUAGU,0,0,4.127835307,0.119767909,0
21ur-386,UGUACGCACAUUGGGUAAACU,0.539480825,0,8.255670614,0.479071636,0
21ur-10729,UCCACUCUACCUAGAGACAUC,0,0,0.562886633,0,0
21ur-8909,UAUGAACUUAGGUACAACCAA,0.269740413,0.55280871,1.000687347,0,0
21ur-12244,UGCUUCUUUAACAACAGAAAA,0,1.105617421,0.875601429,0,0
21ur-7351,UACUGGUGAAGAAUUUGAAAA,1.618442476,8.292130657,0.625429592,0.359303727,0
21ur-8066,UUAUAGCUUUGGAUAUGGUGU,0,1.105617421,0.375257755,0,0
21ur-10778,UACUGUUACCCAACGUUUUUA,0,0.55280871,1.876288776,0.119767909,0
21ur-7970,UCAACUUUUGAAUCCCUCCUU,0.269740413,2.764043552,15.26048204,0.479071636,0
21ur-8990,UUACACAAUCAGUGUUGAAGA,0,3.316852263,5.378694491,1.317446999,0
21ur-11064,UGUGUAUCAUAUUAUAUUUAG,0,0,0.625429592,0.119767909,0
21ur-9792,UUCUCUGAUAUCACGUGACUU,0,0.55280871,6.004124083,0.718607454,0
21ur-13510,UAUGCAUUCGGUCCUCUUUCA,0,0.55280871,0,0.119767909,0
21ur-8804,UUUUGUUUGAUUACUGCUUCA,0,1.105617421,2.251546531,0.359303727,0
21ur-8729,UUCGGUCUCUACUCACUCCCA,0,6.080895815,0.75051551,0,0
21ur-5571,UCUCAAGAAACUCAAUUAAAA,0.269740413,14.37302647,9.506529798,0.119767909,0
21ur-11237,UACACACUUGGCAGCGCAAAA,0.269740413,2.764043552,2.251546531,0.479071636,0
21ur-13537,UAGUCGAAUUAAGAAACUUUU,0,0,0.375257755,0.119767909,0
21ur-7058,UUCGUGUGUUUCAUCUUCUCU,0.539480825,9.397748078,13.25910735,4.55118054,0.136909669
21ur-9584,UUGAUAAAUUGUGCGAAUUUU,0,6.910108881,6.19175296,0.479071636,0
21ur-9148,UGAUUCGUGUGUUUCAUCUUC,0,0,1.876288776,0.598839545,0
21ur-10802,UAAUACAUCACAAACAACUGU,0,0,0.250171837,0,0
21ur-10077,UUAAGAAAAUUGUUUUUAAGU,0,0,1.375945102,0,0
21ur-11646,UCCAUCAACAGUCUUGCAUCU,0,0,0.125085918,0,0
21ur-7948,UUCCAACACUUUUUGAAUGUA,0.269740413,1.105617421,1.626116939,0,0
21ur-14521,UUAGUUGGUUGGAAUAUAGAA,0,0.55280871,0.375257755,0,0
21ur-11118,UGAAUUCGUUAACUUUUUUUC,0,3.316852263,3.627491633,0.359303727,0
21ur-12730,UUUGAAACCGGUUUUUGGUAU,0,2.211234842,1.000687347,0.359303727,0
21ur-11984,UUGGUAAUUUUUUUAAUUACG,0,0,0,0,0
21ur-14720,UGUAUUUUUAUUAGAGACCAU,0,0,2.626804286,0.119767909,0
21ur-5997,UCACUCGCAGCUUUUAGAACA,0,2.764043552,5.503780409,0.838375363,0
21ur-11548,UGUCAAUUAUUGUCGCUUAUG,0,0,1.501031021,0,0
21ur-8913,UAGUUGGUUGGAAUAUAGAAA,0.269740413,4.422469684,4.252921225,1.077911181,0
21ur-13778,UUUUUCUUUACGUUGUACACU,0,0.55280871,1.876288776,0,0
21ur-7827,UAAAACGCUCUAUUAUCUUCA,1.07896165,8.292130657,42.90447001,5.030252176,0.410729008
21ur-10693,UGAACUCAAAGUUUUUUGAAG,0,0,0,0,0
21ur-5986,UGCUAUGAACUUAGGUACAAC,0.269740413,1.658426131,4.753264899,0.119767909,0
21ur-6053,UCGACCUGUUGUUCAAUCGAC,0,2.211234842,4.503093062,0,0
21ur-10909,UUUAGAAAAAUGGUAUUUUUU,0,0,0.250171837,0,0.136909669
21ur-10885,UUUGAAAAUAAUUAGUUUAUU,0.269740413,1.658426131,0.625429592,0.119767909,0
21ur-13565,UACUUCACGGGAAGGAACCCG,0,0,0.125085918,0.239535818,0
21ur-11982,UUGGUAUUAAUUAUCAGGGUU,0,1.658426131,2.126460613,0,0