21ur-5636,UCGGUAUAAGAUUUCGGUGCU,1.618442476,21.83594406,63.9189043,11.25818344,0
21ur-5973,UUAGUUCUCUCUCCGUUGUUA,2.56253392,9.121343723,44.28041511,10.77911181,0.342274174
21ur-6427,UUCUUUCAUAGUCAGAGCCUG,0.539480825,25.98200939,73.92577777,8.144217809,0.136909669
21ur-12932,UUCUUCCUUUGUAACCGCCAA,0.269740413,0.829213066,15.05200551,0.059883954,0
21ur-12794,UUUACGACAAAACUACGGUAC,0,0,0.128876401,0,0
21ur-14006,UUUCUAAGUUACCUUCACGGA,0,0,0,0,0
21ur-11665,UCACAUGUAAUCCCGGGAGGC,0,0,0.75051551,0,0
21ur-14249,UUGAUAUGCCUAUACUGUUCC,0,0,0,0,0
21ur-11088,UGGAAGGACCAAACUCCAAAC,0,0,0.75051551,0,0
21ur-7625,UUUAGUAAUGACAAUCGCUAA,0.269740413,4.422469684,1.751202857,0.239535818,0
21ur-8645,UUAUAGCUCUCAUAUCUUGGC,0.269740413,0,4.878350817,0.598839545,0
21ur-15529,UAAACGACAGUUUGAUCAGCA,0,0,0.062542959,0,0
21ur-7520,UAAUCUUCGAAUUCCAGAAGA,0.269740413,0,4.62817898,0.598839545,0
21ur-12890,UUGAUCUCAUAGGUCUAAAAA,0,0.276404355,0,0.119767909,0
21ur-10246,UUUAAAAUGAAUGCCAGAGUU,0,5.528087105,40.02749388,0.479071636,0
21ur-7317,UUUCAAAUGACUUUUCAAAAA,0,3.869660973,1.063230306,0.239535818,0
21ur-8160,UCUCAUAGGUCUAAAAAACUG,0.539480825,0.829213066,2.501718368,1.077911181,0
21ur-6956,UGAACACUGCUCUCCAAAACG,0,1.105617421,2.376632449,0.119767909,0
21ur-11346,UUUGAUCUCAUAGGUCUAAAA,0,0,0,0,0
21ur-14025,UUUCCAUUUAUUGUAAUUAGU,0,0,0.125085918,0.119767909,0
21ur-7012,UUCUAUAGAAAAACGCUUAAG,0,13.26740905,15.01031021,1.556982816,0
21ur-14453,UUCAAAAAAGUGAUCACUUCC,0,0.55280871,0,0,0
21ur-5836,UCAGAUUGUUUCUCGGGUUAC,0.539480825,22.66515713,84.18282308,0,0.136909669
21ur-13472,UAUUCUUCCUUUGUAACCGCC,0.269740413,0,6.546163062,0.359303727,0
21ur-11110,UGAUAGAAUUGAUGAAUGGGC,0,0,0,0,0
21ur-14253,UUGAUAGAAUUGAUGAAUGGG,0,0,0,0,0
21ur-10666,UGGAAAUUUCCAAUGUAUCUU,0,0.55280871,0,0,0
21ur-8175,UAGAAUUGAUGAAUGGGCAAA,0.539480825,7.186513236,7.75532694,0.718607454,0
21ur-6942,UUGUUUUUCCUUGAAGCUGAC,0.539480825,1.658426131,0.375257755,0.119767909,0
21ur-9384,UUUGAUAAAAAGGACUGUAAU,0,5.528087105,7.505155103,0.359303727,0
21ur-14550,UUAGAACCAGAAAAAAAAAAC,0,1.105617421,0.375257755,0,0
21ur-12327,UCGAUGCAAAUAAUUGAAAGA,0.269740413,0.55280871,1.000687347,0,0
21ur-15010,UCGGGAAAACUUUCUUGGUUU,0,0,0,0,0
21ur-11651,UCAUUUUGAGGUCUUGGUCUU,0,1.105617421,0.625429592,0,0
21ur-4158,UAGAACAAAAAUUGAAAUAAA,0.809221238,19.90111358,17.88728633,0.479071636,0
21ur-1418,UCAGACUACCAAGUAGGCAGC,0,0,0.562886633,0,0
21ur-1628,UAAAAAUUUGACCUACUGAAA,0.809221238,28.46964859,3.252233878,0.479071636,0
21ur-938,UAUUCAAUUGGUUGCAGUCGU,0,10.77976985,5.879038164,0.239535818,0
21ur-23,UAUAAUUAGGAGUAUAUCAAU,0.269740413,12.16179163,8.630928369,0,0
21ur-1120,UGUUUCAACCGCUUGUUAGGG,4.315846602,10.5033655,229.7828321,12.7552823,0.205364504
21ur-597,UAAGAAUGUAAAACCAUGUCA,15.64494393,44.22469684,45.46873133,5.569207766,0.136909669
21ur-3919,UGAAGCUCUGACUGUCAACGC,0.539480825,0.55280871,14.88522429,1.916286543,0
21ur-4193,UUCAACGGCCACUUGCCUUCA,0.269740413,1.658426131,28.76976123,1.19767909,0
21ur-4015,UGAGCUUGAUCCUCUAUUUGA,0,0,0.375257755,0.119767909,0
21ur-4591,UACAAUAUGGUAGCUCGAUCU,0.539480825,3.869660973,109.7003504,0.958143272,0
21ur-999,UAGUUGAACAGUAAUCUCAAA,24.41150734,313.7189432,95.44055573,14.37214907,0.045636556
21ur-2928,UGAUUGUUUUUGGUGCUUAUG,0,0,0.125085918,0,0
21ur-3537,UAUGUCAAAGUUAUAAAAACC,6.743510315,131.5684731,226.6556841,9.461664807,0.273819339
21ur-382,UACUCUCAAAUUAUCAUUUAC,0.134870206,0.55280871,1.751202857,0.367288254,0.068454835
21ur-3000,UCAAUUGGUUGCAGUCGUAAA,2.427663714,41.73705764,28.14433164,4.191876813,0