21ur-11058,UGUUCUUUCUCUUCAAAUUAA,0.269740413,1.658426131,1.626116939,0.119767909,0.136909669
21ur-11461,UUCACAAUUUUCCUAACGUUU,0,1.105617421,0.875601429,0,0
21ur-15176,UAUUUAGUUUUCGUAAAAUUA,0,0.55280871,0.125085918,0.239535818,0
21ur-8648,UGUUUUUCAUAUUGGUUAAUU,0,15.47864389,6.629553675,0.598839545,0
21ur-13920,UUUGUCCUUGUACAAGUGUGA,0,0.55280871,2.501718368,0.359303727,0
21ur-9501,UAUGCGACAGUACGUAUGAAA,0,0.276404355,0,0,0
21ur-12405,UAUUCCUCUUUUUCUUAUACA,1.348702063,12.71460034,9.381443879,0.958143272,0
21ur-11590,UGAUAGACUAGAACAAAUCAA,0.269740413,0.55280871,1.125773266,0.239535818,0
21ur-9299,UGAUGUUCUUUCUCUUCAAAU,0.269740413,0.55280871,0.500343674,0,0
21ur-9798,UUCGUCGUAAAACCAAAAAAA,0,0,2.751890205,0,0
21ur-5867,UCCUGGGAUUUCAAUUUCAAA,1.348702063,7.739321947,1.000687347,0.119767909,0
21ur-14904,UGAAGGACUCCUAGAUUUCAA,0.269740413,3.869660973,1.063230306,0.818414045,0
21ur-6568,UAUGGUUCCCAUAGGCGAUGA,0,2.764043552,5.628866328,0.239535818,0
21ur-7276,UUUCUUACGACGAAACAGUAG,0,0,0.875601429,0,0.136909669
21ur-6749,UGCGAUGGAUUUACAGAAACU,0,3.869660973,0.250171837,0,0
21ur-15449,UAAUAUUACAAAAAAUUUAAA,0.067435103,80.15726302,20.63917653,0.119767909,0.136909669
21ur-10763,UAUACUGUUUUUAGUUAGUUG,0,0,0.625429592,0,0
21ur-5908,UUCUCCCAUUACAUUGUACUA,0.269740413,4.422469684,9.756701634,0.838375363,0
21ur-5640,UACAGAUCAGCUGAUGAACAU,0.269740413,1.105617421,0.875601429,0,0
21ur-2441,UAAGACCUAUUUGUGCAAAAU,4.315846602,108.903316,108.5745772,19.88147289,0.136909669
21ur-5116,UAACCCAUGUUGAUUAGAUGA,8.901433616,159.7617173,500.0935017,46.94902031,0.136909669
21ur-1750,UGGUUUGCAUAUAUAUCUUAC,0.269740413,6.633704526,3.12714796,0,0
21ur-1423,UGCACUUUUGAUAGUUACUUA,0.269740413,0.55280871,2.876976123,1.19767909,0
21ur-4175,UGAGAGUGAUUUAGUUGGCGG,0.539480825,9.950556789,18.76288776,2.095938407,0.136909669
21ur-4542,UCGCACGUUCGCGUUUCGAAG,0,2.764043552,6.129210001,1.19767909,0
21ur-3882,UCGGAUAACUGGAAACCCACA,0.269740413,0,0.375257755,0.119767909,0
21ur-4650,UACUUGAUUGUAAAUCUAGAU,0,0,4.62817898,1.676750725,0
21ur-1824,UUGUGAGGACAGUGGCAUGGG,0,0,1.375945102,0.239535818,0
21ur-2669,UAUCCAGCAAUGGGAACGGUU,1.348702063,4.975278394,27.01855837,2.754661906,0
21ur-357,UGGGUUACAAUUUUUCAAUUA,0,30.95728779,12.88384959,0.838375363,0
21ur-3295,UCACAAAAUACAAUGAGGCUC,0,16.58426131,86.55945553,0.838375363,0.136909669
21ur-1931,UCAAGCUACCAAUCCUUGUAA,0,0,1.125773266,0,0
21ur-2020,UAUCUUUCUAGUUCUCUCUUC,0,0,0,0,0
21ur-3606,UUCUGUUCUCUAAAAAUCAAC,12.40805898,20.45392229,31.39656552,13.77330953,0.136909669
21ur-5126,UUUCAAUAAACUUAUGCCUGC,0,0.55280871,3.377319797,0,0
21ur-4237,UCUCGAAUAUACAUGUACUGA,0.269740413,0,3.752577552,1.077911181,0
21ur-5256,UGACGCAAACUGUUUAUUUCC,0,0.55280871,0.500343674,0.119767909,0
21ur-15672,AGCUCUUCCCCGUUAAUUACU,0,0,0.250171837,0,0
21ur-12260,UGAUUUUGAAACCCAUCUAGA,0,0.55280871,0,0,0
21ur-13790,UUUUUCCAUUAACAACUAUUA,0,0,0.500343674,0.119767909,0
21ur-7998,UUGAAUUUCAUGCCCGUGUAA,0,1.658426131,2.626804286,0.359303727,0
21ur-14328,UUCUCGAAUAUACAUGUACUG,0,0,0.250171837,0,0
21ur-9105,UUGAGGAACUUUAUAGUCUUC,0,4.975278394,1.876288776,0.479071636,0
21ur-7584,UUUAAGGAUUGAAGGUAUUUU,3.236884951,49.75278394,62.29278736,4.910484267,0.136909669
21ur-13580,UACCUCUGGGCUCUUUAAUUG,0,0.55280871,1.000687347,0,0
21ur-9201,UAAGAAAACGGUUCCCCAUUA,0,1.658426131,1.125773266,0.119767909,0
21ur-11434,UUCUGACUAUAAGAUUUUGAA,0,0,0.500343674,0.119767909,0
21ur-9819,UUACUUGAAAACUAGAGGUUU,0,0,2.126460613,0,0
21ur-7016,UGUUGUGCAUCGAUUUGUCAU,1.348702063,8.292130657,8.505842451,0.479071636,0
21ur-13918,UUUGUGAGGACAGUGGCAUGG,0,0,0,0,0