21ur-6458,UCGUGUUUAGAAAAAUUUCAA,5.934289078,93.97748078,42.40412633,18.26460612,0.342274174
21ur-7443,UUUCUUUGAGAUAUCCAAAUA,0.809221238,8.292130657,12.5711348,2.515126088,0
21ur-7630,UUGAAGGCAGGUUUUCAGUUU,0,0.55280871,1.626116939,0.838375363,0
21ur-9611,UUAUUACAAUUUAUCAUCUGA,0.539480825,1.658426131,9.381443879,2.634893997,0.273819339
21ur-10679,UGAUUUGAAUGUGAUCGACCA,0,0,1.000687347,0.119767909,0
21ur-11529,UGUUUAUUUUUUUCGUAAUGA,0,3.869660973,1.250859184,0.119767909,0
21ur-12350,UCAUUUAUGGCUCGAAUAUAA,0,0,0,0,0
21ur-213,UAGAACGCGGUAUAGCAAGAC,2.157923301,2.764043552,96.566329,5.629091721,0
21ur-805,UAUAAUAAUCCUAUUGUGUGA,0.809221238,8.292130657,27.76907388,1.077911181,0
21ur-447,UAAGAGAGAAAUAAGAGACUU,1.07896165,22.11234842,17.63711449,1.437214907,0.136909669
21ur-2638,UGUAAUGCUGAUGUUUUUCUG,3.776365777,166.3954219,95.19038389,5.988395448,0.410729008
21ur-3206,UGCAAGAAAAGAAAGAAAAUC,0,5.528087105,4.62817898,0.119767909,0
21ur-5266,UCCAUCCAUCUAAAAAUAAAA,34.2570324,684.1468466,1101.892279,46.94902031,0.958367686
21ur-2035,UAAAUUUCACUCACCUCCAAA,0.269740413,0.829213066,0.625429592,0.359303727,0
21ur-1936,UCCGAUUAGAAGGAAACCAAA,3.236884951,32.61571392,66.29553675,5.988395448,0.136909669
21ur-3531,UGUUGUUUCCUUUUACUAAGC,15.37520352,192.93024,287.3223545,28.86406606,1.506006364
21ur-823,UGCUAACUCCUGUAGAUUCUA,3.506625364,26.5348181,28.89484715,2.874429815,0
21ur-3076,UCCAGUUGCACAAUUGUUUAG,0.539480825,7.186513236,8.881100206,2.515126088,0.136909669
21ur-1925,UUGUUUGUACAAGUUUUUGAC,0.269740413,0,0.500343674,0,0
21ur-666,UGCUUUGGCUUUUCUUUUAAU,4.855327427,126.3167903,87.62268583,18.0250703,0.547638678
21ur-3100,UAAUGCAUUUUUAAUGUCGGA,0,0.55280871,0.062542959,0,0.114091391
21ur-2934,UAAUUUUGUAGGACUUCAAUU,29.53657518,691.2872925,1168.490107,104.1381968,2.053645042
21ur-5105,UAUUAUCGUCUUCUGAGCAUA,5.484721723,19.34830487,119.582138,16.16866771,0.136909669
21ur-2554,UCCGUCACCAUCAUUAAUCAU,5.529678459,52.24042314,351.3038018,19.64193707,1.16373219
21ur-2698,UAUACCGAUUCUUAGUUCCAU,6.20402949,58.0449146,220.4013882,20.95938407,0.479183843
21ur-4228,UACCCAUGUUUCAUCACAAGA,7.417861347,48.09435781,114.5161583,33.89431823,0.136909669
21ur-1474,UGCUGUCCAUAGAAUUAUAUA,7.822471966,85.68535013,118.081107,6.108163357,0.273819339
21ur-639,UUGUAAACUAAAUUGGUUACA,19.69105012,904.9478591,129.3388396,6.587234993,0.684548347
21ur-3129,UGUAUGUAAAACUUUACGGCA,5.934289078,97.84714176,42.90447001,11.01864762,0.547638678
21ur-1080,UAAGAGUACUAUAAUUAGAUG,0,6.080895815,19.38831735,1.077911181,0
21ur-5012,UGCUCCGUUAUUAUAAAGCUC,1.07896165,3.869660973,22.01512164,0.119767909,0
21ur-3875,UGUUGCACCAGGUGGAAUUGA,0.269740413,6.080895815,7.380069185,0.239535818,0
21ur-939,UAUUCAUCAAUUCCAGAUCAU,1.618442476,2.211234842,25.1422696,3.353501451,0
21ur-2115,UAGAAUAAUGUAUUGUGUCAC,0.809221238,29.85167037,81.55601879,5.629091721,0.136909669
21ur-4641,UGAGUAAUGAAAUGGGGAAUU,4.315846602,101.163994,65.16976348,8.204101763,0.136909669
21ur-1757,UUAAGAAAGGAAACGCAACCU,1.07896165,1.105617421,2.31408949,0.239535818,0
21ur-2917,UGUGACGUUGAAAUGAGUGGC,18.20747785,181.8740658,217.712041,21.01926802,0.410729008
21ur-1388,UAUCGUCUUCUGAGCAUAAGC,0.089913471,0,1.501031021,0,0
21ur-4257,UCAACUGGAAAUAUUUAUCAA,12.40805898,138.478582,123.0220007,18.08495425,0.547638678
21ur-3569,UAGAAAGCACUAAAGUAGUUU,2.697404126,65.23142784,78.17869899,4.191876813,0
21ur-1472,UAAUUUGAAAUCACCAACCAC,14.16137166,152.5752041,536.3684181,5.868627539,0
21ur-3720,UAUUAUUAUCGUCUUCUGAGC,0,0,0.625429592,0.239535818,0
21ur-1588,UCCGAAUUCGACUUUCACCAA,7.013250728,49.19997523,126.0866057,40.24201741,0.410729008
21ur-4406,UAUCAUUGGUACACUAAUUUC,1.483572269,91.48984159,85.05842451,2.27559027,0
21ur-998,UUUACACACUUUAGUCGGGAU,0.539480825,0,4.878350817,2.694777951,0
21ur-3497,UGGUAACGAUUUUUGGAAUAA,5.394808252,54.72806234,48.90859409,9.102361081,0
21ur-2460,UCUCUCUUCAGAUAUCGUUUC,1.618442476,1.658426131,36.65017409,8.383753627,0.273819339
21ur-2375,UAGAUGGUGCAACAGAACCCG,0,0.55280871,0,0,0
21ur-1393,UGGAUUAGUGGCCGUUUCAUA,2.697404126,33.16852263,0.500343674,0.479071636,0
21ur-5368,UGUAUCUCGCUUCGACCUUGA,0.269740413,0,4.62817898,0.479071636,0