21ur-544,UGGGAAAGUGUCUUCAGUUAU,1.348702063,90.10781981,14.63505245,4.311644722,0
21ur-4375,UAGGAUCUAUUUUAAUUUUUU,12.13831857,793.2804996,119.4570521,23.11520643,0.410729008
21ur-2960,UAAAAGCUUAUUUAUUGACGC,0,7.739321947,1.751202857,0,0
21ur-2974,UUUCGUAAUAGUAGAAUACAG,4.855327427,18.79549616,51.78557021,7.245958492,0.273819339
21ur-2995,UAGGAUUUUCGAAAAUGUUAC,0.539480825,4.422469684,6.004124083,1.077911181,0.136909669
21ur-728,UCAUACGUGCGCCUUGAAUUU,0.539480825,9.397748078,2.001374694,0.119767909,0
21ur-3571,UUGGGUGAUAAUCGAAAUUUU,29.9411858,714.228854,265.5574047,9.820968534,2.46437405
21ur-4794,UAGGGUUUCAACCUCAUUUCA,2.157923301,16.0314526,7.880412859,6.467467084,0
21ur-1210,UUGUGCUAGAAAAAUGUUUCU,1.07896165,76.84041076,31.64673735,0.359303727,0
21ur-1085,UUAGCGAGUAAGUGUGCGUUA,25.35559879,530.1435534,411.9079293,32.81640705,0
21ur-2064,UCCAGAAAUUCAUGUAUGGCA,1.348702063,17.13707003,5.879038164,1.077911181,0.136909669
21ur-3356,UAUGAUUGACCGAAUAAUUGA,0.809221238,17.68987874,27.26873021,3.47326936,0
21ur-4314,UCCGGACUCCGAACGUUCAGC,0,0.55280871,17.76220041,0.119767909,0
21ur-5281,UAACGAACGUUCUGUGAAAAU,1.07896165,8.844939368,8.505842451,1.796518634,0
21ur-2546,UAGGUCAAUGAUUCAUAAAUU,2.157923301,113.8785944,90.31203308,12.45586253,0.273819339
21ur-5394,UUGUUGCACAGAAUCAAAAAA,28.32274332,530.6963621,126.5244065,22.51636688,0.410729008
21ur-577,UCGAAGAAAAUUAAGUUUUCA,0,1.105617421,0.125085918,0.119767909,0
21ur-3965,UAUAUAACAAGCAACAAAUAC,4.585587014,59.70334073,124.7106606,5.74885963,0.273819339
21ur-4496,UAAGGCAUAGACUGUUCUGAC,0.539480825,2.211234842,8.380756532,4.670948449,0
21ur-3716,UACUUCGUGGCUAACUAUCGU,1.07896165,11.05617421,48.53333634,2.634893997,0
21ur-4044,UAUAUAGAACAAAUUCUUGGU,0.269740413,2.211234842,3.12714796,0.359303727,0
21ur-2564,UGCUUGCUUCUUGCAUAAAAA,19.96079053,199.5639445,150.3532739,12.0965588,0.136909669
21ur-1337,UAUAAUGAAUAUUUUGGACAA,0,9.397748078,11.63299041,0.479071636,0
21ur-1408,UUGCAAAUAGAAAGGUGGCAA,2.56253392,61.36176687,19.88866102,3.413385405,0
21ur-893,UGAAAUCUUCAAGUUGAUGGG,0.269740413,0,0.250171837,0.239535818,0
21ur-5185,UAAUUCUUGCAAAAUCGGUGU,49.63223592,622.7390124,1748.51351,86.35266236,2.259009546
21ur-777,UAGAAUCGGCUUUGUCAGAUU,8.901433616,119.9594902,219.150529,12.69539835,0.410729008
21ur-5372,UUCUAAUCCAAAAUUCUAAUC,0.269740413,5.528087105,4.065292348,0.119767909,0
21ur-1999,UGAUGUAGGGAAUUAACCAAA,4.046106189,20.45392229,29.39519082,2.155822361,0
21ur-4861,UCACAUCUUCACUUUUAGAGC,34.1221622,124.1055555,553.7553607,54.13509485,0.410729008
21ur-4431,UCGAUAACUUAAGGUGGAAAU,0.809221238,9.674152434,12.94639255,0.359303727,0.068454835
21ur-1960,UGGAAAAAUCCUGCAUUGUAA,194.2130971,3906.146348,3233.345904,160.7285338,3.696561076
21ur-1969,UGCUUUGUUGAUGUUCUGAAC,12.54292919,331.1324176,82.11890542,12.15644276,0.136909669
21ur-5406,UGAAAAUUUUCAGUUGGUAAC,0,2.764043552,7.75532694,0.239535818,0
21ur-2486,UAGAGCUAGGUUCCGAAAAGC,4.585587014,23.21796584,128.71341,18.26460612,0.136909669
21ur-4619,UAUUCGAUAACUUAAGGUGGA,0.809221238,4.698874039,2.063917653,1.317446999,0.205364504
21ur-771,UGCGAGUGAUUUGACAAGAAA,27.24378167,189.060579,212.5835183,16.0488998,4.518019092
21ur-1492,UCUUAGCGUAUUGUCAAUUUC,0.539480825,1.658426131,9.631615716,1.077911181,0
21ur-12098,UUAUUAAUUUUAUUCAAAGUU,0.269740413,2.764043552,1.000687347,0.119767909,0.136909669
21ur-8237,UCAGCGAAAAAAACAAACAAA,0,0,0.125085918,0,0
21ur-10419,UAUUGAGCAAUCGAUUCGGGU,0,0.55280871,0.125085918,0.059883954,0
21ur-10701,UCUUCGUUCAUGCUUUUCUUU,0,0,0.250171837,0,0
21ur-14840,UGAUUUGAAGAUUUGUUUUGC,0,0.55280871,0.250171837,0.119767909,0
21ur-9132,UGUUUGUCUCCAUCGACAAUU,0,0.55280871,0,0,0
21ur-5795,UGAGCAAUCGAUUCGGGUUAU,0,3.869660973,14.2597947,0.119767909,0
21ur-10489,UAAAAAUCUGAAGAAACGCAU,0,0,0.250171837,0,0
21ur-6593,UUCGCCCGUUAACUUGAACGA,0.809221238,1.658426131,13.00893551,0.598839545,0
21ur-6161,UUCGCCAUAUGCACCAGAUCC,0.269740413,1.105617421,10.13195939,0.359303727,0
21ur-11771,UAAGAAACUACUUGAUUUAUU,1.348702063,17.13707003,66.79588042,2.155822361,0
21ur-8127,UUCUUCGUUCAUGCUUUUCUU,0.269740413,0,5.128522654,0.359303727,0