21ur-5898,UCAGUAGGUGGCAUUAACAAU,5.529678459,98.39995047,39.40206429,5.509323812,0.136909669
21ur-10202,UUUUUUGAAACGGUGAUUCUG,0,5.528087105,2.751890205,0.119767909,0
21ur-3853,UUUUGGGAAAUCAAAAUGUGC,0,0,0,0,0
21ur-4409,UCUCAGCUAAAUUAAUUCAGU,1.348702063,25.42920068,29.77044858,5.030252176,0
21ur-4804,UGUUUGAUCAGCAUUGAAAAC,10.7896165,92.87186336,106.3230306,40.60132114,0.821458017
21ur-1084,UGGUACGCGCCAAUUACAUAC,0,0,0.250171837,0,0
21ur-905,UGAUCAUUCAUGUAACGGUUC,0,0,2.439175409,0.239535818,0
21ur-1688,UCAAAUUUAUUUUGCAGUAGG,0.539480825,55.28087105,215.2728655,18.08495425,0
21ur-3769,UUAAUGGAGGUCCAUUAUACG,0,0.18426957,0,0,0
21ur-4118,UAUAUAUGCGCAUUCCACUAG,1.618442476,3.869660973,35.77457266,3.952340996,0
21ur-2664,UUAGCAAGUAUUCUGACAUUC,0,0,0,0,0
21ur-3367,UAAUGGAGGUCCAUUAUACGC,0,1.013482636,0,0,0
21ur-4695,UAGCAAGUAUUCUGACAUUCG,0,0.55280871,0.500343674,0.119767909,0
21ur-2269,UGCCAAAAAAUAGAAAAGUCA,0.809221238,3.040447908,16.26116939,0.359303727,0.136909669
21ur-1052,UGAAUUUAACUUCGAUCAGGG,0,0.55280871,3.002062041,0.239535818,0.136909669
21ur-3864,UAAGUCAGUCCAUUGUAUCGA,3.506625364,38.14380102,118.8316225,7.305842446,0
21ur-2318,UGUUAUGGCAUUACGCUUGAU,1.618442476,21.006731,40.52783756,7.665146173,0
21ur-3365,UGGAGGUCCAUUAUACGCAAG,1.07896165,106.0471376,8.130584695,0.838375363,0
21ur-3835,UUCAUCCUUUUUUCCAGUUAA,2.157923301,14.92583518,55.28797593,7.066306628,0.273819339
21ur-6716,UAAUUUCCAGUACCAUAUGAC,0,0.55280871,10.00687347,3.233733542,0
21ur-12303,UCUUUCUUUAUUUUCAGGACC,0,0,0.437800714,0,0
21ur-6527,UUCUUCGAAGAUCUUCAAGGG,0,0,0.75051551,0.359303727,0
21ur-8507,UUUGCAUACGUUUUUUUCCUC,0,2.211234842,6.754639593,0.359303727,0
21ur-6908,UACAUUAUUUUGUAGGGUUUC,0.269740413,25.42920068,54.03711674,4.191876813,0
21ur-8383,UCUCGGGUUCCAAAACGAAAA,0,0,1.751202857,0.239535818,0
21ur-7559,UGAAAUUGUUGUUAAGGAACA,0.269740413,2.211234842,15.26048204,2.515126088,0.136909669
21ur-11381,UUUAAUAAAGUCUUGAAAAUA,1.07896165,32.06290521,37.02543184,2.155822361,0.136909669
21ur-13770,UUUUUGGGAAAUCAAAAUGUG,0,0,0,0,0
21ur-8151,UGCUAACGCAAUUGAUCGAAA,0,1.105617421,0.375257755,0.119767909,0
21ur-10768,UAGUUCCUUUUUAAUGGCAAG,0.269740413,0,0.375257755,0.239535818,0
21ur-12793,UUUACGAUAAAUUUAAAACUG,0,0,0.81305847,0.119767909,0
21ur-7462,UUACUUAAUGAGAAAAAGUGA,1.618442476,3.316852263,36.40000225,5.389555903,0
21ur-15178,UAUUUACGAUAAAUUUAAAAC,0.269740413,0.55280871,2.376632449,0.119767909,0
21ur-10908,UUUAGAAUAUUUCGAUUUUAA,2.697404126,77.94602818,17.76220041,4.55118054,0
21ur-6891,UGUUGAGAUAGUAAUUUUAUC,0.269740413,0,1.250859184,0,0
21ur-12498,UAAUUGAAUUGGAAAUCGGCG,0,0.55280871,0.375257755,0,0
21ur-6061,UGAUGAACUUAUAAUCGAAUU,0.809221238,16.0314526,30.64605001,1.676750725,0
21ur-7803,UGCAGUUCUUUUUCUGUCUUU,0,3.869660973,0.250171837,0.239535818,0
21ur-9353,UAAUUUCACCUUUCUUCGAAA,0,0,0.250171837,0.119767909,0
21ur-11818,UUUUUUAAUGCAAUUAGGUUC,0,9.397748078,7.129897348,0.359303727,0
21ur-6981,UAACGCAAUUGAUCGAAAUUU,0,0,3.12714796,0.958143272,0
21ur-10286,UUCAUCAACUCCGGAAUAAAA,0.404610619,0,7.067354389,0.239535818,0
21ur-15554,UAAAAACUAUAAGCUGGAUAA,0,0,2.251546531,0.119767909,0
21ur-6233,UCCGUGAUUGGUAUCUUUUUC,0.809221238,0,7.254983267,0,0.136909669
21ur-7327,UUACGAUAAAUUUAAAACUGA,4.315846602,4.422469684,44.28041511,5.030252176,0
21ur-9366,UUUUUUAGGAGUUUUACUACU,0,2.764043552,2.501718368,1.19767909,0
21ur-7187,UUCAACAAAAAAAUUUUCUCA,1.888182888,7.739321947,38.33883399,4.670948449,0.136909669
21ur-12865,UUGCUAACGCAAUUGAUCGAA,0,0,0.125085918,0,0
21ur-10378,UCGAUCUGAUUGAUAUUUAAU,0,8.292130657,7.00481143,1.437214907,0
21ur-15344,UAGAACUCCUUGUUCCCGUUU,0,0,0.75051551,0,0