21ur-13301,UCUUUCGCAACUGUUUUCUAU,0,0,0.125085918,0.119767909,0
21ur-15099,UCAGCAUACCAAACAACUCGU,0,0,0,0,0
21ur-15294,UAUAAAAAAUGUCUGGAAUUA,0,0,0.250171837,0,0
21ur-13122,UGUUUGGUUUUAAUUUUGAAC,0,0,0,0,0
21ur-14846,UGAUUGCAAAUUGGGAUAACC,0,0,0,0,0
21ur-14839,UGAUUUUUGGGUAGAAAGGAA,0,0,0,0,0
21ur-7342,UCCAACAAAAAUACAUCAUAC,0,0.55280871,2.751890205,0,0
21ur-3316,UUCCUUACUUCCUCAUUAAAU,14.56598228,932.0354859,419.6632562,44.1943584,0.410729008
21ur-793,UCAUCAGGGCGAAAGUUCAAG,0.269740413,1.105617421,6.129210001,0.359303727,0
21ur-1872,UUUACGAUGGUAAUAAUUGUU,2.427663714,99.50556789,121.7085986,8.623289445,0.136909669
21ur-5242,UCGGAUCAACAUCAAUAGAAU,0.809221238,7.186513236,7.380069185,2.036054452,0
21ur-4566,UAAACUUGGGAAAAAAUGGUC,0.539480825,6.080895815,13.38419327,1.077911181,0
21ur-1030,UUCGUUUGAUGAAGGCGACAU,2.427663714,21.83594406,48.03299266,4.431412631,0.068454835
21ur-3371,UGCUUCAUUGCCAUUCUGCAU,0.809221238,24.87639197,80.30515961,2.155822361,0.136909669
21ur-4016,UUACUAGUUAGAUAGGUGUGU,1.348702063,16.0314526,22.64055123,2.036054452,0
21ur-2655,UACUGCUUUUAAUGCAACAUG,0,0,0.625429592,0.239535818,0
21ur-616,UAAUUGUAGUGAUUGAUCAAU,36.2800855,553.9143279,614.4845741,58.68627539,0.958367686
21ur-4297,UAUACACUUGGUGAUCUCGUA,0,0,0.375257755,0,0
21ur-3029,UUGUAGUGAUUGAUCAAUUAG,11.73370795,133.7797079,122.8969148,23.59427806,0.821458017
21ur-1091,UGUAUGAAAACGUGCCGUCUU,12.40805898,223.8875278,168.3656462,6.587234993,0.958367686
21ur-738,UGGUUUUUUUCUUUCCAGUGA,8.092212378,110.5617421,116.0797323,30.54081678,0.410729008
21ur-1606,UAUGGAUGCUACAUUUUCUUU,0,139.307795,2.126460613,0,0
21ur-45,UUACAUCAAAAUUAAGUUGGG,4.315846602,36.48537489,33.02268246,14.49191698,0.273819339
21ur-2782,UAUAGCCUUUUGCAUUUAACU,1.07896165,3.869660973,2.626804286,0.359303727,0.136909669
21ur-4864,UAGCUCCUGGAUAUGUCUAGC,6.743510315,39.80222716,64.79450573,46.8292524,0.410729008
21ur-1213,UAAAUGAUAAGUUAGACCACA,26.43456044,104.4808463,287.4474405,23.47451016,0.136909669
21ur-2864,UACGUCGGUUGAUUGAAUUGG,3.776365777,4.422469684,84.93333859,31.97803169,0.273819339
21ur-1794,UAAUGAACUGACAAAAUUUGU,3.236884951,142.6246473,176.8714886,7.784914082,0.273819339
21ur-3451,UUCUUCUAUAUAUUUCUGGGC,0.539480825,65.23142784,123.5848874,4.072108904,0
21ur-4811,UGUCGAAUCGCCUUCUGUAAA,1.07896165,9.950556789,9.381443879,1.556982816,0
21ur-3950,UACUGUUUUCCUAAUCAUGGU,0,0,0.375257755,0,0
21ur-485,UUUCUGAAAAUGUUCGUAUUU,2.697404126,20.45392229,23.01580898,3.952340996,0.136909669
21ur-9218,UUUUUCUGAUAUAACGGAGAA,2.157923301,40.35503587,9.756701634,5.389555903,0
21ur-12661,UUUUCAAUCCAUAUUUGUUUU,0.269740413,1.105617421,0.375257755,0,0
21ur-8570,UCAUUGUAUUGUAUGUGUACA,0.539480825,6.080895815,2.751890205,1.077911181,0
21ur-15364,UACUAUCACGGGAGUUAAUAC,0,0,0.375257755,0,0
21ur-10627,UUACUGUUUUCCUAAUCAUGG,0,0.55280871,0.75051551,0.239535818,0
21ur-5957,UUUGACAGCGUUACGAUAAAA,0.809221238,18.79549616,24.32921113,2.874429815,0.136909669
21ur-10230,UUUCUCUUGAAACACUAUUUU,1.348702063,20.45392229,12.00824817,2.036054452,0.136909669
21ur-6780,UAUUUUUUCUGAUAUAACGGA,0.539480825,7.739321947,0.875601429,1.556982816,0
21ur-13686,GCUUGAGCUGAAACCCACUGA,0,0,0.125085918,0.119767909,0
21ur-10892,UUUCGCCCUGAUGAACAAAAA,0,1.105617421,0.500343674,0,0
21ur-8608,UUUGGAUUUUCUAAUUGCGAA,0.809221238,16.0314526,5.253608572,7.545378264,0
21ur-11525,UGUUUUCCUAAUCAUGGUUCU,0,0.55280871,0.125085918,0,0
21ur-10014,UUUCGUUUGAUGAAGGCGACA,0.269740413,6.357300171,9.006186124,1.19767909,0.205364504
21ur-7323,UUGACAGCGUUACGAUAAAAA,0,2.764043552,3.314776837,0.239535818,0.136909669
21ur-10019,UUUCAACUACAACAUUUAAUA,0,4.422469684,5.003436736,0,0
21ur-6673,UUACAAUCAGGUUCUAUAAAA,0.809221238,10.5033655,6.879725511,0.239535818,0.136909669
21ur-14002,UUUCUAUCGGUUUCAUUCAAA,0,0.55280871,0.500343674,0,0
21ur-13359,UCGAAAAUGAAAAUGAUCUCA,0,0,0,0,0