21ur-8062,UUCUGAAAUUGGAAUUCGAAC,0.269740413,8.844939368,5.628866328,0.239535818,0
21ur-6438,UCUCUAGUCUAGAAUUUGAAA,0.674351032,6.080895815,10.8824749,0.598839545,0
21ur-6431,UUAUUUGCCGUCAAGCUUUCU,21.26453586,42.013462,2327.223512,7.305842446,0
21ur-7918,UCCUGAGCUAUAUUCCUAACU,0,5.528087105,0,0,0
21ur-5944,UGUUGAUAAAGCAUCCUUCAA,1.348702063,26.5348181,5.879038164,0,0
21ur-5899,UUCUCAAUGUAGUAGUAAAAA,1.348702063,30.95728779,21.20206317,2.395358179,0.068454835
21ur-5496,UCAUAUCACAUUUAUGACAAA,0.539480825,127.6988121,39.40206429,4.311644722,0
21ur-10694,UGAACCGGUAGAAUAUGAAUA,0,0.55280871,8.505842451,0.359303727,0
21ur-12659,UUUUCAGACGAGCAAAAAACA,0.134870206,2.764043552,0.875601429,0.119767909,0
21ur-8022,UCUUCAAUGUAUGGACCCAAC,0.269740413,10.5033655,13.88453694,0.598839545,0
21ur-15376,UACGAUGUCCACUUAAAACGG,0,0,0.125085918,0,0
21ur-7933,UACAUAAGAUGUUUGUUUUCG,0.269740413,1.658426131,4.127835307,0.598839545,0.136909669
21ur-7697,UGCAGAAUCAAAUAAUCAUUC,0.269740413,1.105617421,0.75051551,0,0
21ur-13707,CCGAAAUAGAUAACCAUCAGU,0,0,0.250171837,0.119767909,0
21ur-13868,UUUUCGUAUUUAUCUUUAAUA,2.56253392,34.82694876,9.881787553,1.317446999,0
21ur-15466,UAAUAAUGGUGUUGCCAGAAG,0,3.593256618,7.630241022,0.179651863,0
21ur-9394,UUUAUUUGGAGCAUGAUCAAA,0.629394296,2.948313123,5.816495205,0.778491408,0
21ur-9240,UUUCUUAUUUUCUUCGAUCUU,0,1.105617421,3.752577552,0.239535818,0
21ur-7591,UGUAAUGAAGGCCUUCCUUGG,0,5.528087105,5.378694491,0,0
21ur-14669,UGUUGGCUUACGUGGAUAAUU,0,2.764043552,0.625429592,0.119767909,0
21ur-10710,UCGUGUAGAUCGAACUAGUGA,0,0,0.125085918,0,0
21ur-8580,UAUUAUUCGGAUUUCAGAUAG,0.269740413,0.276404355,1.938831735,0.359303727,0
21ur-9514,UACCUUCUCUUUAAUAAUUCC,0.269740413,4.975278394,2.126460613,0.598839545,0
21ur-12924,UUGAAAAAUUAGACUUUACGU,0,0,0,0,0
21ur-12276,UGAUAAGAUUUGUACCUCAUU,0,0,0,0,0
21ur-14276,UUGAAGUUCUUCGCUGAGUUU,0,1.105617421,0.625429592,0,0
21ur-10490,UAAAAAAGAAAAUUUUUAAAU,1.348702063,110.5617421,30.33333521,0.479071636,0.136909669
21ur-6132,UUUAAACAUUCCCUGUAGAAA,1.618442476,17.68987874,17.38694266,2.27559027,0
21ur-13397,UCAUUUUACGGAAUUUCAAUG,0,1.658426131,4.378007144,1.077911181,0
21ur-7476,UAGAUUUUUUUCAGGUUCCCU,1.348702063,17.68987874,21.13952021,4.311644722,0
21ur-8120,UUUAUUAUGCCGUUGUCCGCU,1.07896165,7.647187162,28.45704643,1.437214907,0.410729008
21ur-12043,UUCUCAAACUUCUAUAUGAUA,0,0.829213066,0.062542959,0,0
21ur-13042,UUAUAUGGUAUUUGUUUCAUU,0,0,0.125085918,0,0
21ur-7896,UUAUUAUGCCGUUGUCCGCUA,5.934289078,14.00448733,89.06117389,2.754661906,0.136909669
21ur-14241,UUGAUGAGUGACACACACGGC,0,0,0,0,0
21ur-9851,UGCUUUGACUUAAGAAGAAUU,0,4.422469684,1.000687347,0,0
21ur-7044,UAUUUUUGCAAUAGUGAUGAA,2.697404126,33.16852263,11.00756082,3.353501451,0.136909669
21ur-10004,UUUGCAUCGUUGAAAUACCCA,0,0.276404355,1.876288776,0.718607454,0
21ur-10045,UUGAUUCUGGAUCAAUGUUUC,1.348702063,14.37302647,13.50927919,5.269787994,0
21ur-11185,UAUUCCAAUAUUGUAGUAAAG,0.269740413,0,4.378007144,0,0
21ur-5594,UCUUGCUUGGACAUGGAAAUU,0.539480825,9.397748078,49.15876593,5.74885963,0
21ur-15407,UACAAAGCUGAUUUCGAGUUG,0,1.105617421,0.250171837,0.419187681,0.068454835
21ur-6459,UCACUUCUUUUUAGUCGACAU,0.269740413,2.764043552,4.252921225,0.958143272,0
21ur-11119,UGAAGUGAUCCAGCAACUACC,0,0,0.75051551,0.119767909,0
21ur-14318,UUCUGCAAUCGAUUUCUGCAA,0,0.276404355,0.562886633,0.059883954,0.068454835
21ur-7656,UGAUCCGAACACAGCAAUGAA,0.269740413,1.105617421,14.88522429,0.718607454,0
21ur-9308,UCUGUGCGCAGCAUCUUCAAA,0.269740413,1.105617421,2.626804286,0.958143272,0
21ur-8961,UUGCUCGUGUAGAUCGAACUA,0.134870206,0.55280871,0.250171837,0.239535818,0
21ur-5466,UUCGACGUGUUUUUUAAUACA,4.046106189,68.5482801,57.91478021,1.676750725,0
21ur-9667,UCAGUUUUUUAAACUCGUUUU,0,0.55280871,0.625429592,0.119767909,0