21ur-1616,UGCGUUUAUCAGUAGUGAGGU,1.07896165,15.47864389,32.27216694,3.593037269,0.136909669
21ur-641,UCCUUGGGAAAUUUAUCGUCU,14.83572269,28.74605295,122.7718289,47.00890426,0
21ur-3793,UAUGGAAAGUUUAGAUUCUUC,0,6.080895815,0.500343674,0.53895559,0
21ur-2457,UGCAAUUUAGUGCAUCUGAGC,0,0,0.625429592,0,0
21ur-1295,UGAUUGAAACGUAACGUUCAG,1.07896165,7.739321947,2.001374694,0.479071636,0
21ur-706,UCUUGCCUUCACACCAUUUUC,0.269740413,5.528087105,2.376632449,0.359303727,0
21ur-3099,UACGCUUGUUUUUUGAGAAGC,7.552731553,124.3819599,92.31340777,7.305842446,0.136909669
21ur-3277,UCAAGAAUUGAUAGCGCUUGC,4.585587014,77.39321947,147.0384971,76.89099755,0.684548347
21ur-4761,UUCCAGUCCACGUAUGGUAUU,1.348702063,2.211234842,8.818557247,3.772689132,0.273819339
21ur-1389,UUCAUUCAGCUCACCAUCAGC,5.664548665,3.869660973,233.035066,17.48611471,0.410729008
21ur-128,UGCUGUCUUCCUUCUCAAAUU,15.64494393,8.292130657,1.000687347,19.52216916,0.273819339
21ur-917,UGUUUUGUUCAGAAAUGCGUG,1.753312682,26.5348181,45.15601654,39.82282973,0.205364504
21ur-2508,UCGCAUUUAAAAAUUUAACGA,62.57977573,341.6357831,303.1457232,124.0795537,0.547638678
21ur-3727,UGUGACUUGUGUCUUGUAAAU,35.87547488,23.21796584,12.75876368,35.57106896,0.547638678
21ur-4883,UGGAGAUAUAUAGUGGUUUGA,82.00108544,622.7390124,85.49622522,16.76750725,1.779825703
21ur-4526,UAACUAUAAAAAAUAAAAUCA,4.585587014,72.97074979,44.9058447,2.036054452,0
21ur-13666,UAAAAUUUUCAGAUGGAAAUG,0,0,0.125085918,0.119767909,0
21ur-6541,UUUAUCAAAAUUGUUGUGAAU,1.07896165,66.33704526,63.79381838,12.21632671,0.136909669
21ur-11468,UUCAAACAUCAAAUAAUGAAC,3.506625364,2.211234842,0.125085918,3.832573087,0
21ur-10595,UUCCCUAUUCAGGAUACUCUG,0.269740413,1.658426131,4.878350817,0.119767909,0
21ur-11062,UGUGUUCAUAACUAUGACUGA,0.269740413,0,0.875601429,0.598839545,0.136909669
21ur-14142,UUGUUAUUGUUCUUCAAGGAU,0,0,0.437800714,0,0
21ur-14192,UUGGGAAUCCGAUUUGAUCGA,0,0.55280871,0.187628878,0,0
21ur-9764,UUUAUCUGCUCCACAUUUUCC,0.539480825,2.764043552,9.131272042,0.958143272,0
21ur-7974,UAUAGUUAAUCGAUAUUCGUA,0,0,1.125773266,0.239535818,0
21ur-12152,UUAAAAAAAAACCAUCACAAG,0,2.211234842,9.756701634,0,0
21ur-14182,UUGGUUAAUAAAGAUAGAUCU,0,4.975278394,0.687972551,0.778491408,0
21ur-10793,UAAUUCAUCGAGACAAGAAAA,0,1.105617421,3.87766347,0.718607454,0.136909669
21ur-7744,UUGCAAAUAAAUAAAAUCCUC,12.13831857,0,2.376632449,8.862825263,0.136909669
21ur-11540,UGUUACUCUAUACAAAAAAAA,0,11.60898292,3.815120511,0,0
21ur-15066,UCCACGUAUGGUAUUUCAAUU,1.618442476,0.55280871,0.250171837,1.437214907,0
21ur-7557,UGAAUGAUUGGACAUAAUCUU,0.269740413,1.105617421,4.252921225,0.119767909,0
21ur-14616,UUAAGGGACCUCUAAUAUUUC,0.49452409,14.8337004,3.502405715,0.419187681,0
21ur-8711,UUUAUUGGUUUUUUGUUAGCU,7.282991141,17.68987874,13.75945102,6.707002901,0
21ur-5987,UGGGAAUCCGAUUUGAUCGAA,0.269740413,2.211234842,4.940893776,0.119767909,0
21ur-7144,UUUCUACUUUACUCUGAUGUA,2.292793507,24.32358326,5.40996597,0.898259317,0.136909669
21ur-15636,CAUAAAAAUUUUAAGCCCCCA,0,0.55280871,0.250171837,0,0
21ur-13278,UGAAUACUUUGAUUGAUUUGA,0.269740413,0.55280871,0.500343674,0.239535818,0
21ur-13569,UACUCUACCGUUUUUGUGAAA,0,6.633704526,0.250171837,0,0
21ur-8132,UUCAAUACAUCAAACAAUGAA,0.404610619,3.316852263,5.816495205,0.119767909,0
21ur-14350,UUCGGAAAAAAAAUGCAAAAA,0,0,1.876288776,0.239535818,0
21ur-10781,UACUCUAUACAAAAAAAAAAC,0,11.05617421,5.941581124,0.239535818,0
21ur-15183,UAUUGUUCUUCAAGGAUAAAA,0,0.55280871,0,0,0
21ur-13515,UAUGAACUCACUCAGAAUGUU,9.440914442,0,1.375945102,11.49771926,0
21ur-10037,UUGUAUCAUGUUUUUUCUCGU,2.967144539,1.105617421,4.378007144,2.874429815,0
21ur-6215,UGUCAACAUUUUGUUCAAAAU,0,1.105617421,2.376632449,0.479071636,0
21ur-12764,UUUCAGAUGUGGAUCAAACGC,0,0.55280871,1.125773266,2.994197724,0
21ur-6617,UUUCUAGAAUUGUUUUGGAGA,41.40515334,7.186513236,9.381443879,32.69663914,0.136909669
21ur-14286,UUGAAACGUAACGUUCAGUUG,0,0,0.500343674,0,0
21ur-9499,UAUUAAGGGACCUCUAAUAUU,0.089913471,2.948313123,2.501718368,0,0