21ur-6268,UAUGACAAGGGGAGAAAAAAU,0.269740413,9.950556789,19.51340327,1.19767909,0.136909669
21ur-15417,UAAUUGAUUUUUCGGUAUGCC,0,1.658426131,0.625429592,0.119767909,0
21ur-7050,UAAGCAAUAAAAUGAUAAAGA,1.348702063,7.186513236,16.76151306,0.958143272,0
21ur-7324,UUCGCUAUUUCUAUGCCAUGU,0.269740413,1.105617421,11.88316225,0.359303727,0
21ur-8744,UGUUUCGAAUGUUUGAAACAG,0.269740413,0,0.500343674,0.119767909,0
21ur-12299,UGAAAAAAUUUGGGUAACUCG,0,1.105617421,0.875601429,0.059883954,0
21ur-14208,UUGGAAGAAGUCAAAGUCAUG,0,0,0,0,0
21ur-12488,UACCCUUCGUUUUCUAAUUGU,0,1.105617421,1.125773266,0.299419772,0
21ur-12982,UUCCAUUGUUAAUACAACACG,0,0,0.75051551,0.239535818,0
21ur-9057,UACCUUUUGAACGUCAUUCUA,0,1.105617421,4.252921225,1.676750725,0
21ur-9407,UUGGAAGACGAGAAAAAAAUU,0.269740413,7.186513236,2.626804286,0,0.205364504
21ur-13835,UUUUGAUUUUGAGAAACCCUU,0,6.080895815,2.251546531,0.239535818,0
21ur-9459,UCUUAUUGCAUUCUCUUUCAU,0,1.658426131,6.567010715,0.479071636,0
21ur-12978,UUCCUCUGACGUUGUACCAUU,0.269740413,0,3.87766347,0.359303727,0
21ur-14744,UGGUGAGAAUUAAAAAUGAGC,0,0,0,0,0
21ur-12807,UUGUUUUCUCGCUGUUUUGUC,0,0.55280871,1.000687347,0.119767909,0
21ur-12600,UUUUUUUAGGAAAACUCGAAA,0,0,0,0.119767909,0
21ur-12457,UAGGAUCGGAACGUAAAUAGA,0,0,0,0,0
21ur-13213,UGCCUAUGUUUUUCACGUACC,0,2.211234842,0,0,0
21ur-11898,UUUGAAUAAAGUUUGCUGAAA,59.07315036,4.422469684,5.128522654,37.66700737,37.30788493
21ur-15567,GUUAAGUUGUGCAAGUAUAAC,0,0,0,0,0
21ur-10824,GUUUUGAAUAAAGUUUGCUGA,68.10945419,3.869660973,0.625429592,24.61230529,20.74181492
21ur-15059,UCCAUUUAAUUUCUCAUCGAC,0,1.105617421,0.125085918,0,0
21ur-13160,UGUAGUCGAAGUUUCAAUUGU,0.269740413,0,0.250171837,0.239535818,0
21ur-14446,UUCAACAAUUGCAAAUUUCCA,0,0,0,0,0
21ur-15343,UAGACGGCAUCAUCAGAAGAA,0,0,0,0.239535818,0
21ur-15022,UCGAUGUUUUUUCUGACUUUU,0,1.658426131,0,0,0
21ur-15063,UCCAGAUGAUCUAUGUCCCGU,0,0,0,0,0
21ur-3396,UGUGGUUUUAAUAUUGAUAAA,62.84951614,1450.846461,195.6656478,47.66762776,0
21ur-3942,UGCAUAGAACGAACCUUUUUC,4.518151911,25.01459415,72.67491858,5.150020085,0.410729008
21ur-2719,UCACUGAAGUCACUCACAAUG,8.631693204,22.66515713,19.88866102,12.69539835,0
21ur-1345,UAUUAUUGUAGCCUCUAUCAU,0,0,0,0.119767909,0
21ur-4061,UUAAUCUGGUGUGGGUAAAAU,14.9705929,735.5119893,1115.891478,16.88727516,0.547638678
21ur-1053,UGCAUCGUUGUCAUUGAAACC,0,0.55280871,4.878350817,0.958143272,0
21ur-1968,UCACUCAUCAAGAUUUUUCUC,3.236884951,13.82021776,104.3216559,8.862825263,0.410729008
21ur-4638,UAGGAUAGAUAUAUGAUAAGU,4.585587014,118.301064,131.840558,13.05470208,0.136909669
21ur-4134,UACUCUUUAAUCUUAUGUGCG,19.42130971,1432.327369,797.9230734,47.06878822,0.547638678
21ur-5450,UGUGAUAGGGAAAUAAAGACG,19.55617991,559.442415,482.9567309,8.383753627,0.547638678
21ur-3114,UAGUAGUUUGUCGAUAUAUAU,9.710654854,220.0178668,239.9147915,19.64193707,0.273819339
21ur-4554,UCUGAACACUUUUCGAUUUUC,4.046106189,55.83367976,83.55739348,48.02693149,0.410729008
21ur-4464,UAUUUCGCCCGCUUCCCAAAC,2.697404126,85.13254142,229.6577462,0.838375363,0
21ur-205,UUCGGAAGCUAAACUCUGCUU,0.134870206,23.21796584,5.065979695,0.658723499,0.205364504
21ur-2353,UGAAAACUCCAUAUUAUAUUC,1.07896165,16.58426131,31.2714796,2.874429815,0
21ur-4748,UACAACGUAGAGUACUGGCUA,30.48066663,479.8379607,642.191105,19.40240125,0.821458017
21ur-2343,UAGAAUUCGUGAUUACAAAAA,0.809221238,17.13707003,10.38213123,0.838375363,0
21ur-5227,UCUUUCGAGUACCAUAGGACG,1.07896165,5.25168275,36.21237337,8.0244499,0
21ur-3354,UCAUUCAUACUUUUAUUUAUG,1.07896165,46.98874039,6.129210001,1.676750725,0
21ur-4592,UGGUCAAGGCAUCAUUAUUCA,0.809221238,20.45392229,3.87766347,0.598839545,0
21ur-750,UUGUUACGAAAAUGGAACGGA,0,0,0,0,0
21ur-3473,UAUUGAGUUUUGUGUAUCCAA,21.98384363,372.0402622,98.63024665,38.02631109,0.273819339