21ur-8121,UUUAGUUGCCAUAUGAAUUUG,1.348702063,48.64716652,65.92027899,4.55118054,0.273819339
21ur-7365,UUGAUCUCCAAUUAAGGAUAA,1.618442476,30.12807472,34.21099868,5.090136131,0
21ur-13461,UAUUUAAUAGCUGUAACUUGU,0.539480825,0,1.501031021,0.119767909,0
21ur-13837,UUUUGAUGUUUUUCAAGUUUU,0.134870206,2.764043552,0.625429592,0.598839545,0
21ur-9833,UGUUAGUAAAAAAAUUCGAGA,0,0.55280871,5.003436736,0.479071636,0
21ur-5757,UCUCACAAAAAAGAUUUUCUA,3.506625364,56.93929718,68.17182552,7.425610355,0.410729008
21ur-6144,UCAGAAACAUUUUCUCAAAGU,0.539480825,9.397748078,9.756701634,0.598839545,0
21ur-13026,UUAUUUACCAACUUUGCUAAU,1.07896165,30.12807472,53.41168715,2.994197724,0
21ur-7210,UUUUAUUGUCGAAAUUUAAUU,0,1.658426131,3.189690919,0.119767909,0
21ur-5833,UUUGGCCUAGAAAUUUAAGAU,10.7896165,488.6829001,74.42612144,2.874429815,0.273819339
21ur-8747,UGUUCAAAGCUAUGUUCAAUA,0,0.55280871,0.875601429,0.239535818,0
21ur-6771,UGGAAGAUUGAUACUUUUUUA,0.539480825,4.975278394,3.252233878,3.832573087,0.273819339
21ur-11452,UUCAGUUUCCACUUGCUUCGU,0,1.105617421,0.250171837,0,0
21ur-6528,UGGAUAGUUUUUUUGGACACU,0.269740413,4.422469684,0,0.598839545,0
21ur-7203,UAUAUACGCCGACUAGAGAAU,0,10.5033655,21.51477796,0.718607454,0
21ur-6619,UUCUUGGAUAUGUGUUGCUAA,1.888182888,80.71007173,65.92027899,10.18027226,0
21ur-7821,UAGUGAAACAAUUGUUGUAAU,1.07896165,11.60898292,17.63711449,2.634893997,0.136909669
21ur-7475,UAGGAUGAUUGAAAUUUUUAU,3.776365777,126.040386,37.15051776,1.796518634,0.136909669
21ur-6540,UUUGACAGUUGCUAGGUUUUU,4.180976396,233.2852758,109.4501786,21.19891989,0.479183843
21ur-13092,UUAAUUCAAGCAACAAUACCU,0,0,0,0,0
21ur-15155,UAUUUUUACUUUAUUGUGCAA,2.787317597,107.0606203,64.2733144,6.467467084,0.136909669
21ur-13772,UUUUUGCAUAAUUAAAAGCUC,0,0,0.250171837,0,0
21ur-7636,UUCAGGAUACGAAUAUACGGA,0,0,0,0,0
21ur-15489,UAACGUCUGAAUCAUGCGAAA,0,0,0.125085918,0,0
21ur-12196,UGUGAUUAUUUCCUGGAAUGG,0.269740413,3.040447908,3.439862756,0.479071636,0.068454835
21ur-9614,UUAUCAACUGGUAGACUAUAG,1.07896165,8.844939368,10.13195939,0,0
21ur-6787,UUCGUCGUUGAAGUUGUUCAA,1.07896165,8.292130657,33.52302613,3.952340996,0
21ur-11366,UUUAUUGCACAAUUGAUAAGG,0,0,0.250171837,0.119767909,0
21ur-8147,UGGUUCAUCGUUUAGUGUAUU,0.809221238,1.105617421,10.00687347,1.077911181,0
21ur-7165,UCACAUUCCCGUUUAAAAAAU,0.809221238,0,13.38419327,0.119767909,0
21ur-8135,UUAUAAUAGGGUUUAAGAUUU,3.371755158,31.5100965,45.65636021,12.63551439,0.889912852
21ur-8497,AGCUAGUGAUUGAGUAGUAAU,0.539480825,1.658426131,1.375945102,0.598839545,0.958367686
21ur-15095,UCAGCUUUUUCCACUUAGAAA,0.539480825,6.080895815,4.378007144,0,0
21ur-6430,UUCCGGCCUGAAAGGUAACUA,0.809221238,4.975278394,14.00962286,0.598839545,0
21ur-14212,UUGCUUGGAUAAAAAGCGUUG,0,0.276404355,0,0,0
21ur-10632,UUACAGAGGCAGUUUUAUAUU,0,1.105617421,0.250171837,0.119767909,0
21ur-10761,UAUAUACAGUUGCACCUUGUU,0.269740413,0,6.004124083,0.838375363,0.136909669
21ur-15619,CGCGAAUUAGGCACUAUGGGG,0,0,0,0,0
21ur-7862,UAGUAAAGGAAUUUUUAGCAU,0.539480825,0.55280871,1.501031021,0.239535818,0
21ur-11951,UUUACUUUUUAUGAAAAAAAA,0.269740413,10.87190464,2.501718368,0.239535818,0
21ur-7409,UUGAUCAAAAAAUUUUCAAAA,1.888182888,152.0223954,50.40962511,4.55118054,0
21ur-11981,UUGGUUCGCUUGGAAAGUAAC,0,5.80449146,0.250171837,0,0
21ur-14971,UCUCUUUGCUUUUGAGUUGAA,0.269740413,0,0.062542959,0.239535818,0.068454835
21ur-6121,UCUUCAUCUUUAUUUUUCACC,2.427663714,34.82694876,35.02405715,4.072108904,0
21ur-7567,UCAUGUUUCUUUUAGAAUUUU,1.888182888,4.975278394,7.630241022,5.030252176,0.136909669
21ur-5772,CACAAAGUAAACUAGUAAUAA,0,1.658426131,1.501031021,0,0.273819339
21ur-11864,UUUUCCGUUUAAAUUGAUUUU,0,4.975278394,2.001374694,0.359303727,0
21ur-7852,UCUCAUAACCAUUUACAUCCU,0.539480825,0.55280871,4.002749388,0.359303727,0
21ur-7939,UUUUAGAAGAUGACUCACCUU,0.269740413,15.20223954,4.440550103,1.19767909,0
21ur-5641,UCGAAAUAUAAAGAAAAUUCA,0.269740413,1.658426131,7.00481143,0.479071636,0