21ur-14155,UUGUGAUUCAAGCUGGUAUAA,0,0,0.187628878,0.179651863,0
21ur-12452,UAGGUGAAGUAUACCUUCAAU,0,0,0.250171837,0.119767909,0
21ur-6211,UUAUCUCAUAAUUUUCUGAUA,8.631693204,322.8402869,53.66185899,35.33153314,0.684548347
21ur-8283,UUAUCCUAGAAUGACAAAUCA,0.809221238,10.22696114,25.70515623,1.676750725,0
21ur-6751,UCUUUUGUCCGGAUAUUAACU,0.809221238,32.61571392,45.03093062,9.701200625,0
21ur-8099,UACUUUUUGUGUAUCCAUUCU,1.07896165,9.397748078,28.89484715,1.077911181,0
21ur-13620,UAAUAUGUAUUUAAAACAAAA,0,0,0.875601429,0,0
21ur-7982,UAAACCUAGUGAAAGGAGGGG,0,0,0.125085918,0,0
21ur-13584,UACCCAAACAGUUCCAGUUUG,0,0,0.375257755,0.119767909,0
21ur-14232,UUGAUUGGAAUCCCUGUCACU,0,0,0.187628878,0,0
21ur-13602,UAAUUUCUUCCUAUCUUGUUU,0.269740413,3.869660973,2.001374694,0.718607454,0
21ur-15390,UACAUAUGCAUAACCAAAGUU,0.269740413,0,0.625429592,0.479071636,0
21ur-13171,UGGUUGAUGUUUCGUCUUUAG,0,1.658426131,0.81305847,0.299419772,0
21ur-5589,UGAAAAAAAGAUGAUUAAAAA,3.071254873,38.14380102,12.88384959,0.958143272,0
21ur-7706,UCUUCUUUAUUCGGUAUGCGU,0.269740413,3.316852263,9.756701634,0.958143272,0
21ur-7051,UUUGAUUGGAAUCCCUGUCAC,0,3.869660973,5.44123745,0.838375363,0
21ur-10579,UUGAACAAUUGAAAGUAAUUG,0.269740413,0,0,0.239535818,0
21ur-9670,UCACUUUUUUCAAGAACUUAA,0,0,0.875601429,0,0
21ur-9654,UCGAAGAGGCUUCUACAGUCA,0,0.55280871,1.250859184,0,0
21ur-14455,UUCAAAAAAAAUCGUCGUUAC,0,0,0.375257755,0,0
21ur-13985,UUUCUUGAUACGACAAAUUGA,1.888182888,0,0.250171837,0.958143272,0
21ur-14484,UUAUUAGAGAGACACAGAGAA,0,0,0.125085918,0,0
21ur-15380,UACCUGAAAUACCUGAAAAUG,0,0,0,0,0
21ur-11854,UUUUCUUCAACUGUGGAUUAA,0,0.55280871,0.125085918,0.359303727,0
21ur-14574,UUACCGCAGUGAUUGUUGCUC,0,0,0.250171837,0,0
21ur-13227,UGAUUUUUUAAGGUUUUGACC,0,5.528087105,1.000687347,0.299419772,0
21ur-12220,UGGUUUUCUAAAAACUCAAAA,0,2.764043552,0.125085918,0,0
21ur-14199,UUGGAUUAUAAAUAGAUAUUA,0,0.829213066,0.187628878,0.239535818,0
21ur-8221,UGGAUUAUAAAUAGAUAUUAC,0.269740413,36.20897054,5.566323368,0.838375363,0
21ur-12366,UCAAUUGUAUGUCAUCUUAAU,0,6.080895815,6.25429592,0.359303727,0
21ur-14629,UUAAAUUCCUCUCUUGCCAAC,0,0,0.250171837,0,0
21ur-14652,UGUUUUCACUUUAUCCUCGCU,0,0,0,0,0
21ur-6496,UCAGUCUUGAGGACCCGAAAG,0.269740413,3.316852263,8.380756532,0.598839545,0
21ur-12296,UGAAACUAUUUCAGCUGCAUG,0,0,2.126460613,0,0
21ur-9054,UAGUGGACCGACUUACUUUAA,0,12.71460034,3.002062041,0,0
21ur-9181,UAUACCCCUAUGACUAUCAAC,0,0,0.875601429,0,0
21ur-7676,UUUUCAUCCGGCAUAACUAAA,0,2.211234842,1.876288776,0.119767909,0
21ur-15262,UAUCUAUAACAUUCUCCGUGU,0.269740413,1.105617421,0.625429592,0.119767909,0
21ur-14136,UUGUUCUUUCGGUAUCGAUUU,0,1.658426131,0.75051551,0.838375363,0
21ur-10382,UCCGUUAAAAGCAUGUGCCAC,0,2.764043552,3.87766347,0.239535818,0
21ur-7086,UUCUCGCAGGUCUUUGAAAAU,0,8.844939368,3.752577552,0.479071636,0
21ur-14110,UUUAAUUCAAAAACUAACUUG,0,0,0,0,0
21ur-7788,UUGAGUCGAGGUUUCAACACU,0,0.55280871,1.000687347,0,0
21ur-9557,UUUGAGUCGAGGUUUCAACAC,0,0,0.125085918,0,0
21ur-12215,UGUACAUCUUUUUUUUUAGUU,0.269740413,0,0.75051551,0,0
21ur-6639,UAGGGAAUCUGGAAUGGAAAU,0.269740413,0,4.127835307,0.359303727,0
21ur-8152,UGAUUUUUUGAUAUACAGAAC,0.269740413,4.422469684,1.125773266,0.239535818,0
21ur-8246,UAGUCAUAGGGGUAUAUCUAA,0.269740413,0.55280871,1.501031021,0.239535818,0
21ur-11602,UGAAGUAUUUUUCCCCCUUUU,0,2.211234842,0.250171837,0,0.136909669
21ur-6599,UGAAGUAGUUAGUUCAAAUAA,0,0.55280871,1.375945102,0,0