21ur-5039,GUCUACAAAUCAUUUACUAUA,0.282255903,101.2005589,34.29418082,0.263980814,0.002043428
21ur-3483,UGAUCUUUUUGCAUACAUUAG,1.888182888,59.70334073,41.90378266,6.108163357,0.136909669
21ur-5381,AUAAUACAGUUCUGUGAAAGU,0,0,1.250859184,0,0
21ur-13442,UCAAAUUUUGGCGAAUCUAUU,0,2.211234842,5.753952246,0.718607454,0
21ur-8807,UUUUCUGGAGAUUUUAUAUAC,0,0,4.878350817,0.119767909,0
21ur-13773,UUUUUGCACGGUUUCGUAUUA,0.134870206,1.105617421,0.75051551,0.359303727,0.068454835
21ur-10350,UGCAAUCAACUUUUUGAGUCA,0,0,0,0,0.136909669
21ur-5880,UUUUAUCGAAGGAAACCCAUU,0.539480825,10.5033655,8.130584695,0.359303727,0
21ur-7598,UCUCCACCUUUUUCCAUUAGU,1.07896165,3.316852263,7.880412859,0.239535818,0.136909669
21ur-7398,UAAUCUUGUUCUCUCCCAAAG,0.539480825,1.658426131,10.06941643,0.239535818,0
21ur-8717,UUGUUUUUUUUUCCCCAUAAA,0.539480825,9.397748078,5.253608572,0.119767909,0
21ur-11339,UUUGGUUGUACCUUUAAAACU,0,1.105617421,0.625429592,0,0
21ur-12876,UUGCAUCCAUUCCAAAUAUGU,0,0,0.375257755,0,0
21ur-12619,UUUUUCGAUCUUUGGGUUUCA,0,0,0,0,0
21ur-11584,UGCACGAUAUUUUUUGCUAUA,0,1.658426131,0.375257755,0,0.136909669
21ur-6114,UACCUCUCUUUUUUCGAAACG,9.171174029,63.020193,179.373207,7.904681991,0.410729008
21ur-14014,UUUCGAGUUUGGUUUUUGAUU,0,0,0.250171837,0.059883954,0
21ur-6328,UUUAUAUAUCGUGUUGACUUA,0.269740413,10.5033655,4.878350817,0.718607454,0
21ur-8510,UUUGAAGAGUAAUAAAAAAAU,1.213831857,22.94156149,5.065979695,0,0
21ur-8323,UAAUUGUUUCAUCAAGCUUUU,1.348702063,22.66515713,13.6343651,5.389555903,0
21ur-10769,UAGUGCACAUGUACUUUCUUG,0.269740413,1.105617421,0.125085918,0.359303727,0
21ur-11177,UAUUUCAUAGUCAGAAAAAUU,0.539480825,0,1.876288776,0,0
21ur-9784,UUGCACCAGAUGUAAUGAAGU,1.213831857,0.55280871,0.375257755,2.215706316,0
21ur-14638,UUAAAAUACUAUUUGAUUCAA,0,0,2.126460613,0.239535818,0
21ur-12709,UUUGCUGUUGUUCAUGUCGUG,0,0,0,0.119767909,0
21ur-9580,UUGCCGCGCACCCCUGACUUG,0.269740413,29.57526601,3.377319797,0,0
21ur-10667,UGGAAAUUAUACAUGUCAAAU,0.809221238,25.98200939,4.378007144,3.712805178,0
21ur-13691,GACUAUUGAUUUUGUUUGGAU,0,3.869660973,0.187628878,0.299419772,0.273819339
21ur-11989,UUGGAUAGUACAAAAAAUAUU,0,0,0.125085918,0.119767909,0
21ur-14548,UUAGAUAAGAAAUGUUGUCAC,0,0,0,0,0
21ur-8302,UCUUGAUUCGUUAGUUUUUUU,0,24.87639197,32.39725286,23.71404597,0.958367686
21ur-12046,UUCUAAGGUGAUCAUUAAUUG,2.157923301,22.66515713,22.20275051,1.257563044,0
21ur-6899,UCUUGUUCUCUCCCAAAGAAU,0,1.105617421,2.751890205,0.359303727,0
21ur-9182,UAGUUGGAUAGUACAAAAAAU,1.348702063,18.79549616,7.880412859,1.676750725,0
21ur-14676,UGUUGAUCUCUCUUUUUAAAU,0.134870206,1.658426131,0,0,0
21ur-6031,UUUGAUGUGAGUAUAGAAAGU,3.371755158,280.8268249,46.71959052,2.095938407,0
21ur-11592,UGAUAAAAUGUCGCAGUAGUU,0,0,0,0,0
21ur-8768,UCCCUCUUUAUUCCAACAACA,1.348702063,34.27414005,23.39106674,0.359303727,0
21ur-9301,UGAAAUCUUAUCAGAUUAAUA,0.269740413,7.186513236,7.630241022,1.19767909,0
21ur-7013,UUCCGUUCCAUUGCUAGUUUU,0.539480825,5.528087105,14.13470878,0.119767909,0
21ur-13057,UUAGUCAGUGUAGCAUUUAAA,0,0.55280871,1.125773266,0.239535818,0
21ur-13633,UAAGUGUUCAUUUGAUGCACU,0,0,0,0,0
21ur-15371,UACGUACGUUAACCGUGCAUA,0,0,0,0,0.068454835
21ur-13682,GUGAUCAUCUGUCAACACUCU,0.134870206,0,0,0.059883954,0
21ur-8579,UAUUCAACUCGAAAAAUAUUC,0.809221238,2.211234842,3.12714796,0.119767909,0
21ur-12282,UGACUUAUGUAUUCUCUACCA,0,0.55280871,0.062542959,0,0
21ur-6383,UGAUAUUUUGAACCUGAAACU,0.809221238,34.82694876,11.13264674,0.598839545,0
21ur-12351,UCAUUCGGACAAAAAUUUCCA,0,0,1.876288776,0.479071636,0
21ur-11005,UUAUUAACUGAAAAUUCAAAU,2.157923301,49.75278394,25.39244143,0.628781522,0
21ur-7364,UUGCUACUUUUCGAGCUGUUA,0,4.422469684,1.000687347,1.556982816,0