21ur-9269,UUCAAACUUCAAUAAAAAAUG,0,1.105617421,13.00893551,0.239535818,0
21ur-8582,UAUGUCUUCCUUUUUUUCAAA,0,4.975278394,5.253608572,0.838375363,0
21ur-15637,CAGUUGUCCGAGUAGAUGUUC,0,0,0.250171837,0,0
21ur-7235,UAUUGAGACUUGAGACUACCG,0.539480825,4.791008824,9.850516073,1.117833817,0
21ur-6033,UUGUCGUACACUAUCGCCUCG,0,0.55280871,27.70653092,0.598839545,0
21ur-11364,UUUCAAGAAUAAAUUUCAGAG,0.539480825,4.146065329,1.56357398,0.299419772,0.068454835
21ur-15521,UAAAGUUUCGACUUGGAAUUG,0,0,0.125085918,0,0
21ur-6557,UAAUUAAAUGUCCGGGAAUGA,0.539480825,93.14826772,32.20962399,2.994197724,0
21ur-14727,UGUAUACGGCAUUAGUUAUAU,0,0,0.375257755,0,0.136909669
21ur-8733,UUCCCAAAAAUAAUCGUGAUU,0,1.105617421,2.001374694,0.119767909,0
21ur-14460,UUAUUUUCAAUCCUAACGAAA,0.539480825,3.316852263,2.251546531,0.958143272,0
21ur-11681,UAUUUAAGACACUAUGCAUAC,0,0,0.375257755,0.119767909,0
21ur-9973,AGCCAAACUGGAAAUAUAAUU,0,0,2.126460613,0,0
21ur-6339,UUCAUUCCUGUUUUGCAAGAC,0.269740413,5.528087105,84.55808083,0.958143272,0
21ur-11949,UUUAGUAUUCAUCAAAAAAAA,0.269740413,5.528087105,3.439862756,0.898259317,0
21ur-13149,UGUGAAAAAAUAUAUUCGAUG,0,0,0,0,0
21ur-11810,UUUUUUUUUUAUCAGCAAAAC,6.20402949,66.33704526,23.26598082,4.910484267,0.136909669
21ur-7015,UGUUUUCUGUUCUAUUCAGUU,5.529678459,3.316852263,6.379381838,8.0244499,0.273819339
21ur-13727,AGCUUACUGGAAAAAAAUCAA,0,0,0,0,0
21ur-12816,UUGUUUAAUAGGAUUCGCAAU,0,0,0,0,0
21ur-8434,UUCUUUACAGUUCAAAGUUCG,0,0,7.254983267,0.479071636,0
21ur-10876,UUUGGGAACUGAAUAAUGAAU,0,0,0.375257755,0.119767909,0
21ur-7157,UCUGCUCAUAUCUUGUAAUUU,4.855327427,15.93931782,12.44604888,10.24015622,0.273819339
21ur-13660,UAAAGGGGAAGGCCUUGUUUG,0,0,0,0,0
21ur-6002,UAGGGACAAUAUAAAUUUUUG,0,3.869660973,5.128522654,0.598839545,0
21ur-5503,UUUCAAUUGUAGACUGAGGGC,0.809221238,15.47864389,51.53539838,5.988395448,0.547638678
21ur-6484,UUUUGAUAUCUGUCUCAUGUU,0.269740413,4.975278394,7.254983267,1.077911181,0
21ur-14143,UUGUUAUUGUCGGCAGGAGAU,0,0,0.187628878,0,0
21ur-10810,UAAAUUUAUCACUAUUUUUAA,4.855327427,636.8356345,23.1408949,1.437214907,0
21ur-9726,UAAAACUCGAUUUCAACAAAA,0.269740413,3.316852263,3.002062041,0.359303727,0
21ur-10553,UUUACCUGUAUCGAAUAACUC,0,0,1.250859184,0.359303727,0
21ur-7814,UCAAAUGUAGCUUUUGAACUU,0,2.211234842,0.375257755,0.359303727,0
21ur-14247,UUGAUCCAAAAUAUUCCAAAA,0.269740413,4.975278394,3.377319797,1.257563044,0.068454835
21ur-7294,UGGCUCAGGAAAUUAGUUAUU,0.269740413,2.026965272,1.250859184,0.479071636,0
21ur-7778,UUUUGCAGAAUUAUUAUCAGA,0.809221238,3.316852263,3.87766347,1.19767909,0
21ur-5747,UCCGAAAACCAAUAGAAUUUA,1.348702063,4.975278394,18.51271592,0.838375363,0.136909669
21ur-7650,UGUAAACGUCAUAAAUCUGUU,0.269740413,2.211234842,7.254983267,0.239535818,0
21ur-15528,UAAACUGAUACAAAAAUAUAU,1.07896165,27.64043552,17.13677082,0.239535818,0
21ur-5520,UCUGAUGAUUUUUCUAUAUUG,2.967144539,54.17525363,16.38625531,2.155822361,0
21ur-6453,UUGAGACUUGAGACUACCGUU,0.269740413,11.70111771,11.47663301,1.117833817,0.205364504
21ur-5869,UUCCUGUGUUAUAUAUAAAAA,28.86222415,678.2962878,183.5010423,34.85246151,0.273819339
21ur-11839,UUUUGGUCGAUCGCUAAAAUC,0,0,0,0,0
21ur-10575,UUGAUGGAUUUGAAAAAUUGA,0,0.276404355,1.626116939,0.119767909,0
21ur-6492,UUACUUGUUUGUUGAAAGACU,0.269740413,0,3.189690919,1.077911181,0
21ur-6466,UUCAAGCAACAAUACCUCUUU,0,0,4.002749388,0.598839545,0
21ur-6308,UGGCCUUCGAACGGAACAAGA,0.269740413,3.869660973,2.876976123,0.718607454,0
21ur-12128,UUAAUUUCAGGAUUUGAAUGC,0,1.105617421,0.500343674,0.119767909,0
21ur-6839,UUUUCCCAUAAAUCUUGCCAG,1.888182888,6.080895815,47.90790674,2.036054452,0
21ur-9045,UAUGUAAAACAAACAGCAGAA,0,0.55280871,0.125085918,0.119767909,0.136909669
21ur-9752,UUUGUAAGCCAUAAAAUGGAG,0.269740413,0,0.500343674,0.838375363,0