21ur-10934,UUGGUAUCUUACUUAUUUCGU,0,3.316852263,4.252921225,0.359303727,0.068454835
21ur-10937,UUGGCUGUACUUGUGAAUUCA,2.697404126,85.40894577,20.32646174,1.19767909,0.205364504
21ur-11935,UUUAUUUGAUGAAAACUUUGC,0.269740413,6.910108881,3.314776837,0.598839545,0
21ur-11113,UGAGCGUUAAAUAUGUAUAUC,0,0.55280871,0.625429592,0,0
21ur-12310,UCUGUUCAGUUCUAAUUUUUU,0,0.55280871,2.376632449,0.958143272,0
21ur-15610,CGUUUCCCAUUAUAGAUCCUC,0,0,0,0,0
21ur-15422,UAAUUAGUAUUCUGUGCCUUG,0,0,0,0.119767909,0
21ur-7635,UUCAUCGACUAUAUUUCAAAA,0,13.26740905,8.881100206,0.479071636,0
21ur-6993,UGUGUCCACGAACAGAAAACU,0,5.528087105,0.687972551,0,0
21ur-9373,UUUUCUGAAUCCUGUGUAACA,0.269740413,8.292130657,2.876976123,1.077911181,0
21ur-9847,UGUAAAUACAUUUCAAUUUCA,1.07896165,0.55280871,2.876976123,0,0
21ur-8196,UUUAUCAACCAAUUGAACUCC,0.539480825,2.764043552,8.005498777,2.515126088,0
21ur-12566,CGACAGGCAAGCACAUGACUU,0,0,0,0,0
21ur-7171,UAAACGAGUUACAAUGAAAUU,0.269740413,16.58426131,6.129210001,0.119767909,0
21ur-6714,UAUAUCCCUCCUCGUCGUGUU,0,0,2.126460613,0,0.136909669
21ur-13056,UUAGUGCAAAUCAGAAUAUUA,0,5.528087105,1.375945102,0.119767909,0
21ur-12713,UUUGCCUGGUUGGGACAUAUG,0,0.55280871,0.125085918,0.119767909,0
21ur-7701,UGAUCCAAUCAUAACAAACUG,0,1.658426131,1.751202857,0.119767909,0
21ur-10296,UUCAAAUUCAAAAAAUUGCCA,0,0,1.250859184,0.119767909,0
21ur-12878,UUGCAAUGAAUUGAAUGUUCU,0,0.36853914,0.312714796,0.119767909,0
21ur-10942,UUGCAUUUUUCCAUUGCAUGA,0,2.764043552,1.063230306,0,0
21ur-10313,UUAAUAGACGGUUUUCGUUGU,0,0,3.87766347,0.479071636,0
21ur-11219,UAGAGCGUAAUUUUCAAACAG,0,0,3.002062041,0.239535818,0.136909669
21ur-13705,CGAAGUACAAAUGUCAAAAAC,0,0,0,0.119767909,0
21ur-10743,UAUUUCCUUUCUGGCCUUUCU,0,6.080895815,22.51546531,0.239535818,0
21ur-12726,UUUGAAGAUCACGAUGUUCAA,0,0.829213066,0.062542959,0.239535818,0
21ur-12487,UACGAUGAGGAAAUUUCAAAC,0,0,0.500343674,0,0
21ur-13093,UUAAUUAGUAUUCUGUGCCUU,0,0.55280871,0.625429592,0.119767909,0
21ur-11326,UUUUAAUCAUUUCAAGUUUGG,1.348702063,5.528087105,14.00962286,3.47326936,0.273819339
21ur-8438,UUCGAUUUACUGGUGUCGAUU,1.888182888,19.90111358,37.71340439,3.173849587,0.251001061
21ur-6610,UUGUGGACUUGUUGAACGCUC,0.539480825,2.211234842,3.002062041,1.676750725,0
21ur-11426,UUCUUCCAGUCAAAAGUGAAA,0.539480825,2.211234842,5.316151532,0.179651863,0.136909669
21ur-7308,UAUCCAAAAAAAAUUGUUCUU,4.315846602,2.764043552,14.00962286,2.634893997,0
21ur-11784,UAAAACACGGAAUCAGUAGUA,0,0.55280871,0.125085918,0,0
21ur-12698,UUUGGUUAUUUCUUUCAAUUU,0,2.211234842,1.626116939,2.155822361,0
21ur-14620,UUAACUGCUUCCCGUCUCUCU,0,0,0.125085918,0,0
21ur-8532,UUCAGAAACGCUAUGAAUAUC,0.809221238,3.316852263,6.379381838,0,0
21ur-11910,UUUCUAGAACCCUGAACUAUU,0,2.211234842,17.0116849,0.119767909,0
21ur-7624,UUUAGUCAAGUAAAGUAAACU,0,4.422469684,5.128522654,0,0
21ur-9339,UAGGGUAGGGUUUCGCAUUAU,1.348702063,28.74605295,23.01580898,1.317446999,0.068454835
21ur-15094,UCAGGAACGUUACUCAUUAGA,0,0,0.166781225,0.239535818,0.12550053
21ur-12509,UAAUGAUAUUUGAACAAUGAU,0.539480825,1.934830487,9.31890092,0.359303727,0
21ur-8965,UUGAUGGUGAAACACACUUCA,0,0,0.125085918,0,0
21ur-9511,UAGAUUUAAUAAAAAACCCAA,0,1.658426131,7.00481143,0.119767909,0
21ur-5563,UGAAUUUGAAAUACAAAAAUU,0.269740413,14.92583518,2.501718368,0,0
21ur-8231,UCGGUGGAUUUUCUGAGUCUU,0,1.658426131,0.875601429,0.119767909,0
21ur-5809,UGCUCCUUUGGCUUAUACAAA,6.20402949,38.14380102,37.27560368,4.072108904,0.136909669
21ur-8259,UUUUGGAAUUAUUCUAAUCCC,0.539480825,17.13707003,2.001374694,0,0
21ur-15504,UAAAUUUUCCACAGCCUAACU,0.269740413,9.950556789,2.251546531,0.119767909,0.136909669
21ur-8933,UUUUGACAGUAUACGAUAAAU,0,4.422469684,3.252233878,1.19767909,0