21ur-13942,UUUGGAAUAGCCGCAUGAAAA,0,1.105617421,0.375257755,0,0
21ur-10972,UUCGACUAUUGAUUUUGUUUG,0.539480825,6.357300171,5.941581124,1.916286543,0.342274174
21ur-9759,UUUCUUCUGUCAUCAUGCAAC,0.404610619,2.487639197,2.751890205,0.658723499,0.068454835
21ur-5708,UUUUAACAGCGGAGAGUUUGU,0.269740413,6.080895815,16.63642715,3.652921223,0
21ur-7849,UGACAUUGUUUGUUACAUUUC,0,0.55280871,1.751202857,0.119767909,0.136909669
21ur-10515,UUUUCGAUCUUUGGGUUUCAA,0,0,0.125085918,0.119767909,0
21ur-11920,UUUCCAGCCAUAUUUAAAUCA,0,4.146065329,1.375945102,0.239535818,0
21ur-9803,UUCAUCGCUUUUAAACACAUU,0.539480825,1.105617421,11.75807633,0,0
21ur-5464,UUUUGAACAAUCGGAAACACA,16.18442476,35.37975747,72.92509042,9.341896899,0.136909669
21ur-12300,UCUUUUUUUCAGCCGCUUUUU,0.539480825,51.41121008,88.4357443,5.868627539,0
21ur-13696,CGUAUACUUUAAGAAAUUUUU,0,0,0,0,0
21ur-9444,UGUUGGUAAAGCUGUGGAAAU,0.809221238,13.26740905,8.630928369,0.239535818,0
21ur-7904,UGCCAUGGCAAAUGCGAAAUU,0.269740413,2.211234842,4.127835307,0.119767909,0.136909669
21ur-9587,UUGAAUUCAAUUUUCAAAAUU,0,2.211234842,0,0.119767909,0
21ur-13317,UCUGAUAGUGAUCCGCUUUCA,0,0,0.166781225,0,0
21ur-14186,UUGGUAGUUUCGAGUUUGGUU,0,0,0.250171837,0,0
21ur-8627,UUGCUCGAGAAUACAACGAAA,0.809221238,8.292130657,5.003436736,1.377330953,0.068454835
21ur-5827,UUUCGUGAUUUUGUCGUUUAC,4.046106189,23.77077455,32.89759654,11.61748717,0.547638678
21ur-14202,UUGGAUAGUCUCACGGUCAAU,0,1.658426131,0,0,0
21ur-8809,UUUUCCCGACAUUUUUAUGAU,0.269740413,3.869660973,7.254983267,0,0
21ur-14264,UUGACUUAUAAUUCAUUGUUU,0,0.55280871,2.751890205,0,0.136909669
21ur-9735,UUUUUUCAAUUAUGUAAGAAA,5.394808252,290.7773817,29.14501898,6.82677081,0.273819339
21ur-8924,UAAAAACUUCGACAGGAAUUC,0.404610619,0.829213066,2.189003572,0,0
21ur-10455,UAGAUCAAUUUUGUUAUUUUC,0.539480825,1.105617421,8.756014287,0.359303727,0
21ur-5953,UCUACGGAGCAAGAGGGAAAA,2.427663714,17.68987874,44.40550103,1.796518634,0
21ur-6786,UUCUACUCCAUUCUUGAUUCG,6.743510315,21.28313535,21.95257868,8.383753627,0.136909669
21ur-9303,UGAAAAUCAAAUAUGUUGAAU,0.809221238,8.844939368,12.00824817,1.19767909,0
21ur-12287,UGACAACAAAAAAAGCUGGAA,0.134870206,0.276404355,0.562886633,0.089825932,0.068454835
21ur-13015,UUCAAAUCCCUUAAAAAGACG,0.269740413,0.55280871,1.375945102,0,0
21ur-11838,UUUUGUAAUAAUUUGAAAUUG,0.269740413,1.105617421,0.75051551,0.119767909,0
21ur-12943,UUCUCUCUCAAAAUUUACUUU,0,4.975278394,4.878350817,0.718607454,0
21ur-8795,UAACUCGAUCCAUGCUUUGCC,0,1.382021776,0.562886633,0,0
21ur-12397,UAUUGGAUAGUCUCACGGUAU,0,0,0,0,0
21ur-12553,GGUUUGAUCAAAAGUGAAAAA,7.013250728,71.86513236,27.76907388,7.186074537,0.251001061
21ur-15692,AAGAAACCAAUAAUAUGAAGG,0,0,0.250171837,0,0.017113709
21ur-14248,UUGAUAUUUUGAACCUGAAAC,0,5.528087105,6.004124083,0.119767909,0
21ur-14577,UUACAUUAAUAUUGUUCGGAA,0,1.750560917,0.81305847,0.299419772,0.068454835
21ur-9660,UCCAAAUGGCGUUUCGUUUUC,0,1.105617421,4.252921225,1.796518634,1.095277356
21ur-8902,UAUUCUUUUCUCUAUAGUUUU,3.236884951,48.09435781,8.505842451,3.47326936,0.136909669
21ur-10141,UAUUAUCCAUUUUAUAAAACG,0.539480825,6.080895815,2.001374694,0,0
21ur-11117,UGACCGAUUUUCAGAGCAAAA,0,2.211234842,2.251546531,0.119767909,0
21ur-5861,UAGAAAAUAUUGAUUGAAUCG,2.157923301,70.75951494,117.7058492,28.50476233,0.684548347
21ur-12115,UUAGUUAAAAAUUUGACCGGC,0.269740413,0,3.12714796,1.137795135,0
21ur-15345,UAGAACUAUUGAGAGUUACUG,0,0,0.500343674,0,0
21ur-5611,UGCAUGAAGUUUUUGAUUGCG,0,2.764043552,0,0,0
21ur-5456,UCGAAUGAGAAUUUAAAAAAA,8.361952791,233.653815,195.1340327,6.946538719,0
21ur-9376,UUUUCAUAUUAUUGAACGAAA,0.809221238,11.60898292,2.376632449,0.479071636,0
21ur-8939,UUUUAAUUGGUAGGAAUUGGA,0,0,0,0,0
21ur-11006,UUAUUAAAACGUACGGAAAAA,0.089913471,5.43595232,3.377319797,0.239535818,0
21ur-12214,UGUACGUUGCAAAAAUUUCUA,0.269740413,3.869660973,2.751890205,0.239535818,0.136909669