21ur-12121,UUAGAUCAUAUAUAGGAAUGU,0,0.18426957,0.27101949,0.059883954,0
21ur-13166,UGUAAAUUCCAACUGUUUCGA,0,0,0,0,0
21ur-6884,UUCUCCGUACUUUUGGAUGAA,0,22.11234842,4.62817898,0.479071636,0
21ur-11904,UUUCUUUGUUGUUUAAAACUA,0.539480825,15.47864389,7.75532694,1.437214907,0.136909669
21ur-10356,UGAAUUAAAUUUGAAAAUGUU,1.416137166,25.04223459,13.50927919,0.658723499,0.068454835
21ur-6760,UUUCCGAAAUUUGUGGUUCUU,0.809221238,23.4943702,20.51409062,2.754661906,0
21ur-9954,UAAUCGUGGUUUUCAACUUUU,1.888182888,48.09435781,28.64467531,7.904681991,0
21ur-13257,UGAGAUAUGUAUUCGGAUUCU,0,0.55280871,0.250171837,0,0
21ur-6079,UUUCACUGGCGAUGAAUGUAA,7.957342172,95.35950256,67.67148185,4.01222495,0.068454835
21ur-15680,ACAAUUACUGUAAAAUAGUGU,0,0,0,0,0
21ur-14372,UUCCGAAAUUUGUGGUUCUUC,0,1.934830487,0.375257755,0.119767909,0.136909669
21ur-10396,UCACCUUUUUUUCAAAUUUUC,0,0,3.502405715,0.778491408,0
21ur-10070,UUAUUCCUUUAGGAGCGUAAC,0,0.829213066,1.000687347,0,0
21ur-11612,UCUUCUCUAUUCUCUUUUUUG,1.348702063,17.13707003,3.627491633,2.874429815,0
21ur-11231,UACCAAAAUAUCCUGAAAAAA,0.539480825,10.5033655,8.693471328,0.598839545,0
21ur-10404,UAUUUUUUAAAGGUUUUUUUC,2.157923301,15.47864389,7.442612144,3.533153314,0
21ur-13420,UCACUCCUGAAGAAAUUGUGG,0,0.276404355,0.125085918,0.239535818,0
21ur-10339,UGGCAAGACAAGUGGAACAUG,0,1.658426131,0.75051551,0,0
21ur-8486,UACUAUUUCAUCUGAAAGAAA,0.269740413,18.79549616,8.255670614,0.479071636,0.273819339
21ur-7164,UCACUAAGGCCGAAAUUACAA,0,12.16179163,4.127835307,0,0.136909669
21ur-7049,UAAGUGGUUCACGAAUUUUUU,0.539480825,93.42467207,43.40481368,0.718607454,0
21ur-7580,UUUCUGAAGACCUUUUUUCAA,0,2.211234842,1.000687347,0.239535818,0
21ur-5702,UAUUAUGACGUUAAAAAAAAC,9.440914442,197.3527096,394.2708148,14.97098862,0.136909669
21ur-7587,UUACUUUCCUUUUUCUGAUGA,7.013250728,4.975278394,7.880412859,11.01864762,0.273819339
21ur-11846,UUUUGACUUGUAUUUUGACAA,0,0,0.562886633,0.179651863,0
21ur-8311,UCCGCAAUUAGAGUUUUAUAU,1.348702063,9.397748078,14.2597947,0.239535818,0
21ur-10616,UUAUUAUGUAUCUAGCAGCCG,0,3.316852263,5.503780409,0.239535818,0
21ur-9629,UGGUAGGUAGAGAACUUUUUC,0.899134709,3.869660973,2.022222347,1.377330953,0.136909669
21ur-11725,UAGCAAUUUUUGAAAAAAAAU,0,0,0,0,0
21ur-14167,UUGUAGCGUUUAUUUUUUGCU,0,0,0.375257755,0.239535818,0
21ur-7603,UAUUAGGAGGAGUUCAAUUAC,1.07896165,4.975278394,5.003436736,0.119767909,0
21ur-7189,UUAUAGUGGGAUUUUAUUUCC,1.07896165,6.633704526,7.00481143,2.634893997,0
21ur-8610,UUUGAUUCCCUUAGCACAUAC,0,3.869660973,1.438488061,0,0
21ur-14687,UGUUCCACUUGUCUUGCCAAU,0,0.829213066,0,0,0
21ur-6971,UUCAAGUUCGAUAGCACGUCG,0.269740413,0,2.063917653,0,0
21ur-7452,UUCUUCACAGUCUCCAUUCUU,0.269740413,6.080895815,6.004124083,0.718607454,0
21ur-8525,UUCUCACUGUGAUUCAUUUCC,0,4.975278394,11.25773266,0.718607454,0
21ur-9414,UUGAAGACAGAAUGUUAGCAA,0.404610619,3.593256618,2.126460613,0.598839545,0
21ur-15478,UAAGGCCUAGGAAUUGUGUGG,0,0,0,0,0
21ur-12512,UAAUCUUUCAUUUUAUGUUUU,0,0,1.751202857,0.119767909,0
21ur-12526,UAACUAAAGAGCAGAAUAUGA,0.269740413,2.211234842,0.562886633,1.916286543,0.479183843
21ur-11178,UAUUUAGAUGUUGAUAAUAAA,1.348702063,55.83367976,9.506529798,1.796518634,0
21ur-12078,UUCACUUGCAGAGAAAUCAAA,0.134870206,0.276404355,0.375257755,0.059883954,0
21ur-11764,UAAUAUCUUGUGGGCAUAUAA,1.07896165,18.79549616,11.44536153,0.239535818,0
21ur-12062,UUCCGCAAUCAAAUACGGUUU,0,0,2.376632449,0,0
21ur-10094,UGGAUUUAUUCGAUUUUUUAU,16.63399211,6.080895815,0.281443316,18.39435468,0.273819339
21ur-10383,UCAUUUUAGGCUAUUCUGUUU,0.539480825,1.105617421,4.753264899,1.317446999,0
21ur-6709,UGUAAAAAAGGAUUACAGGAA,1.348702063,3.316852263,1.688659898,0.239535818,0
21ur-6817,UAUUCAAGUAGGUUUAAUUUU,1.348702063,8.844939368,14.63505245,7.186074537,0.136909669
21ur-11580,UGCCAUUUCUAAACAAACAAA,0,0.55280871,0.500343674,0,0