21ur-1463,UCGUUAAAAAAUCCUCCAAAG,45.85587014,598.04689,1351.532501,54.59420517,0.068454835
21ur-2569,UCGGAAUGGGUUCAAGUCAGC,1.888182888,97.29433305,415.7230498,12.7552823,0.068454835
21ur-530,UCGGUUAUGGGACUCCUUUUA,7.552731553,799.9142041,330.8522541,9.641316671,0
21ur-621,UUCACGACUUGAAGGACUCGA,6.20402949,29.57526601,123.1366628,34.0739701,0.216773643
21ur-670,UAUUGUUACUUAACCUUUGAA,1.348702063,21.55953971,13.50927919,3.832573087,0
21ur-4059,UGGGUUUCGAAGCAAGAGCCA,6.473769903,88.72579803,5.753952246,10.77911181,0.410729008
21ur-1311,UUUGUACUUUGUCUGUCCCGC,4.855327427,58.0449146,110.4508659,11.9767909,0
21ur-2280,UGAAAAAGGAUUACAUUAUAA,10.25013568,183.5324919,180.1237225,3.353501451,0.410729008
21ur-2372,UACCAUGAUGUAUACGGCAUU,4.046106189,57.49210589,41.90378266,7.425610355,0.136909669
21ur-782,UACACAUUUAUUUAGAACAAG,0,18.24268745,21.26460613,1.317446999,0
21ur-4737,UAUGUAUGUGAUUCUAGGUGG,6.473769903,77.39321947,203.1395315,45.39203749,1.506006364
21ur-5093,UAAACGGUUUUUUUAUGUACU,0,1.105617421,2.501718368,0.119767909,0
21ur-195,UAUAUGUGUUGCAUAGGAUGC,0.269740413,6.633704526,10.69484602,1.676750725,0
21ur-4229,UAGUUUUGAAAUGUGUAUAGA,11.73370795,220.0178668,141.2845448,29.94197724,0.136909669
21ur-1361,UAAUCCUCUUGCAAUUUUAAC,1.07896165,9.950556789,16.76151306,0.419187681,0
21ur-5447,UGAUUUUCAAAAAGUUGUUUA,2.967144539,32.61571392,20.32646174,7.964565946,0
21ur-2985,UACUUAUAUAGUAGUUGAACC,10.51987609,271.4290769,213.8969204,7.665146173,0.136909669
21ur-4512,UUCCAUUUCAUAAUGAUAACG,9.710654854,8.844939368,6.629553675,12.57563044,0
21ur-2850,UCUUGUUGAUUUGAUACGUGC,0.269740413,2.211234842,6.379381838,0.838375363,0
21ur-2602,UUGGUUCCUCAUUGAAGAUUG,3.911235983,151.5617215,58.97801052,9.102361081,0
21ur-545,UUGUACUACGAUGCAGUAAAU,2.427663714,368.1706012,62.66804511,0.898259317,0.136909669
21ur-3383,UUCAUUCGAAAUAACAAUUAG,3.102014745,11.05617421,26.2054999,1.856402589,0
21ur-226,UAUGUCCAUUAGAAGAAUUCU,3.506625364,52.5168275,47.53264899,8.144217809,0.547638678
21ur-3152,UCAAUGAUAGUUACAAUUAAA,67.43510315,1906.913647,840.0144849,100.6649275,1.30064186
21ur-822,UUAAGUCAUAGUUAUAACUGA,0.539480825,3.869660973,7.505155103,0,0
21ur-5284,UAUCUUACAGCUAUUCAGACA,0.269740413,2.764043552,8.756014287,0.239535818,0
21ur-3609,UGGAGUUUUGAUUGUAUGUCA,26.29969023,271.4290769,71.54914532,51.85950458,0.547638678
21ur-61,UACGCUGAUGAAAUUAUUCUA,1.888182888,51.96401879,48.15807858,5.269787994,0
21ur-497,UCUGUACAACCAUUUUAUCUC,0.539480825,0,25.76769919,8.383753627,0.136909669
21ur-238,UAUAACUAUGGGAUCGAUGUU,0.269740413,13.26740905,9.381443879,2.27559027,0.136909669
21ur-3539,UACUUUGAUUCCGGCCUGAAA,1.483572269,644.8513608,125.9615198,14.61168489,0.342274174
21ur-4734,UAAAACAGGCUCUCCAGUGUA,0.269740413,6.080895815,7.129897348,0.239535818,0
21ur-1942,UACAUUGAUUUGUUUUUUCUU,4.046106189,48.09435781,18.76288776,14.01284535,0.821458017
21ur-304,UCGGGUUUCCGAAAUGGUAGA,86.85641286,956.9118779,657.2014152,14.13261326,0.136909669
21ur-1010,UAUUCGCGGAAAAUAUUUUGA,12.40805898,135.4381341,203.1395315,55.57230976,0.958367686
21ur-2558,UUCCACUGUACUGAACAUGGA,0.269740413,4.975278394,2.126460613,2.515126088,0
21ur-1218,UAGGUUAUCAGUUGGGUUUGC,5.12506784,117.1954466,188.0041353,30.90012051,0.410729008
21ur-2716,UAUUCAUGGACAUCGAGGAAU,2.967144539,249.5931328,351.4914307,27.54661906,0.821458017
21ur-3954,UAUGGAAUAAAAUUAUGCAGC,0,8.844939368,3.252233878,0.838375363,0
21ur-2147,UAUGGAAUCGCACGGUGUAGA,4.315846602,42.56627071,0.625429592,8.0244499,0
21ur-5438,UCUCGCUCUUGAACAAAACGC,7.822471966,15.75504825,150.228188,9.701200625,0.136909669
21ur-4803,UUAACUACAACUGAAUGCCAA,1.348702063,21.83594406,7.00481143,0.838375363,0
21ur-2771,UGAAAUGGUGAAAGUAUUGUC,2.697404126,38.97301409,106.9484602,1.437214907,0
21ur-4083,UAUCAAAAUCACCAAAAAAAA,1.618442476,18.86459725,22.14020756,0.838375363,0
21ur-4716,UCAACAAUCACUAUAUCCACU,0.809221238,10.5033655,22.64055123,1.317446999,0
21ur-3374,UAAGACUCUCAUUCUUGUAAA,1.348702063,34.27414005,12.00824817,2.036054452,0
21ur-2247,UGCGUCUUCGAAAUUUAUGAU,0,1.105617421,1.751202857,0.958143272,1.369096695
21ur-1724,UGUGACUUCUUCAUUUGUUGU,3.506625364,43.67188813,52.78625756,1.437214907,0.136909669
21ur-2100,UGUGACUCAAUUGUGACUCAA,29.9411858,388.0717148,89.06117389,1.796518634,0
21ur-543,UGAUCCAAAAUAUUCCAAAAA,7.822471966,163.0785696,180.874238,8.683173399,0.068454835