21ur-1222,UUGCAGUGAAGCUCUGGAUUG,6.473769903,64.67861913,117.956021,11.07853158,1.232187025
21ur-5252,UAACACCAUAAUGUAAUGAAA,7.282991141,33.16852263,34.39862756,2.634893997,0
21ur-2164,UAGGAAUAUAGCAUUAAAUAA,33.98729199,537.3300666,316.3422876,11.25818344,0.547638678
21ur-757,UAUUGUGAACAGAUAGUCAAC,3.326798422,26.5348181,37.4006896,6.108163357,0.136909669
21ur-1464,UAGUGAUGGACUUCUACUUGG,4.585587014,79.60445431,39.65223613,1.556982816,0
21ur-434,UAGAUCUGUUUAGAUUUCUCA,3.776365777,11.05617421,18.76288776,14.37214907,0
21ur-271,UCUUGUCAAUUUGUGUUAAAG,24.54637755,388.6245235,341.6096431,76.53169382,0.136909669
21ur-4564,UGUGAUCUGCCAUCGUUCCAU,6.743510315,223.8875278,388.6419484,22.39659897,0.410729008
21ur-2730,UCUAAAAGCGAAAUAGUGAUC,0.539480825,14.92583518,22.51546531,0.598839545,0
21ur-2793,UCAAUCGAGUUUGAAAUGCAC,0.809221238,7.739321947,27.64398796,2.515126088,0
21ur-5182,UUCAAUGUUCUCGGUUUUUGG,1.348702063,10.5033655,17.63711449,5.030252176,0.479183843
21ur-1573,UACUGUUUUAUUGAGUACUUU,7.148120934,48.09435781,19.26323143,20.24077661,0.684548347
21ur-502,UAACUUUUCUUUUUUAUGGCA,7.552731553,43.67188813,82.3065343,12.33609462,0.273819339
21ur-831,UGAAACGUUACAACGUAUAAA,0,2.211234842,3.002062041,0,0
21ur-3582,UCGAACAUUCGCUGAUGAUAU,0.539480825,8.292130657,18.51271592,1.317446999,0.136909669
21ur-1404,UUGAACUGGUCGCUGUGAUGG,72.96478161,387.2425017,1212.270178,196.8984423,1.30064186
21ur-922,UAAUUAAAAAUUGUUACUGUU,0,1.105617421,1.250859184,0.119767909,0
21ur-3442,UACUAGAGUGUUGAGAUUGUG,1.213831857,11.33257857,48.97113705,25.57044856,0.616093513
21ur-2365,UAAUGACACUAUCUUUGGAAA,10.25013568,165.5662088,252.0481256,34.01408614,0.410729008
21ur-587,UUCCAAUAUCUUCUAAUAAUC,2.157923301,23.21796584,110.0756082,8.623289445,0.410729008
21ur-1271,UAUUGGCAACUUACGUUAACU,1.888182888,27.91683988,25.39244143,1.077911181,0
21ur-1980,UGUUUCACAUUACUGUUAUCA,0,1.658426131,0.375257755,0.239535818,0
21ur-3504,UCUGAGCACCAGAAUUGCAAA,20.77001177,6.633704526,1.125773266,18.20472216,0.136909669
21ur-5154,UGAAUUCGGCCAAUUAUUCGA,1.618442476,18.79549616,19.88866102,2.634893997,0.136909669
21ur-3234,UCCUCUGUUUUUCUGUAUGAG,2.697404126,17.13707003,158.6089445,3.712805178,0.410729008
21ur-4719,UGAAACUUCUCAUAAAGUCCA,1.348702063,6.910108881,11.44536153,2.634893997,0
21ur-3412,UAUGCUCGAGAUUUUCAUCAU,6.473769903,80.71007173,125.3360902,28.0256907,0.273819339
21ur-11151,UCCUUUUCCUUUUACAUAAAU,0.269740413,13.82021776,8.881100206,0.479071636,0.136909669
21ur-7485,UUUGUAGGAAAUUAUAACAUU,1.07896165,10.5033655,5.253608572,0.479071636,0
21ur-14285,UUGAAACUUCUCAUAAAGUCC,0,0.276404355,0.062542959,0,0
21ur-8215,UUAAGAGGAAGCCAGCCAUUA,1.888182888,53.62244492,163.4247524,0.778491408,0.068454835
21ur-10064,UUCAGAAAAAAAUUGGUAUCA,0.269740413,1.105617421,8.318213573,0.179651863,0.136909669
21ur-15040,UCCUAGUUCCUAUUUUUGCGA,0,0,0.125085918,0,0
21ur-5834,UUCUCGUGAAUUCUUUUUCAA,23.19767549,274.1931204,84.68316675,18.6837938,0
21ur-14476,UUAUUCUGACAAGCUAUGCCC,0.269740413,0.276404355,0.062542959,0.059883954,0
21ur-12329,UCGAAAUGUGGACAGAACAUA,0,0,0,0,0
21ur-9451,UGGUUGGUUUCUCUUCUUUUA,0.269740413,0.55280871,0.687972551,0.299419772,0
21ur-14626,UUAACAGUUAGUAAGCGGCAC,0,0,0.375257755,0,0
21ur-10345,UGCUAUAUCUGGUUUUUUUGG,1.618442476,10.77976985,25.64261327,1.556982816,0.273819339
21ur-7333,UGAUUCCUUCAUUUGUAAUAC,0.269740413,11.05617421,3.627491633,0.119767909,0
21ur-14035,UUUCAGUUAUGUGAUAAUGUA,0,0,0.125085918,0,0
21ur-11831,UUUUUAUAUUAACGAAAAAAG,0,0.55280871,0.375257755,0.119767909,0
21ur-10787,UACGAAAGAGGACGCUAGCCA,0,3.316852263,2.126460613,0.239535818,0
21ur-8479,UAUGUACUUCCAAGACCCAAA,1.348702063,1.658426131,5.003436736,1.676750725,0.273819339
21ur-7910,UGAGAAGGUUUUUCGGAGAAU,0,0,0.75051551,0,0
21ur-14370,UUCCGCUUGUUCAAAAAUUUG,0,0,2.251546531,0,0
21ur-15245,UAUGGUGUUAACGAAAUGUGG,0,1.105617421,0.625429592,0,0
21ur-13923,UUUGUACAUCUCUAUGAAGGG,0,0,0.875601429,0.179651863,0.273819339
21ur-6698,UAUUUUGGUGAUAGUCUGCGU,1.888182888,34.82694876,41.40343899,1.19767909,0
21ur-8509,UUUGAAUAGUAUAUUGCAAGU,1.07896165,30.40447908,35.77457266,5.629091721,0