21ur-14899,UGAAUGAGCUUACAACAUUUG,0,0,0,0,0
21ur-10358,UGAAUCCAAUCAAUUUUUUGG,0,2.211234842,0.500343674,0.359303727,0
21ur-9275,UUAGUUGUUCCACUGAUUAGU,0,0,0.375257755,0,0
21ur-9935,UAGGUACCCUGAUAUGAUCAA,0.290489675,4.422469684,2.501718368,0.479071636,0
21ur-13285,UGAACAUGUUCUUGGGAUAUU,0,0,0.125085918,0,0
21ur-5851,UCCACGCUGGGUUAAAUAAAA,6.069159284,92.41118944,266.0369008,10.71922785,0.136909669
21ur-8388,UCAACCUAAUUUCUGUUUCAG,0,0,2.876976123,0.239535818,0
21ur-11156,UCCAGUUUUUUGAAAAUGCAU,0,0,1.626116939,0.239535818,0
21ur-14383,UUCCACGCUGGGUUAAAUAAA,0.134870206,4.514604469,6.233448266,0.179651863,0
21ur-8954,UUGUAAUGGUAAAUAUCAGUA,1.618442476,9.397748078,15.01031021,0.598839545,0
21ur-6015,UCCGAUUCUCCCUGUUACUUU,0,0,0.875601429,0,0
21ur-7116,UGUUCAACGCUAAAAAUUUUU,0.539480825,6.080895815,21.01443429,1.796518634,0
21ur-7617,UUUUCGAAUCGAUCUACGAAC,0.269740413,0,2.876976123,1.137795135,0.068454835
21ur-14298,UUCUUUCGGUACAUUCUUUAU,0,0,1.063230306,0,0.068454835
21ur-8256,UAACCACGAUCAGUACUGAAC,0,0,3.12714796,0.119767909,0
21ur-8045,UUUUUGUUCCACUAUUUCAAA,0.539480825,1.105617421,6.504467756,0.598839545,0
21ur-8921,UAAGUUGAUUUAUUCUAGACA,1.07896165,4.975278394,16.26116939,6.347699175,0.136909669
21ur-7131,UAAUUGAUUGUCUCCGGUCUU,0,3.040447908,5.065979695,0.119767909,0
21ur-10354,UGAUGAACAUGUUCUUGGGAU,0,0,0,0,0
21ur-10528,UUUGACUUGCAGUUUCCACCA,0.269740413,0,0.625429592,0,0
21ur-5660,UUGUUUGGUCAUGAUAAAAAU,58.12905892,1103.037647,601.9759823,49.10484267,0.205364504
21ur-6773,UGCAUUCAGAAAAGUCUUGUU,0.539480825,4.422469684,1.375945102,0.359303727,0
21ur-14501,UUAUCUGAAGUUGCGAUAACU,0,0,0,0.119767909,0
21ur-7837,UUCAUGUUUGGAAUCAAAGUU,0.290489675,0.55280871,2.126460613,0.479071636,0
21ur-7392,UAUUUCGUGAUUUCAAAAAUA,4.315846602,98.95275918,51.53539838,12.69539835,0
21ur-12345,UCCACUGAUUAGUCAUUCCUC,0,0,0,0,0
21ur-9257,UUGCAGCUUUCAUUGUCCCUU,0,0,0.250171837,0,0
21ur-10223,UUUGCAGCUUUCAUUGUCCCU,0,0,0.500343674,0,0
21ur-6590,UUUAUCUGAAGUUGCGAUAAC,0.269740413,2.764043552,12.88384959,0.718607454,0
21ur-13960,UUUGAUUCAAGGUGGUCGAAU,0,1.105617421,0.437800714,0.12832276,0.136909669
21ur-9642,UCUUUCGGUACAUUCUUUAUU,0.539480825,4.975278394,7.817869899,0,0.068454835
21ur-7208,GGCGUAGAUAUGACAUGAUAU,0,0,0,0,0
21ur-14184,UUGGUCAUGAUAAAAAUGUUU,0,1.842695702,2.751890205,0.598839545,0
21ur-14860,UGAUAUUAGAUAAAGUUAUAG,0,0,4.127835307,0,0
21ur-14878,UGAGACUGAAUUUUUUUAAAA,0,0,0.625429592,0,0
21ur-10093,UGGCAGAAUGAAUAAAUGAAC,0.269740413,0,0.125085918,0,0
21ur-14826,UGCCAAGAUGCAAGUAGGUUU,0,0,0.250171837,0.119767909,0
21ur-12534,UAAAUUUUGAAUCUAAGAAAA,0,0,0,0,0
21ur-14585,UUACAAAUGAUAAGGAUGAUG,0,0,0,0,0
21ur-13757,UUUUUUCUUGGACCUUCUGCU,3.236884951,1.105617421,1.626116939,2.874429815,2.327464381
21ur-13385,UCCCAAUUCCUCGAGAAUCAG,0,0,0,0,0
21ur-11631,UCGGAAGAAUUUCGUUGUACC,0,0,1.000687347,0.119767909,0
21ur-12555,GGAAAAAAUGUAGAAGAUACU,0,0,0,0,0
21ur-14985,UCUAAGAGAAGUGAAAAAUGA,0,0,0,0,0
21ur-14726,UGUAUAGUUGUCUGAGAACGC,0,0,0,0,0
21ur-14912,UGAACAUUGGAGACCGAUGCC,0,0,0,0,0
21ur-15068,UCCAAUCGAUUUGAGUGGGAG,0,0,0,0,0
21ur-11902,UUUGAAAAGCCAUAAAAGAUA,0.269740413,1.105617421,1.626116939,0,0
21ur-12971,UUCGAACUGAUUAUUGAAAAA,0,0,0,0.119767909,0
21ur-12756,UUUCCAGCACGUUUUCUGAAA,0.269740413,1.105617421,3.502405715,0.239535818,0