21ur-10940,UUGCGUCGUUGAAUCUCCUUU,0,1.658426131,2.626804286,0,0
21ur-13473,UAUUCUGUUUAUACUUUAACU,0.539480825,0,2.626804286,0,0
21ur-8698,UAACCUAUCCAAAAAAGUACG,8.227082585,2.764043552,7.254983267,8.0244499,0
21ur-6982,UAAAUAAAUGAAAUCAAGAAA,2.292793507,14.92583518,18.26254408,0,0
21ur-7497,UUAUUUGAACAUAUACCUCAU,4.315846602,23.21796584,9.131272042,1.19767909,0
21ur-12741,UUUCUGAUUUCUCUUAACUUU,0,0,0,0.119767909,0
21ur-11167,UCACGAAACAAGAUUUAGGUA,0,0,0.375257755,0.119767909,0
21ur-10932,UUGGUUUUGCCCUGAUCUUGG,0,0,0.500343674,0.239535818,0
21ur-11976,UUGUCAUAAUGUUGGGAGAAG,0.539480825,9.950556789,7.630241022,0.598839545,0.068454835
21ur-6589,UUUGAUCUUUCAAACAUCACA,1.07896165,28.19324424,13.57182215,1.73663468,0
21ur-7395,UAGAUAAUUUUUGCAAUUUUA,5.664548665,67.99547139,32.27216694,4.311644722,0
21ur-10878,UUUGGAGCAUGAUCAAAUAGA,0,1.520223954,0.500343674,0,0
21ur-12658,UUUUCAUGUCUUUUUUCAACA,0,0,0.312714796,0,0
21ur-5813,UUCUUCAGCAUAUGGAUCAAA,0.809221238,3.316852263,14.2597947,1.676750725,0
21ur-12581,AUUAUGUGUUCAGCUCUCAGA,0,0,0.125085918,0,0
21ur-8624,UUGGUCCAAUUUCUCAAUUUU,0,1.658426131,4.002749388,0,0
21ur-14962,UCUGGAUCAAUGUUUCCUGUU,0.539480825,1.934830487,0,0.359303727,0
21ur-12724,UUUGAAUCAAAUUUAUCACAA,0.269740413,1.658426131,0.938144388,0,0
21ur-13485,UAUUAUGUGUUCAGCUCUCAG,0,0,0,0,0
21ur-7798,UUACUUUAUUCCCAUAAAAAA,6.743510315,178.0044048,66.29553675,4.072108904,0.273819339
21ur-8204,UUAUUUUUUCACUUGAAUAAA,0.539480825,22.66515713,0.75051551,0.718607454,0
21ur-14984,UCUACCGUUUCAACAAACUGU,0,0,0,0,0
21ur-15172,UAUUUGAACAUAUACCUCAUC,0.269740413,0.55280871,0.250171837,0,0.136909669
21ur-11794,CUCACAGGUCUUAACUAUGCA,0,0,0,0,0
21ur-10179,UAAUGUAAUGAAGGCCUUCCU,0.269740413,4.975278394,0.875601429,0.119767909,0
21ur-15640,CAGAUUUUUAAUCAUUUAAUG,0,0,0,0,0
21ur-10946,UUGAUCUUUCAAACAUCACAU,0,0.55280871,0.312714796,0.059883954,0
21ur-9650,UCUAUACAAAGCUAAUGUAAG,0.269740413,2.764043552,4.62817898,0.119767909,0
21ur-8268,UUUCUUUGAAUUUGUAUUUGC,0.539480825,29.29886166,24.89209776,1.916286543,0
21ur-15105,UCAGACGAGCAAAAAACAAAA,0,0.55280871,1.751202857,0,0
21ur-11915,UUUCGACGAGAUCAAAAGUUU,0.269740413,0.55280871,1.938831735,0.239535818,0
21ur-10681,UGAUGCUGUCAUGUUUCACUG,0,1.382021776,2.501718368,0.479071636,0
21ur-8379,UCUUUUCGAUCACUAUUCUUA,0.269740413,0,2.001374694,0.838375363,0
21ur-14879,UGAGAACUCACUCAUCAUAGC,0,0,0,0,0
21ur-7716,UAUGUCGAAUGAGUUACAAAU,0,1.658426131,1.626116939,0.119767909,0
21ur-5497,UAAUCCAUAUGAUCUCAAACU,5.934289078,29.29886166,33.64811205,7.964565946,0.068454835
21ur-10735,UCACUUCUCAUUAGGCGGUGA,0,0,0.250171837,0.119767909,0
21ur-6165,UUAUGUUAAGAUCCAUGAUUC,1.348702063,2.764043552,10.63230306,3.353501451,0
21ur-9734,UUUUUUGGUUUUUUCACGACU,0,0,1.250859184,0.838375363,0
21ur-14594,UUAAUUCUCCGAGAAUUCAAC,0.269740413,0,0,0,0
21ur-7312,UAAGGAAAUUAUUAGAAUGAA,2.427663714,3.869660973,14.00962286,1.317446999,0
21ur-14197,UUGGAUUUGUUGUUAACAUUA,0,0,0,0.119767909,0
21ur-10702,UCUUCAUUCUUGCUGGAGUUU,0,0.55280871,0.75051551,0.119767909,0
21ur-13590,UACACUUUUUUCUGAACUUUU,0.809221238,2.764043552,0.75051551,0,0
21ur-7945,UUGAAUCAAAUUUAUCACAAU,2.697404126,35.93256618,40.59038052,2.874429815,0
21ur-13629,UAAUAAAAUACUAAUAUGUAG,0,0,0.75051551,0,0
21ur-5738,UUUACGGCUAACUUUUGUCAU,1.348702063,21.55953971,15.76082572,5.389555903,0.547638678
21ur-5994,UCCAUAUGAUCUCAAACUGAU,0.539480825,23.77077455,7.00481143,1.497098862,0.205364504
21ur-5746,UUGUCAUAUAUUUUAUGUACA,2.967144539,187.9549616,12.25842,0.598839545,0
21ur-5610,UUAAAGAGAAGAACGAUUAAA,1.888182888,22.66515713,24.14158225,1.077911181,0