21ur-10293,UUCAAUUUUUUAAGUAUCCGA,0.809221238,5.528087105,22.64055123,3.113965633,0
21ur-5523,UUGUAUUGGCGGAGAUGAACU,12.13831857,316.7593911,151.6041331,7.545378264,0.136909669
21ur-13984,UUUCUUUCAAAAUUCCGAUCA,0,0.55280871,0.75051551,0.179651863,0
21ur-9617,UUACGAAGAGAUAAUACUAGA,0,3.869660973,8.380756532,0.299419772,0.136909669
21ur-6483,GAGGCAAAUUAUAUCAAAAUU,0.134870206,0,0.187628878,0,0
21ur-12529,UAACCUCGUUUGCAGAAAUAA,1.07896165,13.82021776,25.1422696,2.515126088,0
21ur-7099,UGAUCUUAUUUUUGAUCAUCA,0,4.975278394,0.75051551,0.239535818,0
21ur-7220,UGUUUGUUUUGAACCAUAACA,1.07896165,12.71460034,1.000687347,0,0
21ur-10995,UUAUUUCGGAAGUUAUUGAAU,0,1.382021776,2.751890205,0.658723499,0
21ur-14083,UUUAUCGAUCCAAACAAAAAC,0,0,3.377319797,0.419187681,0
21ur-13788,UUUUUCGAACUUUCACCAACU,0,0,2.251546531,0.958143272,0
21ur-15688,AAGGUAUCGCAGUACAGGGGU,0,0,0.125085918,0.718607454,0.342274174
21ur-13527,UAUAACUAAAUUCUAUUUUAA,1.07896165,60.80895815,17.76220041,0.718607454,0
21ur-6947,UUCUAACCAAAACUAAUGAUU,0.269740413,1.934830487,4.815807858,0.479071636,0.136909669
21ur-6417,UAUUCAUAUGGUAGAAAAAAG,11.05935692,192.0088921,251.4018483,11.01864762,0.045636556
21ur-10626,UUAGCAAUUUCCGAAUGUUUU,0.269740413,0.55280871,0.375257755,0.119767909,0
21ur-8020,UGAACAAAUGAAAAUUUGACC,0.809221238,0,0.375257755,0,0
21ur-9270,UUAUUCAAGGUUUCCAACAUA,0,0,1.125773266,0.119767909,0
21ur-6281,UCUUUCAUUCAUUGAAGAAAU,0,2.211234842,2.501718368,0.239535818,0.136909669
21ur-12894,UUGAUAUUCAUUCAUUGGUUC,0,7.923591517,7.713631634,0.179651863,0
21ur-9721,UAAAUGGAUUCUAAAAAAAUA,0.539480825,14.09662212,6.316838879,0.299419772,0
21ur-9436,UUACUUUUAGGAGAUUUAUUU,0.674351032,7.739321947,9.881787553,1.556982816,0
21ur-5915,UAGAUAUUUUGUAAACAAAUU,0.809221238,42.013462,15.51065388,0.479071636,0.136909669
21ur-10523,UUUUAAAUCAUCGUGAAGAGU,1.753312682,6.357300171,1.813745817,0.119767909,0
21ur-5546,UAUUUCGGAAGUUAUUGAAUU,2.967144539,31.78650085,32.14708103,6.527351038,0
21ur-8076,UGAUUACUUUUAGGAGAUUUA,3.64149557,89.5550111,44.9058447,5.629091721,0.273819339
21ur-10322,UGUUGCUUUGUCUUCUAAAGU,0,1.105617421,1.250859184,0,0
21ur-8004,UUCCUUCUCUCCAGUCACUUU,0.269740413,0,7.505155103,0,0
21ur-8956,UUGGGCUAAACGACUGAGCUA,0,4.007863151,1.250859184,0.179651863,0
21ur-6176,UGUUCCGACAGUUCUUUUUGA,1.348702063,2.211234842,4.753264899,0.119767909,0
21ur-9356,UAAAUUAAUUUUCUACGGUUU,0.269740413,11.33257857,13.25910735,3.712805178,0
21ur-15210,UAUUAUGUCACGAGAUUGGUU,0,1.105617421,0.041695306,0,0
21ur-10838,AAGAGGCAAAUUAUAUCAAAA,1.483572269,17.68987874,10.44467419,0.958143272,0.547638678
21ur-10129,UCAGCAUAUAUUCGAAUUUGA,0,0,0.75051551,0.239535818,0
21ur-11204,UAUACUUCAUUUUUUGGAUUU,0.269740413,6.633704526,5.879038164,2.994197724,0
21ur-8831,UUCUUUCGACUAGAAAAUUUU,0.269740413,1.658426131,4.127835307,1.916286543,0
21ur-14240,UUGAUGCUUCGAGCGGAUAGU,0.089913471,2.395504412,1.250859184,0.598839545,0
21ur-7130,UACAUGGUAAUUUGAAAUUCC,2.157923301,53.89884927,1.125773266,0.53895559,0
21ur-12621,UUUUUCCAAAUUGUGCAUUAU,2.967144539,45.05390991,22.35910791,2.335474225,0.273819339
21ur-13429,UCAAUUUCGCACGCGAAAAAA,0,0,0,0,0
21ur-12785,UUUAGUAAAAAAUUUUUUGAG,0.539480825,8.292130657,9.131272042,0.838375363,0
21ur-12742,UUUCUCGUUGGAAAUCUGUAG,0,0,0.125085918,0,0
21ur-6577,UGCGACACUUUUUUGAGUCUU,0,2.211234842,1.751202857,0.119767909,0
21ur-6888,UUAUUAGAUGAGUGUGUCAGU,8.227082585,411.7042871,143.4735484,8.383753627,0.136909669
21ur-9087,UUUAUGGAUAAUGUAACACCA,1.888182888,1.658426131,1.250859184,0,0
21ur-12363,UCACAAUGCAGCUAGAAUUAA,0.089913471,0.55280871,0.166781225,0,0
21ur-8498,UUUUUUUUUAAAAAUUGGUAA,3.068297194,77.39321947,31.89690919,2.994197724,0.136909669
21ur-5670,UUUUUGUGGCUUAUCUAAAUC,33.98729199,1047.296102,603.2268414,77.42995314,1.095277356
21ur-6833,UAGGGAAAUUAAACAAAAAAA,1.618442476,42.38200114,31.89690919,0.958143272,0
21ur-8452,UGUAUAGCCAAUAAAACGCAU,2.023053095,15.47864389,13.6343651,0.838375363,0.068454835