21ur-10719,UCCUGUGCAAUUUUGGGAUUU,0.269740413,0,0.500343674,0.598839545,0
21ur-14220,UUGCAUUAUUAAAUAACCAAA,0.269740413,0,2.251546531,0,0
21ur-9601,UUCGAUUUUUGUAAUCAUAAU,0,0.55280871,0.625429592,0,0
21ur-8491,UAAGCAAAUAAUAGUUUGGGG,0.269740413,0,0.375257755,0.239535818,0
21ur-13701,CGAUAGAUGAUAAUGAUAAGA,0,0,0.250171837,0.359303727,0
21ur-9008,UGGAGAAAUUUUUUUUAAUCU,0,0,0,0,0
21ur-7255,UUAGAAUUUUAGUUGACUAUG,0.404610619,10.77976985,15.19793908,3.832573087,0.136909669
21ur-8327,CGAGAUAAAUUAAUCUGCAAA,0,0,0.875601429,0.059883954,0
21ur-12857,UUGGAAAAGUCAUGUUUCAUG,0,0,0,0.119767909,0
21ur-7228,UGAGCACUAAACUGUUUUUCU,0.269740413,11.60898292,5.128522654,0.598839545,0.273819339
21ur-8742,UUAACUUCAUAAAUCGAAUAA,0,5.528087105,5.128522654,2.874429815,0
21ur-8421,UUUUAACUUUUUUCAGGAUUG,0,2.211234842,4.503093062,1.916286543,0.684548347
21ur-14425,UUCACAUCUCUCUCAACCUCA,0,0,0,0,0
21ur-6130,UUUUGUUGUCGAGUGAUGAUC,0,0.55280871,2.751890205,0,0.136909669
21ur-6835,UAAGUUUGUGUUAGUCAAGUC,0.269740413,5.528087105,10.00687347,3.353501451,0
21ur-7729,UAAACAUCUAGUCUUUGAAUC,0.269740413,6.080895815,10.63230306,0.838375363,0.136909669
21ur-11206,UAUAAUAAAAUUGUCGUAAAU,0.269740413,0.276404355,7.380069185,0.53895559,0.136909669
21ur-5736,UCGUUUAACAAUUUUUUUAAA,0.269740413,17.13707003,6.379381838,0.119767909,0.136909669
21ur-11690,UAUUCAAAGCACAGUGCAAAA,0,3.316852263,1.125773266,0.479071636,0
21ur-13373,UCCUAUUCAGGCAAGGUACAG,0,0,0.250171837,0,0
21ur-8154,UGAUUAAUUGCUUUUUUAAUA,1.348702063,60.80895815,6.879725511,0.958143272,0
21ur-10596,UUCCAGACAUCGAAUGAAAUU,0,0,2.376632449,0.479071636,0
21ur-13325,UCUCCGAAUCUAUCACUGUCC,0,0,0.125085918,0,0
21ur-12632,UUUUGUCAUCAAUGCAACAAA,0,0,0,0,0
21ur-14552,UUAGAAAGAAAUGAUGGCACA,0,1.105617421,0.125085918,0,0.136909669
21ur-14079,UUUAUGGAUUGAAUACUCAUG,0,0,0,0,0
21ur-6290,UUCUUUUGGAUGAUAUUGCGU,4.315846602,105.033655,183.6261282,9.581432716,0.136909669
21ur-13330,UCUAGUUUCUCCGUAAUUUAG,0,0.55280871,0,0,0
21ur-14385,UUCCAAGAUUUUCAACUUUGA,2.157923301,0,0,3.832573087,0
21ur-13190,UGGAUUGCAAAUGUCAUGAAC,0.269740413,0,0,0,0
21ur-14989,UCUAAAAAUCUAAUGGAUGUC,0,0,0.125085918,0,0
21ur-12216,UGUAAGAAAUGUUCCAACAUU,0,0,0,0,0
21ur-15462,UAAUAAUUUAUAGGUAUCGCA,0,0,0.625429592,0,0
21ur-12056,UUCGAAAAUCAUCUAUGAGAU,0,0,0,0,0
21ur-11640,UCCUAGACCAAAACGAAGAAU,0,0,0,0,0
21ur-14978,UCUAUUGAUUGUUUUUCAAAA,0,0,0,0,0
21ur-12162,UGUUUCAGAGAGAAACAGGAA,0,0,0.125085918,0.119767909,0
21ur-11069,UGUGAAAGAAUGUGAUAAGGU,0,1.105617421,0.625429592,0,0
21ur-14705,UGUGAAAAGAGUGACAUUAGA,0,0,0.125085918,0,0
21ur-13804,UUUUACUACUACACUCAAAAU,3.607802933,0.019062369,0.180206394,3.623960104,0.85291981
21ur-15013,UCGGAAUUUGAGGACGAUGUG,0,0,0,0,0
21ur-12253,UGCGAUAUUCAGACAAAAUCC,0,0.55280871,0,0,0
21ur-2515,UCUCAUAUGGUAACUUUAUUU,4.046106189,421.2402374,701.3567444,4.431412631,0
21ur-620,UAUAAGAGAUAAAACCAUAGC,10.25013568,150.3639693,282.5690896,25.15126088,0.273819339
21ur-3137,UAAUGUAAGUUAAAUUGGUGU,0,2.764043552,2.251546531,0.119767909,0
21ur-2018,UUAUUUGUAUUAUUUUUUUAU,0,0,0,0,0
21ur-3599,UCCAGUUUCCCUUCCUUUCGU,0,12.16179163,9.756701634,2.155822361,0.136909669
21ur-3223,UAAAGAAACCUUGGACUUUUA,0.404610619,9.950556789,14.50996653,2.934313769,0
21ur-1153,UAUUUGCAUUAAUUAAAAUAG,3.64149557,66.88985397,11.00756082,2.155822361,0
21ur-2225,UUCCAUAAUUGGUAGAAAACG,0.539480825,4.975278394,6.129210001,0.239535818,0