21ur-2244,UUCUAAUUGCACAUUACUUAC,5.664548665,107.2448898,135.9683933,6.587234993,0
21ur-4642,UGACAUGCUGUUUUGUUUUGU,4.855327427,90.10781981,172.6185674,2.874429815,0.136909669
21ur-1900,UCCCUUACCAUAUUGACACUU,0,2.211234842,4.503093062,0,0
21ur-1629,UCAUUGGUGCAUUGUUAAGAA,36.54982591,561.3772455,586.2151565,18.74367775,0.889912852
21ur-3926,UAGAGUGAUAUGUUGAGAACA,26.97404126,250.9751546,464.8192727,48.02693149,0.821458017
21ur-4689,UGAUCCAGAUUUGAUGUUCAA,2.832274332,84.57973271,39.21443542,9.581432716,0.273819339
21ur-4957,UUAGUGGAAUUUUCUUGAGAA,1.07896165,5.25168275,9.131272042,2.155822361,0.136909669
21ur-3757,UUUCAAUAUUCCAAAUUGCCU,0.539480825,6.633704526,3.752577552,0.359303727,0
21ur-5004,UAUCAUCAACUUUGCUCUCGA,0,0,1.250859184,0.359303727,0
21ur-3461,UGUAAUCAUGUUCCAAUUCAG,2.967144539,28.28537902,56.39290154,7.245958492,0
21ur-317,UAGGCCAUCAAAAUUUAUUCA,25.6253392,2178.066319,981.3615727,23.59427806,1.369096695
21ur-3961,UGAUACACGCGAUUGAUUUUU,13.48702063,284.1436772,395.7093028,11.01864762,1.893917094
21ur-12132,UUAAUUCAUCAUUCAUUUCAC,0,0,0,0,0
21ur-12966,UUCGAUAUGACGAUUAAAAAA,0.269740413,3.316852263,1.938831735,0.299419772,0
21ur-14042,UUUCACGUUUCAACGUUUUAG,0,0,0,0.479071636,0
21ur-15215,UAUUAUAGGCGGCCUCUUAAU,0,12.16179163,2.689347245,0,0.342274174
21ur-10391,UCAUAAACUACAACUUCAGCA,0,0,1.876288776,0.359303727,0
21ur-5773,UGUUCUUUUCUUCAACCAAAA,2.157923301,21.55953971,26.01787103,4.431412631,0.136909669
21ur-6287,UUUCCGCGUGAAAUAAUUGUU,1.888182888,18.79549616,12.25842,2.994197724,0
21ur-5648,UAUCGUUGUAAACUAAAAAGC,5.664548665,27.64043552,116.3299041,17.48611471,0.273819339
21ur-13927,UUUGGUUAAUGAACUUUAAAA,0.269740413,0.55280871,0.125085918,0,0
21ur-12891,UUGAUCCAGAUUUGAUGUUCA,0,8.292130657,1.938831735,0.479071636,0
21ur-6200,UCAUCAGAGGAAAAAACAUGA,0.809221238,1.658426131,11.63299041,1.077911181,0
21ur-9079,UUUGAUAUUUGUAAAAAACUG,0,1.658426131,0.125085918,0,0.136909669
21ur-9937,UAGAAAUCGAAUUUUCAAAAU,0,0,3.002062041,0,0
21ur-7295,UGCUGAAGUUUUUUAACGAAA,0,46.43593168,0.75051551,0.598839545,0
21ur-14612,UUAAUAACUUUGGGUGAAAAU,0.269740413,0.55280871,0.625429592,0,0
21ur-10055,UUCGUUGAUCUCAUCUCUCUC,0,0.55280871,0.625429592,0,0.068454835
21ur-10782,UACUAUACUGGAACUCAUAAU,0,2.764043552,1.501031021,0.359303727,0
21ur-10380,UCCUCUCUUUUCAGAUUCUUC,0.269740413,0,2.876976123,0.958143272,0
21ur-13273,UGAAUUCGGAUUCGUUCUCUA,0.089913471,0,0.500343674,0,0
21ur-6638,UCAGGUAAGUAAGAAAACUAA,0,16.0314526,20.3890047,0.239535818,0
21ur-9524,UAACUUUGGGUGAAAAUCAAU,0.359653883,15.11010475,50.03436736,1.676750725,0.136909669
21ur-12445,UAGUGUAAGUGCUACAACUGA,0.269740413,6.633704526,1.688659898,0.598839545,0
21ur-12603,UUUUUUGCUCUCAAUAAGUCU,0,0,0.250171837,0.359303727,0
21ur-11583,UGCAUUACCUCAUAUUCCUCA,0.269740413,3.316852263,3.168843266,0.359303727,0.273819339
21ur-12419,UAUUAACGAUGAAUAAAACUU,0,0,0,0,0
21ur-7753,UGUUUGGAGUUUUCUCUGUUU,0.269740413,3.316852263,5.128522654,1.676750725,0.547638678
21ur-13875,UUUUCCGAUCGAAAACGAGUU,0,0,0,0,0
21ur-13911,UUUGUUGUGUAUCGAAACGAA,0,0,0.125085918,0,0
21ur-8492,UAACGAUGAAUAAAACUUGUA,0,0,0.75051551,0,0
21ur-13611,UAAUCUUUUCGAUCACGGCUG,0,0,0.125085918,0,0
21ur-15088,UCAUAAACUUCAUAAACUUGU,0,4.975278394,1.876288776,0,0
21ur-10861,UUUUAGCUCUUUAAUGUUAUU,0,0,0.375257755,0.119767909,0
21ur-7950,UUAUUUCAACGGCUGUACAAA,0.269740413,4.422469684,1.501031021,0.958143272,0
21ur-15527,UAAAGAAAAAUUUCCAAAUUC,0,0.55280871,0.75051551,0.119767909,0
21ur-7855,UCAUUUGCUUUCAUUCGGAAU,0,1.658426131,4.753264899,0.958143272,0
21ur-10377,UCGGAUAAUUGCGAUUAAAUU,0,0,0.875601429,0.119767909,0
21ur-8239,UAUUUGCUUUUUAGACUAUGC,0.539480825,7.186513236,6.004124083,1.19767909,0
21ur-7690,UUAUGUAGUAACAUUUAUGGA,1.618442476,2.764043552,3.940206429,0.598839545,0.068454835