21ur-6961,UAAGGAUAUAUAUGAUAUAUG,0,2.211234842,0.500343674,0,0
21ur-11699,UAUGUUCUCGUCACAUAUUUA,0,0,0.125085918,0,0
21ur-6489,UUGCUUUCUUGUGAAUGAUGG,0.539480825,7.186513236,10.8824749,0.598839545,0
21ur-9063,UAAGUUUCUCAAAUUUCUCAA,0,1.105617421,1.125773266,0.598839545,0
21ur-7882,UUUCAGUCUCAUAAAGUCAUC,0,0,1.125773266,0,0
21ur-10412,UAUUGGUUUUUUCAUCAUAGG,0.269740413,1.105617421,1.250859184,1.018027226,0
21ur-2758,UGCAAUCGGAGGAUUACCCCA,2.427663714,7.739321947,16.76151306,2.155822361,0
21ur-881,UGUACAUGAUCAAUUGUGCCA,0,0.829213066,0.500343674,0.059883954,0
21ur-4380,UAAUAGUGUCUUUUCGGUCUA,13.62189084,150.0875649,155.3567106,26.40882392,0.684548347
21ur-3288,UUGUACAUGAUCAAUUGUGCC,1.348702063,30.12807472,57.03917879,7.844798037,0.136909669
21ur-1919,UAGGGGCAUGGUUUAUUGAAC,16.18442476,927.6130162,358.3711562,18.92332961,0.136909669
21ur-1751,UUCUGCUUCUGAGUUCAUUAA,0.809221238,1.105617421,9.506529798,1.077911181,0
21ur-4209,UGUCAAGGAAAAAUAUCCACA,9.036303823,25.42920068,47.40756307,5.629091721,0.136909669
21ur-3348,UGCACUGCGAUGUUGUAGAAA,1.888182888,12.71460034,15.01031021,0.359303727,0
21ur-4383,UAUCACACUAAUAGAGUGAAA,5.12506784,86.79096755,34.77388531,2.395358179,0
21ur-3711,UCAUCUCUUCUUCUUUCCAAG,0,1.658426131,6.754639593,1.077911181,0
21ur-2566,UCCAAAUUCAUCAAUCAACUC,3.506625364,49.75278394,235.1615266,10.06050435,0.684548347
21ur-2210,UAAGUUUCAGGCAUUAUUCGA,4.585587014,14.37302647,28.64467531,10.53957599,0.136909669
21ur-1945,UACAUAUGAAUAUUAGCGUUU,7.552731553,269.7706507,160.4852333,13.4140058,0.684548347
21ur-1056,UUCGCCUGCAUUUAUAUUCAU,1.07896165,332.238035,56.16357736,3.47326936,0
21ur-1343,UGAAGGAAGAGUACGAAACUU,5.12506784,219.4650581,60.5415845,4.670948449,0.136909669
21ur-595,UUAGUCGAUUAAUUCUACAAG,0.809221238,5.528087105,7.129897348,0.658723499,0
21ur-2492,UAGAUCAUUAGAGUACGAAAC,1.888182888,2.211234842,38.83917766,1.916286543,0
21ur-107,UUUGUUUUCCAUUGUGAGAAA,14.02650146,170.8178915,44.78075878,10.6593439,0.273819339
21ur-1394,UACUUCUUUAUGUCCAAAACU,1.888182888,7.186513236,19.38831735,0.838375363,0
21ur-5371,UACAUUGAGUGAAUGAUUUGU,0,3.316852263,4.002749388,0.479071636,0
21ur-3222,UGCGUUAACGGUUUGCAGACA,0,0,0,0,0
21ur-1773,UAACCUAAAUUUGGUGUCACC,2.157923301,37.59099231,38.15120511,4.311644722,0
21ur-3033,UAAAUGAUUGAAAUAUUAAUU,0.539480825,12.16179163,8.380756532,1.437214907,0
21ur-1137,UUUAGACGAGGAUGGUGAAUA,1.07896165,4.975278394,15.01031021,0.479071636,0
21ur-10162,UAGUAAAAAUUGACGUUUUAC,0.269740413,5.528087105,8.005498777,0.958143272,0
21ur-13551,UAGAUGCCAGAUAUAUCUUAA,0,1.658426131,2.376632449,0.239535818,0
21ur-10022,UUUAUCCAUUGUAUUCAUUGA,6.20402949,13.82021776,34.89897123,13.17446999,0.273819339
21ur-8223,UGCGGAAAUUGGUAAGAUUUU,0,1.658426131,0.375257755,0.119767909,0
21ur-9020,UCUUUGAAUAACCGCUUACCC,0.269740413,8.844939368,18.13745817,0.718607454,0
21ur-10191,UAAAAUCAUUUUUUUUAUCCA,0,5.528087105,3.87766347,0.598839545,0
21ur-14834,UGCAACCCAAAUGUUUGAAAC,0,0,0,0,0
21ur-8519,UUUACAGUCAACCAAUAAUUA,2.157923301,14.92583518,5.691409287,0.179651863,0
21ur-11695,UAUUAGAUCAUUAGAGUACGA,0,0,0.312714796,0.119767909,0
21ur-6974,UCGGAAUUUUAUGAACACACU,0,0,3.002062041,0.119767909,0
21ur-9183,UAGUGUCUUUUCGGUCUAAAA,1.213831857,16.30785696,5.253608572,0.299419772,0.068454835
21ur-7972,UAUGUUCAGGUGAAUUACAUU,0,6.633704526,5.753952246,0.838375363,0.136909669
21ur-12598,UUUUUUUCUUUUACAGUUGUU,2.157923301,10.77976985,33.27285429,9.581432716,0
21ur-8064,UUCCAUAGCUAAAAGCCAAUU,0,5.80449146,8.505842451,0.179651863,0
21ur-11093,UGCUACUUCUUUAUGUCCAAA,0,1.105617421,1.000687347,0,0
21ur-15316,UAGUCGAUUAAUUCUACAAGU,0.269740413,1.658426131,0.125085918,0.059883954,0
21ur-12677,UUUUACAGUCAACCAAUAAUU,0.539480825,3.869660973,3.564948674,0.299419772,0.136909669
21ur-11749,UAAUUCUUCUAUAGAUUGUUG,0,2.211234842,2.876976123,1.077911181,0
21ur-8280,UUCAAGCAAUCCAAACGAUUU,0,1.105617421,2.939519082,0.119767909,0
21ur-7547,UUACAAAAUUUUGAAGGAUCG,4.450716808,27.64043552,21.26460613,4.431412631,0