21ur-470,UCACGUGUAUCUUUAUAUAGC,5.394808252,38.69660973,53.28660123,6.108163357,0
21ur-2006,UGUUAAUAUCUUGUGGGCAUA,2.697404126,130.4628557,55.60069072,3.353501451,0
21ur-1419,UGAAGACAGAAUGUUAGCAAA,12.8126696,113.0493813,51.0350547,15.56982816,0.547638678
21ur-4131,UCCCAUGUUUCAAUAUUUUUA,0,0,4.503093062,0.119767909,0.136909669
21ur-389,UGAACACAAUUUUUGCAAUUU,0.539480825,1.658426131,1.876288776,0.479071636,0.136909669
21ur-566,UUUCGUGGCGUUUCUCUCUUC,0,0,18.51271592,0.838375363,0
21ur-1517,UCGAUUCGUAUAAUGCAGAAA,28.68239721,68.36401053,219.5883297,24.31288552,0.205364504
21ur-2866,UGUUUCGUCUGCAAUUGAUGG,0.269740413,2.764043552,12.50859184,3.353501451,0.273819339
21ur-1660,UAUCACAGACUUAGCAGUACU,0.539480825,1.105617421,3.564948674,0.479071636,0
21ur-1338,UUUGAAUCUCAUUAUGAAUGC,0.269740413,0,1.250859184,0,0.136909669
21ur-5203,UGCGUAAGUUUUAAAUAUCAG,0.539480825,6.633704526,6.629553675,0.598839545,0
21ur-5186,UCUGUGUGUCAUAUUGCCUAC,0.269740413,4.975278394,2.001374694,0.359303727,0.136909669
21ur-8,UCAUGGACGUAUGUGAAUGUG,0.269740413,6.080895815,3.252233878,1.556982816,0
21ur-3023,UCGGUGAAUCCUCGGAUUGAU,32.63858993,397.1930585,520.1697916,82.2206695,0.136909669
21ur-2683,UAUGUAGUAACGGUUGCUGUU,3.506625364,17.68987874,12.25842,8.263985718,0.136909669
21ur-5307,UAAGUCUCUUUGUCAUGCAUA,11.05935692,66.88985397,183.8763,63.23745593,1.232187025
21ur-2965,UAAUUCCGUAACUGUAUGAUG,0,2.211234842,11.75807633,0.958143272,0
21ur-3807,UCCUUCUUUUAUUCUCACUUC,0.809221238,14.37302647,15.88591164,4.072108904,0.136909669
21ur-4037,UGUGACUGCCUUUCAAAUUCA,0.809221238,212.2785448,61.9175296,0.718607454,0.136909669
21ur-3417,UGUUAAAUUUCCGCGACUUAA,41.80976396,1241.055555,291.9505335,33.05594287,0.753003182
21ur-2349,UUAAAUCCUUCACACAAACCC,0.269740413,6.633704526,13.75945102,0.598839545,0
21ur-2950,UCAUGUAUUUUCUAGUUUUCC,0.539480825,0.55280871,9.131272042,2.634893997,0
21ur-1806,UCUUAGUACUGUGCUUUGUGG,0,3.316852263,3.12714796,0.359303727,0
21ur-3583,UACGUCUGAGGUUUUCAUUUC,1.07896165,7.462917592,27.39381613,3.233733542,0
21ur-4603,UGUCAUGACACAAGUCGUCAG,2.427663714,1.105617421,43.27972776,4.072108904,0.136909669
21ur-4982,UCCACAUUUUCAAACUGAUCA,7.822471966,46.43593168,33.14776837,4.850600313,0
21ur-1932,UUCAAGAAUUCUCCGACGUAC,3.776365777,44.50110119,74.05086369,7.665146173,0.342274174
21ur-43,UAUUCCUUUAGGAGCGUAACA,4.046106189,37.31458796,26.89347245,7.784914082,0
21ur-3972,UGUGAAGUUGGGAUAGGUAUC,20.50027136,353.244766,220.65156,44.97284981,0.684548347
21ur-2464,UAUCAAAAUAUAUGCCGUUCG,0.539480825,14.37302647,58.91546756,1.317446999,0
21ur-3110,UGCAUUAUUGAAUUGAAAACA,18.16252112,154.1414954,227.4061996,13.53377371,0.273819339
21ur-3693,UGGGUAUUUGACAAUUUUUGA,22.65819466,421.2402374,52.53608572,41.79900023,0.410729008
21ur-2055,UCUACAGAACACUAUGGCGAG,0.269740413,18.79549616,24.76701184,6.347699175,0
21ur-1216,UUGACGGAUUUUUUUGUAUUC,8.631693204,145.9414996,78.05361308,18.80356171,0.547638678
21ur-3091,UGAUAUCUUUAUUCUUUUAGU,8.631693204,33.72133134,25.89278511,2.994197724,0
21ur-2718,UGUGGUUAUAAAGGUUUUAGA,4.990197633,61.63817122,22.20275051,2.335474225,0.136909669
21ur-1666,UACGACAAUCUCGCUAUUUUC,1.888182888,13.26740905,17.63711449,2.994197724,0.136909669
21ur-1278,UAUUGACGUUUUCAGAAUUGA,3.776365777,13.26740905,28.51958939,7.665146173,0.136909669
21ur-5151,UCAACCGACUGGAUGCCUAUC,0.269740413,3.316852263,1.751202857,0,0
21ur-1188,UAUGCAUGUCUUAAGUUUUUC,5.394808252,21.55953971,40.40275164,24.91172506,0.273819339
21ur-813,UUUCGUCAUUUGUAUAAGACA,0,1.105617421,0.375257755,0,0
21ur-1814,UAAUACACUUGAUCGUGUUUU,0,7.739321947,4.378007144,3.47326936,0
21ur-5056,UACAGUUUUUUCCUAUUCGGU,0.809221238,1.658426131,4.127835307,2.27559027,0
21ur-1356,UGGACUUGUGAGGAACUAAAG,7.552731553,59.15053202,97.19175859,7.066306628,0.547638678
21ur-3352,UUCAUCGCUUGACGAGAUUGA,33.71755158,211.7257361,1388.954038,128.87027,1.095277356
21ur-461,UGGGCUCCAAAUAUUUUCAGA,3.64149557,79.0516456,36.71271705,2.036054452,0
21ur-1851,UUCGUCAUUUGUAUAAGACAC,1.888182888,9.950556789,294.7024237,8.982593172,0
21ur-4360,UUGAUUCCCUUAGCACAUACC,0.539480825,0.55280871,0.312714796,0,0
21ur-4972,UAAGCGGAAAGUGUGAAAAUC,16.18442476,72.97074979,72.8000045,20.1210087,0.136909669
21ur-2434,UACAGAGUGUAAUCACGACUG,0,0,0,0,0