21ur-12500,UAAUUAUCAAUUUCAUAAUUU,0,7.186513236,0.500343674,0,0
21ur-9605,UUCAGAUUUUGGACUACGAUC,0.404610619,9.950556789,2.189003572,0.119767909,0
21ur-12739,UUUCUGUAUUUUAGGCUUGUU,0,0.069101089,0.250171837,0.179651863,0
21ur-5592,UUCAUUGAAUUGGAUACACAU,3.776365777,49.3842448,96.23276655,2.515126088,0.136909669
21ur-11454,UUCAGCUUUCUGAAAAAUCAA,0,2.211234842,0.125085918,0.119767909,0.136909669
21ur-12365,UCAAUUUUUCCAUCGUUUACC,0,0.55280871,2.626804286,0.239535818,0
21ur-14496,UUAUGGCACGUCAUUUUAUAA,0.269740413,12.16179163,1.250859184,1.077911181,0.342274174
21ur-8644,UUAUCAGGUAGAUACUUUUAG,0.539480825,7.739321947,7.567698063,1.077911181,0
21ur-7809,UCUCCAGGCGUUUGUUUAAAU,0,2.764043552,1.125773266,0.119767909,0
21ur-6973,UGAUUUAAAAAACGAAAAAAA,1.888182888,43.34941638,26.5182147,0.718607454,0
21ur-11256,UAAGUGAUCGUUACACUCAAA,0.044956735,0.55280871,1.250859184,0.628781522,0.011409139
21ur-11735,UACUACAUAUAGCAUCGAAAU,0,0,0,0,0
21ur-10949,UUGAUCACUAGGUUGACAAAA,0.404610619,7.370782807,7.692783981,1.317446999,0
21ur-14219,UUGCAUUGAAGGGUUCCAUAG,0.539480825,33.16852263,18.20000113,0.598839545,0.273819339
21ur-8228,UGAACCCAUAAGUUUAUGUCU,0.269740413,2.211234842,10.8824749,0.239535818,0
21ur-15141,UCAAAUAAAGAAAUCUAGGCA,0.269740413,0.55280871,6.879725511,0.119767909,0
21ur-5727,UUUUGGUACCAUAUAAGCAGA,12.13831857,736.064798,443.0543229,20.71984825,0.205364504
21ur-8680,UCACUAGGUUGACAAAAAGAG,0.539480825,4.053930544,3.87766347,0.958143272,0.136909669
21ur-11889,UUUGGUACCAUAUAAGCAGAG,0.269740413,11.33257857,8.380756532,1.437214907,0.068454835
21ur-13381,UCCGAUAGGAAAAUGCUUUUU,0,1.105617421,1.250859184,0,0
21ur-5952,UGUUUGAUUUAAACGUUCGAG,7.013250728,109.4561247,154.6061951,19.16286543,0.273819339
21ur-13498,UAUUAAUAACAUUUAGUUUUU,0,0,0.125085918,0,0
21ur-5941,UUCGGGGCACGAACGGUUAAU,0,20.45392229,18.26254408,0,0
21ur-11199,UAUCACAACUUCAAUUGUUAA,0.539480825,4.698874039,5.316151532,0.898259317,0
21ur-9313,UCUAGGAUUUCUUUUUGUUCU,0.269740413,2.764043552,0.625429592,0.239535818,0
21ur-7787,UUGAUAAUUUAAAGAAUUUUA,3.236884951,146.4943083,39.15189246,2.874429815,0
21ur-14457,UUAUUUUUCUGGAAUUGCUUC,0,0,0.500343674,0.119767909,0
21ur-5539,UUUCGUUUCGGUCCAACUCAA,13.21728022,279.4448032,62.5429592,16.46808748,0.547638678
21ur-10550,UUUAUGGAUUGUUCCGCAUGA,0.269740413,0,0.125085918,0.479071636,0
21ur-9800,UUCCUUUUUCAAAAGAACAAG,0,0.829213066,0.500343674,0,0
21ur-9456,UGAUGUAAAGAAAGAAAUAGU,1.888182888,66.33704526,10.75738898,0.53895559,0
21ur-12427,UAUCAGGUAGAUACUUUUAGC,0,0,0.187628878,0.718607454,0
21ur-9998,UUUGUUAGUUGACAUAUUUCU,1.07896165,1.105617421,37.02543184,0.958143272,0
21ur-7053,UUUCUUCUUAGCUCUACAACA,0,3.316852263,3.002062041,0,0
21ur-9810,UUAUUUACUACUAAAUUGGAG,0,3.316852263,10.75738898,0.239535818,0
21ur-12697,UUUGUAAUUGUUCUUGGUCAC,1.483572269,19.07190051,3.564948674,0.958143272,0.410729008
21ur-6346,UAUUUUCGGAAAAUUUGAUUU,0.269740413,8.292130657,7.901260512,1.676750725,0
21ur-14830,UGCAUACCUUUGUUAUCGUAC,0,2.211234842,2.126460613,0,0
21ur-6384,UCCUUUUUCAAAAGAACAAGA,0.269740413,11.60898292,8.630928369,0.479071636,0
21ur-10696,UGAAACCGGCAAAUUUUUAUU,1.348702063,1.105617421,20.88934837,0.239535818,0
21ur-11958,UUUAAGCCAUAUUUUUUAAAC,0.269740413,14.92583518,0.875601429,0,0
21ur-10724,UCCGUAAAGAAGAUUUUUGAC,0,0,0.625429592,0,0
21ur-14780,UGGAGUUCUAUGAAAUUUUGA,0,0,0,0,0
21ur-15363,UACUAUUUAGGACGUAGCGUA,0,0,0,0,0
21ur-13292,UGAAAACAAAUUGCAAUCAGU,0.269740413,0,0.125085918,0.239535818,0
21ur-10165,UAGAGACAAAAACACUUUAGG,0,0,0.500343674,0.119767909,0
21ur-14023,UUUCCCAACUGUCGCUUCUCU,0,0,0,0,0
21ur-13392,UCCAAAGAAAGUAGGACAAUG,0,0,0.250171837,0,0
21ur-14729,UGUAGGGGUACAGUGUUAUGG,0,0,0,0,0
21ur-14791,UGGAACGUUUAAGGCUUCUGA,0,0,0,0.119767909,0