21ur-541,UAUUAUAACUUGAGGUAUUCA,0.539480825,32.06290521,26.01787103,0.958143272,0
21ur-4877,UGGUGUUACGAUAAAAUGAAG,1.888182888,359.6020662,31.83436623,3.47326936,0.136909669
21ur-3098,UUGAUUUGGACAGCUGAAAAU,2.967144539,109.4561247,72.04948899,0.838375363,0
21ur-2389,UGGAUCAGGGGUACCCCAAUA,2.967144539,75.18198463,0.250171837,5.269787994,0.273819339
21ur-5247,UCAAACGUUUAUAUCUUAAAC,0.539480825,15.20223954,4.503093062,0.359303727,0
21ur-4755,UAAGGUACAGAAUAGUUGAAA,59.8823716,634.3479953,374.3196108,28.74429815,0.753003182
21ur-5041,UAUAGUAUGUUCCAGAGGUGG,1.622351757,16.58426131,38.40137695,8.867815592,0.148318809
21ur-3438,UCACUACAGUAUAUGACAGAU,0,37.59099231,8.005498777,5.509323812,0
21ur-1654,UCAGUACAACUUAGGGUUGAA,9.575784648,67.99547139,31.52165143,1.077911181,0
21ur-2307,UACGUUUUUUUCGGGUUAGUU,2.697404126,37.0381836,51.47285542,25.33091274,0.205364504
21ur-4136,UGUAUAGACUGUGACUGUAGU,3.236884951,36.76177925,86.30928369,12.03667485,0.205364504
21ur-3307,UCGGUCUCAAUUAUUAAACUG,0.269740413,0.55280871,1.188316225,0.119767909,0
21ur-931,UGAUUUACUUUCGCGGUUUUC,2.697404126,43.67188813,74.05086369,11.37795135,0.273819339
21ur-1148,UGACUUAGUAUUUUGUUGAGA,39.11235983,331.9616307,405.0282037,156.0575854,2.122099877
21ur-3533,UAAGACGAGUGCAGUCAAUGG,0.539480825,12.71460034,31.33402256,4.910484267,0
21ur-405,UACGAAGGAUACAUAGAUCGU,0.269740413,12.71460034,9.381443879,0.359303727,0
21ur-3006,UUCACCUGUGAUCGCGAUGUU,0,14.37302647,10.75738898,4.072108904,0.273819339
21ur-14214,UUGCGUAUGCAGUGCACCAAG,0,1.934830487,0.687972551,0,0
21ur-6501,UUUUUUUAAUAUCAUUGUUGG,24.00689672,527.3795098,985.4268651,185.520491,1.369096695
21ur-7519,UACAAGAAAUGGAAAUGGAAA,2.967144539,56.66289283,38.7766347,2.27559027,0
21ur-10935,UUGGGCAUAUCUCCGGUCACA,0.539480825,1.658426131,1.063230306,0.359303727,0
21ur-5581,UUACAAAAUUGAAAUAAAAUU,2.427663714,38.42020538,7.505155103,0.359303727,0
21ur-7799,UUAAUAUUGUCUUGUCUGUAC,1.07896165,20.45392229,27.01855837,1.317446999,0
21ur-10195,CGAUUCGCAUGUUGCUAUAGA,0,0.276404355,1.438488061,0.598839545,0
21ur-12692,UUUGUAGUUGGCUUACAAUUA,0,2.211234842,0.125085918,0,0
21ur-8446,UUAUGUGGUCGGUUUACGAUU,0,0,1.876288776,0.239535818,0
21ur-14122,UUUAAACGGGGUAAGUAUUGG,0,0,0.500343674,0,0
21ur-10387,UCAUGGUUUUUUCAUCAUUUG,0,1.105617421,0.125085918,0.119767909,0
21ur-12962,UUCGCAUGUUGCUAUAGAUGA,0,0,1.000687347,0.239535818,0
21ur-14821,UGCCUGAUUUGAAAUAGCGUC,0,0,0,0,0
21ur-11128,UCUUGUCAAAAUUAGGAAUAU,0,0,4.002749388,0.718607454,0
21ur-5692,UUUUUUUUAGUUGGCGAAGGA,1.888182888,110.2853377,10.13195939,6.168047311,0.410729008
21ur-12083,UUCAAACGUUUAUAUCUUAAA,0.269740413,3.040447908,0.75051551,0,0
21ur-7953,UUAGUAUUGUUCGUUCCUAUG,0,1.105617421,2.501718368,0.239535818,0
21ur-6247,UAGUUAAAUCUUACUUUAGAA,0.269740413,2.211234842,2.751890205,0,0
21ur-14119,UUUAAAUGAAUUAUUGUAAUU,0,1.105617421,4.127835307,0,0
21ur-15230,UAUUACACAUAACAGUAAUAA,0,0,0,0,0
21ur-5703,UACUCGACGAAAAAAUUGGUU,3.236884951,17.68987874,60.91684226,25.03149297,0.684548347
21ur-7426,UGAUAAUCUAGUUUGUUGUUU,0.86316932,12.71460034,11.88316225,2.395358179,0.136909669
21ur-14166,UUGUAUAGACUGUGACUGUAG,0,2.487639197,1.375945102,0.299419772,0.205364504
21ur-11868,UUUUAUUAAAUUUGCAAUGUU,0.269740413,2.487639197,1.000687347,0,0
21ur-12669,UUUUAUCGUACGGUGAUUAUG,0,0.829213066,0.938144388,0.53895559,0
21ur-14973,UCUCUGGCUGGUGCACUCUUC,0,0,0.125085918,0,0
21ur-15214,UAUUAUAGUAUGUUCCAGAGG,0,1.658426131,1.000687347,0.119767909,0
21ur-9137,UGUCUUUUUAAACUUUCUUUU,0.809221238,7.186513236,11.13264674,5.868627539,0
21ur-9740,UUUUGACUAGGGAGAAUUUCU,0,1.105617421,0.250171837,0,0
21ur-7633,UUCGGUCUCAAUUAUUAAACU,1.348702063,27.64043552,14.82268133,0.479071636,0
21ur-11917,UUUCCUUAUGUAAGUUAUUUA,1.618442476,25.42920068,5.503780409,0.119767909,0
21ur-15654,CAAAAUUCCCAAAUCUCACGA,0,0.55280871,1.876288776,0.239535818,0.136909669
21ur-15403,UACAACUUAGGGUUGAAACCA,0.404610619,1.105617421,2.251546531,0.119767909,0