21ur-24,UAGUCAGCUAAAAUGGUUCAG,11.32909733,64.12581042,376.3209855,7.006422674,0.205364504
21ur-4337,UAUGUAGUAACAUUUAUGGAC,0.269740413,0,0.437800714,0,0.068454835
21ur-5364,UCAGCAUUGUCAAAAUAUAUU,2.697404126,48.09435781,203.1395315,1.676750725,2.46437405
21ur-1131,UCUGAUGCAAUUUUAUGCAAU,0.809221238,22.94156149,4.753264899,0.119767909,0
21ur-2744,UAGUCGUAUUUCUCUUCUGAC,1.888182888,13.26740905,39.90240797,4.072108904,0
21ur-320,UUCUUCUAUUUCUCCAUGGGA,37.62878756,37.0381836,150.165645,68.74677974,0.205364504
21ur-4700,UACGAUAUUUUUGAAAUUUCA,1.618442476,33.16852263,22.03075738,1.19767909,0
21ur-2691,UGGUUGAGUGAAAUUCCACAA,0,16.58426131,3.377319797,0.119767909,0
21ur-1716,UUGCUCUGCCGCAAUUAAAGC,0.269740413,4.422469684,2.501718368,0.119767909,0
21ur-2998,UUAAGAAUUGUAAAGCCUUCU,0.539480825,14.37302647,51.41031246,5.629091721,0
21ur-1902,UCUUUUCGAUCACGGCUGACA,0,1.105617421,7.505155103,0.239535818,0
21ur-2976,UCGUUGAUCUCAUCUCUCUCU,0,0,2.376632449,0.718607454,0.068454835
21ur-468,UGAGUGCAGUAAAAUCUUUCC,8.361952791,424.004281,34.0233698,62.99792011,0.821458017
21ur-518,UAUACCUACCAUGUUCUGAGG,8.092212378,67.71906704,207.7051675,131.0260924,0.821458017
21ur-2586,UUCGGUUGGUUUAGUUCAAAA,7.013250728,155.8920564,81.68110471,23.95358179,0.136909669
21ur-2929,UUGGUUCAAAAAUGAAGCUGU,1.618442476,69.10108881,17.44948562,8.263985718,0.136909669
21ur-4828,UGAAAUGUCCAAUAAAAUUCC,5.394808252,103.3752289,110.2006941,7.904681991,0.136909669
21ur-5076,UGUUAAGGUGAUAAAACAUUG,0,3.869660973,2.626804286,0.119767909,0
21ur-2884,UGCAUUUGCUGAAUUUGACAC,4.855327427,68.5482801,205.2659921,2.994197724,0.410729008
21ur-3817,UGCAAUAUUGAAAUGUCAAUC,1.07896165,8.844939368,15.6357398,0.598839545,0
21ur-3827,UCGACGUCUCUUGCUUUCUCA,0,2.211234842,3.940206429,0.838375363,0
21ur-3714,UGCUUGUCAUCAUUACAGUGA,1.348702063,4.975278394,4.127835307,0.598839545,0
21ur-1251,UGAAUACAAUCAAUGUUGACG,9.440914442,75.73479334,221.1519037,10.18027226,0.547638678
21ur-1117,UCAUGAGACGCUAAAAACAUG,0,6.080895815,7.630241022,0.958143272,0
21ur-562,UCAGUAACGGCAUUUAGUUUG,12.13831857,150.6403736,210.5196007,13.53377371,0.273819339
21ur-3020,UUGAUUGACUUCCUUCUAAUC,14.83572269,302.9391734,166.8020722,22.51636688,0.136909669
21ur-3552,UUGGGAUUUGGAUCAACAUUU,4.315846602,61.91457558,63.66873246,24.31288552,0.410729008
21ur-4854,UCUCAUUGUAUUGUAAAAUGA,46.79996159,1120.819661,867.59593,143.6017228,0.889912852
21ur-2796,UACACGCGAUUGAUUUUUAUC,1.213831857,12.16179163,5.753952246,0,0.182546226
21ur-4382,UGGAUCGCGGAAAUAUGCAAA,0.539480825,0.829213066,0,0.958143272,0
21ur-1974,UGCUUUUACGUUUUUUUGAUA,18.07260765,568.2873544,389.5175499,40.84085695,1.095277356
21ur-5188,UAAGGGAGUAUGCUUAGUAGU,0.539480825,6.633704526,18.26254408,0.479071636,0.136909669
21ur-2248,UUUAUAACAAGUAGUUGGUUG,0,1.658426131,2.251546531,0.359303727,0
21ur-1391,UAGGAAUUCGUCUGAACAAAA,12.13831857,94.53028949,100.6941643,36.28967641,0.136909669
21ur-3485,UCAGAUUCUUAAGUUGCAUCA,3.776365777,36.48537489,65.2948494,0.359303727,0.273819339
21ur-3742,UAAGUUAGGCGUAAUACUUGU,0.134870206,0.829213066,5.628866328,1.317446999,0.136909669
21ur-1958,UACCACGAUUUUUAUCACAAA,15.91468434,148.0270961,90.93746267,25.03149297,0
21ur-4853,UGGUUUCUUCAAUUUUCUUAA,0.809221238,22.66515713,1.751202857,0.838375363,0
21ur-2224,UUCUUCACCGUCCGGUUACAA,1.888182888,13.82021776,254.2996721,9.22212899,0.273819339
21ur-3028,UGUAAGUGCUACAACUGAUUA,1.348702063,107.2448898,2.564261327,0.119767909,0.136909669
21ur-106,UAAGUGUAUCUUUCACAUUUU,0,3.316852263,1.751202857,0.239535818,0
21ur-1358,UGCUUCGUGGUAGAGCUUUGA,0.539480825,3.869660973,9.131272042,0.479071636,0
21ur-2907,UUAGGAUUUGGAAAUGACCGA,0.539480825,1.105617421,2.751890205,1.556982816,0
21ur-1020,UCUAAUUGCACAUUACUUACG,1.618442476,9.950556789,16.01099755,6.467467084,0
21ur-3730,UUUUCGUUGUGGACAAUUUGG,62.57977573,751.8198463,812.6832118,162.1657487,1.779825703
21ur-4168,UAAGCAUUUUUCAAGGUUUUA,0.539480825,7.186513236,9.131272042,4.670948449,0
21ur-5380,UAGUGCAUUACCUCAUAUUCC,0.809221238,6.080895815,1.167468572,0.778491408,0.273819339
21ur-1562,UUGAAAUCACAGUUUGAUUGG,4.855327427,24.87639197,58.29003797,22.87567061,1.369096695
21ur-4008,UGGAAUUUUCUUGAGAAAGAU,3.236884951,59.42693638,74.05086369,9.102361081,0.273819339
21ur-601,UCCAAAUCUCCACCAGCCCUA,1.618442476,78.49883689,415.410335,0.958143272,0