21ur-4587,UGAUUGCUCUCUAAUAAGUUU,5.934289078,185.190918,80.18007369,8.623289445,0.136909669
21ur-3722,UGGUGUGAUACUUCUUCGUUU,0,0,0.375257755,0,0
21ur-2543,UGAGACAAGAAAGUUUUGGUU,16.99364599,213.936971,339.6082684,50.66182549,2.190554711
21ur-1122,UAUCGUUGGGUAGACCAUGGU,23.19767549,35.37975747,282.6941756,131.0260924,1.369096695
21ur-2885,UCAGUUGGUAUCUUACUUAUU,17.26338641,475.415491,587.9038164,33.4152466,0.479183843
21ur-364,UAUUCCGCUAGGAAUCAGUGG,1.888182888,12.16179163,18.38763,1.556982816,0.136909669
21ur-3111,UCUCCUACUCACUCUGGUUUU,2.967144539,28.19324424,433.0474495,7.425610355,0.273819339
21ur-2762,UAAAUUUUCUGCUCAUUUAUA,0.606915928,11.33257857,4.034020868,0.359303727,0
21ur-2577,UAAAGUCCGAAAAUUUUCACA,0.269740413,11.60898292,8.630928369,0.359303727,0.068454835
21ur-435,UAAUUAGUGCGUAGCAAUGAA,0.539480825,2.764043552,2.501718368,0.359303727,0
21ur-2092,UUGUGUCCACGAACAGAAAAC,0.269740413,3.869660973,1.438488061,0,0
21ur-2948,UGAGUUUGCUGGAUAUGGUCC,5.664548665,25.42920068,81.43093287,5.150020085,0
21ur-355,UCAACAGUAAAAAUUCAGAGA,1.618442476,5.528087105,59.91615491,2.874429815,0
21ur-856,UGGUGUGCGUUUUUUUUUUGA,9.710654854,105.5864637,29.64536266,0.838375363,0
21ur-1506,UACCGACGCUCUUCUUUUGAA,0.269740413,3.869660973,12.88384959,0.359303727,0
21ur-2620,UGUGUUGAGUCUUUUGGCGAG,0.539480825,9.397748078,6.25429592,1.19767909,0.136909669
21ur-1554,UCUAUGGAGAUUAUAAUUUGC,0.539480825,3.869660973,12.38350592,0.838375363,0.136909669
21ur-4835,UAUUGUUUUUAGAAUUUUAGU,1.07896165,39.24941845,10.75738898,2.27559027,0
21ur-884,UGACUCGGUGAAAACAUAACG,0.269740413,1.105617421,3.752577552,0.239535818,0
21ur-5346,UGCAUCGUGGAAUCGAUUCAA,9.980395267,79.60445431,12.75876368,27.42685115,0.273819339
21ur-847,UAUAGUUACCAUCAGAGGUGG,0.071344384,2.764043552,17.51202857,6.647118947,0
21ur-2044,UCACAUUGCGUAAAACAUGAA,2.157923301,3.316852263,3.627491633,0.479071636,0
21ur-4468,UAUAAAAACAUUUGUUCACUU,1.07896165,19.34830487,188.504479,8.0244499,0
21ur-722,UCUAGGAAACGUGAUAUCUUC,1.888182888,15.47864389,5.753952246,1.077911181,0
21ur-2677,UGCCAUCUUUACUCACUAUCA,9.171174029,353.7975747,42.77938409,8.0244499,0.547638678
21ur-5152,UUAUUUAGCAAUCGUUCUACA,0.269740413,1.658426131,3.752577552,0.598839545,0
21ur-2321,UAACAUGUGCCUAAAAUAGAA,1.888182888,61.91457558,8.756014287,0.479071636,0
21ur-2105,UAACUUUUGGAACUCAACAAU,0.269740413,1.105617421,9.506529798,0.359303727,0.136909669
21ur-2773,UGGGAGGAAAAUUGUUCAGAU,3.506625364,44.77750555,44.78075878,4.191876813,0.136909669
21ur-5055,UGUCAGUAAUGAAUAAUCACA,0.539480825,1.105617421,5.128522654,0.119767909,0
21ur-287,UGCACUUGUCAUCAACAAACA,1.348702063,5.80449146,11.00756082,1.676750725,0.136909669
21ur-1559,UCCAGGGGAAAAGUUGCUGAA,12.00344836,85.96175448,116.8927907,15.33029235,0.342274174
21ur-3979,UGUAUUGCAUAAAUGAACGGU,0.539480825,9.397748078,30.64605001,0.119767909,0
21ur-6,UAUGUUAAGAAAACCCUCGAC,0.539480825,5.528087105,10.13195939,1.077911181,0
21ur-2312,UAAAGCGCGUUUACGUUUUGA,0.809221238,13.26740905,15.26048204,8.743057354,0.136909669
21ur-1633,UAUAGCAAUUUUUCCUGUUCC,0.269740413,10.5033655,13.00893551,1.137795135,0
21ur-1624,UCUAUUCCUGACCGGCAUUCU,1.888182888,2.764043552,153.7305937,2.515126088,0
21ur-63,UGCAUUUUUAACAGCCUGAAA,2.157923301,80.15726302,29.01993307,1.796518634,0.684548347
21ur-3022,UUAAUAUAAUUGAUUGUGUUU,42.07950437,815.9456567,236.2872998,34.49315778,0.136909669
21ur-186,UGACAAUUCUAUCUAAUGAGA,2.157923301,7.739321947,9.131272042,1.19767909,0
21ur-2223,UCCAAGGUUUAAAAUCAUGAG,0.809221238,18.24268745,51.16014062,4.072108904,0
21ur-864,UCUUGUGUUGGACGGAAAUCA,11.86857816,222.7819103,294.8275096,70.54329837,1.506006364
21ur-3290,UUCCUUCCGUUAUGGGUCGAA,3.776365777,57.76851025,29.01993307,28.26522651,0.273819339
21ur-4065,UAAGUAAGAAAAUUAGAACUG,1.07896165,9.397748078,8.255670614,1.19767909,0.136909669
21ur-1615,UAGGGACUAUUAGCAAUUAUC,9.710654854,219.4650581,110.9512096,3.233733542,0.821458017
21ur-2263,UGUUCAAUGGAUAGAUCCCGC,1.348702063,12.16179163,34.0233698,2.994197724,0
21ur-3012,UGGAGGUAUCCUAUCGUGUGU,0,0,1.063230306,0,0
21ur-3104,UUAUUUGAUGAUGAAAAUUGA,24.00689672,211.1729274,201.0130709,27.78615488,0
21ur-504,UGAACGUUUCAUUGGAAUACU,8.631693204,38.14380102,70.67354389,7.305842446,0.273819339
21ur-2406,UCAUAAACUACUUUUGCUGCU,1.618442476,76.28760205,58.91546756,2.994197724,0