21ur-6572,UUCUUCAUUGUUUUCGUUUGA,1.753312682,6.357300171,14.82268133,7.126190583,0.273819339
21ur-8723,UUGAGAUCUCACGCGGAAACU,0,2.764043552,1.125773266,0.479071636,0
21ur-8892,UCCAAUUUUUACUGGAAAAAA,0,2.211234842,10.25704531,0,0
21ur-12433,UAUACCGUAAUAAGUAUUAUU,0,0.55280871,0.875601429,0,0
21ur-8850,UUAAGUGUUCAUUUGAUGCAC,0,1.658426131,1.000687347,0.119767909,0.136909669
21ur-12615,UUUUUGCAGGCGGAAAAUAAA,0,0.829213066,0.312714796,0,0
21ur-10982,UUCAUCAAAAAAUGUAAAGUU,2.157923301,11.60898292,9.381443879,0.718607454,0
21ur-15212,UAUUAUGACAAGGGGAGAAAA,0,0,0.500343674,0,0
21ur-6655,UGAAACCUAUGUAAACGUUUU,1.07896165,40.90784458,30.89622184,0.359303727,0
21ur-7146,UUCUUUGAAUGAAAAAAACAC,0.269740413,7.96965891,11.13264674,0.838375363,0
21ur-9789,UUGAAAUGGGUACCCUUAACU,0,24.32358326,31.52165143,0.598839545,0.136909669
21ur-11047,UUAAAACGUACGGAAAAAAUU,1.708355947,31.97077042,39.96495093,1.117833817,0
21ur-9392,UUUCAGAACUUUUUCAUGAGA,0,0,1.501031021,0.239535818,0
21ur-13781,UUUUUCUUAACCUAAAGCAGA,0,0,0.250171837,0,0
21ur-14588,UUAAUUUUGCUGAAUUAAAAA,0.809221238,66.88985397,26.01787103,0.838375363,0
21ur-10143,UAUUAGGCCUAGGAUUUCUCU,0,19.90111358,4.503093062,0.239535818,0.136909669
21ur-14907,UGAAGACUGUUGAACAUAUCA,0,0,0,0.059883954,0
21ur-13886,UUUUAUUUAAGAAGUUCAAUU,0,4.975278394,1.876288776,0,0
21ur-7441,UUUUCUCAUCAUUGGAAAGGU,0.269740413,2.487639197,8.693471328,0.718607454,0
21ur-8818,UUUAUAUAUGGUGUUGACUUA,0,70.20670623,67.42131001,1.19767909,0
21ur-11365,UUUAUUUCAAUCACUACUUUA,0.269740413,0,1.501031021,0.119767909,0
21ur-10135,UAUUUAUUGUGAAGAUUAAGA,3.236884951,17.13707003,27.64398796,2.036054452,0.136909669
21ur-13204,UGCUGCUGUUAGUAGAUCCAU,0.269740413,0,0.500343674,0,0
21ur-10930,UUGUAAUGUAACUGUAUGCCU,0,4.698874039,1.688659898,0.239535818,0
21ur-9773,UUGUGUUGUUCAUUGUGUGUC,0.269740413,11.33257857,6.754639593,0.359303727,0
21ur-13626,UAAUAAGUUCUUCUUCGGGGU,0.134870206,0.55280871,0.562886633,0.059883954,0
21ur-14274,UUGAAUGAUAUGCCAGAUCAC,0.944091444,25.42920068,4.878350817,0.53895559,0
21ur-12143,UUAAAUCACACAGAGUAAUGA,6.608640109,39.80222716,52.97388644,5.090136131,0
21ur-10482,UAAAUUUUUGGAAACGUUUCU,0.269740413,2.211234842,4.127835307,0.53895559,0
21ur-5731,GAAACAGCAAUAUUUGGACAA,0.269740413,2.211234842,1.125773266,0.598839545,1.916735373
21ur-13549,UAGAUUUUGGAAUGUUUGCGG,0,1.658426131,1.125773266,0.718607454,0
21ur-12005,UUGAUUACGCCUUGGGUCGAA,0,0,0,0.119767909,0
21ur-7634,UUCCUUUGUUGGUUUUUAAUU,4.315846602,105.033655,40.65292348,14.49191698,0.273819339
21ur-11211,UAGUUCUACUCCAUUCUUGAU,0.809221238,4.146065329,5.191065613,0.479071636,0
21ur-9040,UAUUGUUUUCCAAUUUUACAA,1.07896165,6.633704526,3.87766347,0.119767909,0
21ur-9386,UUUCUGAUAGUGAUCCGCUUU,0.269740413,1.934830487,1.917984082,0.239535818,0
21ur-6935,UACAUUAAUAAUUUGGACAAA,1.618442476,71.86513236,33.89828388,1.437214907,0
21ur-6838,UUUUGCAGGCGGAAAAUAAAU,0.539480825,12.9910047,8.193127655,0.359303727,0
21ur-9801,UUCCUGCGAAUUUCCGGUUGU,0.134870206,0.644943496,1.125773266,0,0
21ur-10298,UUAUUGAUUAGGUUUCAAAUU,0.269740413,1.658426131,1.626116939,0.718607454,0
21ur-12759,UUUCAUUAGUAUUCCGUCGUC,0,0,24.64192592,0.239535818,0
21ur-12045,UUCUAAUCUUUGUGAAUCACC,0,0,0.250171837,0,0
21ur-11558,UGGUAGUUUCGAGUUUGGUUU,0.269740413,0.55280871,0.625429592,0.239535818,0
21ur-5792,UUCCAACAGUUUAAUCGUAAC,0.539480825,9.397748078,29.01993307,1.796518634,0.273819339
21ur-5779,UGUGAUCAUCUGUCAACACUC,0.134870206,5.528087105,15.01031021,0.419187681,0
21ur-12681,UUUUAAAAUGUCUCAUUACGA,0.269740413,1.658426131,1.125773266,0,0.136909669
21ur-12101,UUAUGUAAUUAAUUCCAAAUU,0,8.292130657,7.380069185,0.838375363,0
21ur-7893,UUCAAAGCGUUAAUAAAAAAA,0.269740413,8.430332835,20.79553393,0.479071636,0
21ur-5802,UUGAAAAAAAGGAGAAAACUC,1.07896165,100.6111853,23.01580898,2.754661906,0
21ur-13464,UAUUGUUUCGAACUUCAAUGC,0,2.764043552,2.376632449,0.718607454,0