21ur-2963,UGUGUCUAAAACAUACCUAGG,1.888182888,12.71460034,8.756014287,0.718607454,0
21ur-4394,UAAAUUUCGAUAAAUUGGAGU,1.07896165,17.68987874,32.39725286,4.790716358,0
21ur-1914,UAAAGCCGACAGAUUUCGAAC,0.269740413,1.658426131,8.881100206,0.359303727,0
21ur-4462,UAAAUAAAUACCGUAUUAGCA,15.10546311,111.1145508,1571.329307,13.53377371,0.136909669
21ur-1454,UGACACAUCGGUUUAAUGAGA,3.236884951,5.528087105,16.13608347,2.27559027,0.136909669
21ur-2582,UUGGUAGGGAGGCAAACUAGU,23.96193999,786.2782559,268.2884473,11.55760321,0.616093513
21ur-4937,UGGGGAAAAAUAACUGCAAGA,2.697404126,27.64043552,19.88866102,1.556982816,0.410729008
21ur-3811,UAUUCAUACGAUGGAACUGAG,0,2.948313123,0.667124898,0,0
21ur-1405,UGCAAGAGAAGCAGUAUAUCA,12.13831857,117.1954466,24.39175409,17.81547646,0.273819339
21ur-3264,UGGUUAAAUUCUCCGUUAAUA,1.07896165,14.09662212,4.753264899,1.19767909,0
21ur-1560,UACAAAACCCAAAACUUUUGA,2.697404126,74.62917592,70.67354389,3.832573087,0.136909669
21ur-2277,UAACUCAUUUUUUAGCCUUUC,0,11.05617421,1.250859184,0.119767909,0
21ur-5437,UGAAUAAUUCGGUGUUGUAGA,15.91468434,349.9279137,129.9642692,41.08039277,0.136909669
21ur-4176,UACAUCUGAAACAGGAUGAAU,2.832274332,37.82132928,45.65636021,4.311644722,0
21ur-5067,UACUUUCAGAUCCCCUAUAAA,8.361952791,198.4583271,110.4508659,4.55118054,0.136909669
21ur-2177,UGCACCGUUUUUUCUGUUUCU,5.934289078,14.92583518,57.53952246,21.79775943,0.410729008
21ur-5249,UCAAAUUAUAUGCUUAUAAAC,9.710654854,274.1931204,102.0701094,8.263985718,0.136909669
21ur-4076,UGUCUCGCCAACUGCAAGCCA,1.618442476,8.844939368,6.004124083,0,0
21ur-2385,UAAACUGUGAAUUUAGUUUCA,4.585587014,69.65389752,185.7525888,0.718607454,0
21ur-2550,UUAAUGUUCCAAAGUUGUUUU,0.539480825,1.105617421,5.378694491,0.958143272,0.136909669
21ur-1491,UAGGAUGCAAGUUUUUUUUCU,0.269740413,15.47864389,4.127835307,1.317446999,0.136909669
21ur-2323,UCCUGCUAGGUCAUUUUUUAA,0.539480825,14.37302647,35.52440082,4.55118054,0.136909669
21ur-2953,UGAAGAGUUAUAUUGACUUAU,6.743510315,243.2358326,30.39587817,1.916286543,0.273819339
21ur-2268,UACUGAAGAAGACGGACAAAG,0,1.105617421,2.126460613,0.958143272,0
21ur-2408,UAGCGCAAUUUUUUAAGGUUU,4.315846602,31.5100965,28.64467531,16.16866771,0.136909669
21ur-4850,UGCAAUUGUUUUGCUUGUUAC,0,9.397748078,16.01099755,0.119767909,0
21ur-1820,UUGGUUUUCGGGGAUAAUUGC,0,34.82694876,19.76357511,5.509323812,0.273819339
21ur-2461,UAUACCGGAUAUUUUCUACGA,0,3.869660973,2.751890205,1.19767909,0
21ur-1637,UGUGUAAAGCGUGUACUUCAA,5.529678459,109.4561247,37.71340439,4.311644722,0.410729008
21ur-4730,UCCUUCGGCUAUAUUUACAAU,14.56598228,338.3189308,578.1471148,60.48279402,0.273819339
21ur-4127,UUUAGCGAAUAUUCCUAAUAA,1.07896165,45.33031426,8.130584695,0.119767909,0.684548347
21ur-3852,UUAGAAAGGAUUGUUUAUUAA,42.88872561,767.0220858,336.2934916,51.73973667,0.889912852
21ur-3164,UGAUUCAGGUUACUUUUUUAC,0.269740413,11.05617421,2.626804286,0.119767909,0
21ur-92,UUCAGACUCAGACUACAGUUC,0.134870206,0.55280871,9.068729083,0.479071636,0.136909669
21ur-65,UCAGACUUCGCUUCUGCUUGA,2.967144539,2.211234842,27.51890205,0.479071636,0.136909669
21ur-3423,UCCUCCGAAAAUAGUCUAAAA,18.88182888,153.6808215,259.3656518,18.32449007,0.958367686
21ur-1582,UGAAUUCGUGCUUUGGAUAAC,1.07896165,40.90784458,81.05567512,9.461664807,0.410729008
21ur-944,UAUGUCACGAGAUUGGUUUAC,2.967144539,41.46065329,45.69805552,2.036054452,0
21ur-247,UUCGACCUGCAAUGACAAAUC,2.427663714,171.923509,149.7278443,3.593037269,0.068454835
21ur-2002,UAGGAAAAAAACUAAUUUUCC,0,3.869660973,1.876288776,0,0
21ur-5005,UUGGUCGAAAAUGGCGAGGUC,0.269740413,2.211234842,7.75532694,0.598839545,0
21ur-4807,UGGGAGAAUAGUAAGGACGUG,0,2.211234842,1.125773266,0.239535818,0
21ur-720,UAAAAAAUUUUUUGAGAAUGG,1.07896165,99.50556789,157.858429,9.22212899,0
21ur-2127,UUGGUAGGCGUCAUUAAAACC,8.901433616,100.6111853,88.81100206,13.53377371,0.410729008
21ur-3675,UAAGGUAUCGCAGUACAGGGG,1.348702063,7.739321947,36.65017409,3.712805178,0.068454835
21ur-2150,UGAUCCUUUAUUUGACCUUAA,0,4.422469684,2.126460613,0.359303727,0
21ur-2925,UCAGACUCAGACUACAGUUCA,0.134870206,0,0.062542959,0,0
21ur-473,UCGAAAGUAUUUCACAAACGA,0.269740413,7.739321947,11.94570521,0.838375363,0
21ur-374,UGUUAUAUUAGCUUUUCUUGA,29.9411858,80.71007173,107.1986321,20.36054452,0.684548347
21ur-903,UUGGUUUGGUGUGAUUGAUUU,1.07896165,126.040386,53.66185899,3.353501451,0