21ur-4301,UGACAGCCUCAAUUUUUUUGC,0.809221238,1.658426131,3.502405715,0.359303727,0
21ur-5183,UCUGAGUAGGUAUUAUCGUGA,6.743510315,39.80222716,60.16632675,13.35412185,0.136909669
21ur-3231,UGAAAAUAUUGUUCUGUUUCA,0,9.950556789,1.876288776,1.676750725,0
21ur-510,UCCCACUAAUAAUAAAAACUC,0.269740413,5.528087105,35.77457266,1.437214907,0
21ur-845,UCAGGAAAGCAAGAACUCGAA,7.822471966,4.975278394,91.56289226,5.389555903,0.684548347
21ur-4609,UGCACUUCCCAUUAACUGCAA,8.092212378,82.36849786,7.75532694,4.072108904,0.410729008
21ur-2079,UAAAAAAAUGUCUAACUUCAA,31.82936869,829.4894701,516.2295852,37.36758759,0.958367686
21ur-1838,UUGUUCUUCGUUCGGUCCAAA,32.0991091,295.4762558,530.1141221,116.3545236,1.711370868
21ur-817,UGUGUUGUGGACCUGAGCUUA,3.506625364,38.14380102,6.504467756,0.119767909,0
21ur-5308,UCCAAAUUUGAAACUUAUAGG,1.348702063,37.59099231,57.41443654,4.191876813,0
21ur-945,UGUCAUACUAUGUUCCGGAAA,17.39825661,199.0111358,200.762899,20.95938407,0.273819339
21ur-2301,UGUGAAAACAAAAAAACCAAA,1.348702063,34.82694876,55.57984307,0.479071636,0
21ur-2862,UACAGCCCACUGCCAUCUAGU,4.315846602,83.47411528,354.7436646,0.838375363,0.273819339
21ur-3470,UAAGAGGAGAUAACGAACUGA,3.506625364,49.19997523,101.9450235,6.587234993,0.136909669
21ur-3247,UUUCACGCCAAGUAUACAUUU,0,0,4.002749388,0,0
21ur-3427,UUGUAGUCUGAAGUUUGCACA,1.07896165,3.593256618,7.942955818,1.916286543,0
21ur-930,UGUUGUGUACUCAUGGGAAUG,0.539480825,3.316852263,14.19725174,0.718607454,0.068454835
21ur-4659,UUGUUGAAACGGUAUGAAAUU,6.338899696,125.4875773,113.4946233,15.15064048,0.821458017
21ur-1442,UCAUGCACGGCUAAAAAUUUC,1.888182888,17.13707003,59.79106899,5.629091721,0
21ur-253,UAAAAUAUGUGUCGAUAAAGC,2.157923301,98.95275918,184.7519015,5.74885963,0
21ur-1553,UUCCAAGACUCAUUUAGAAAU,0.539480825,0.55280871,2.876976123,0,0
21ur-5148,UCUAGAGUCAAUUCCAAUGAA,21.84897342,75.73479334,202.1388441,9.820968534,0.273819339
21ur-941,UCAAUUGUAUUCAAUUACGUA,0,3.316852263,2.251546531,0.718607454,0
21ur-2776,UGAAUCGUUUUUUUUUUGUUC,6.743510315,125.1190381,50.90996878,21.79775943,0.273819339
21ur-2302,UGAAGCGAAUCUUUUUAAUGG,3.506625364,17.68987874,34.39862756,9.22212899,0
21ur-3227,UGCGCAGUGAAAUAGUAUGCG,0.134870206,22.38875278,2.689347245,0.598839545,0.068454835
21ur-723,UCAGAAACAUGUUUAGCAAAA,0,12.16179163,4.002749388,0.239535818,0
21ur-1638,UACACUUCGACAUCUUCGAGU,0.539480825,0,6.379381838,0.958143272,0
21ur-1100,UAUAAAUUGUGAAAAAUUGUG,0.809221238,4.491570773,45.03093062,1.257563044,0
21ur-3702,UCGGAUUAUAAAUGGAUUCCA,0,8.292130657,5.628866328,0.958143272,0
21ur-4321,UCAGCUAUUGAUUAAGAUAAU,15.64494393,717.5457062,109.2000068,2.994197724,0.273819339
21ur-2128,UAACUUUAUUCCAUUCCUCAA,0,1.658426131,5.753952246,0.119767909,0
21ur-4371,UAAGAUGAAGACAUCGUUUGA,6.608640109,27.08762681,33.89828388,12.7552823,0.068454835
21ur-3468,UAGGAUGGUACUAUUUCAUUC,7.013250728,901.0781981,32.52233878,16.88727516,0
21ur-1239,UCAAACAUAGUUCUCCCAUGA,0,0.276404355,0.125085918,0.119767909,0.068454835
21ur-454,UAACUGUUGUUUUGCUAGACA,0.809221238,4.975278394,4.753264899,1.19767909,0.136909669
21ur-1349,UAUUCAUAGUUUAAGAGCAAU,8.227082585,118.0246597,73.92577777,8.383753627,0.273819339
21ur-3865,UAUAGCUGUUGUUUUCUUCGU,5.664548665,12.71460034,54.53746042,10.6593439,0.547638678
21ur-4320,UAGAUCCUCAAAUUAUGCAAA,0,0,0.125085918,0,0
21ur-1371,UGGAAAUGCUGCCUAUUGAAA,2.967144539,126.5931947,18.01237225,8.144217809,0
21ur-4595,UCGGGGUUUUUUGUAUCUAUU,0,1.658426131,0.500343674,0.239535818,0
21ur-2553,UAGUCAUUGUAGAAUCCGCCA,0.269740413,10.5033655,34.71134235,0.838375363,0.136909669
21ur-538,UAGGAAUGAGUUCAGUAAAGG,15.10546311,54.17525363,172.9938251,26.58847579,1.095277356
21ur-4146,UUCUCUCGAAAGUUGGUUUUU,3.236884951,30.40447908,49.03368001,12.0965588,0.136909669
21ur-3085,UACGUAGACGCCUUUAAAAGC,17.53312682,185.7437267,1741.070898,57.96766793,0.958367686
21ur-4332,UGUCAUUGUGGGAUAUUUUUG,0.539480825,16.0314526,12.00824817,0.359303727,0
21ur-4514,UAUGAUUGCGUAAUUGUUUGA,4.315846602,53.06963621,94.43986838,29.4629056,0.273819339
21ur-5069,UGAUUCCAUUGUAUUGGCAUA,1.618442476,34.82694876,36.65017409,5.389555903,0.136909669
21ur-2799,UUGGACGAAAUUGCAAUAUGU,20.77001177,686.0356097,637.0625824,26.22917206,1.642916034
21ur-3471,UUGAACUGACGGGCUUUUGUU,8.631693204,367.6177925,245.293486,10.53957599,0.136909669