21ur-5934,UACUUGGACAGAUGAAGUUUU,1.888182888,20.45392229,23.26598082,11.9767909,0.410729008
21ur-11266,UAAAUUUUGCACUUUUAGUUU,0,1.658426131,2.376632449,0.359303727,0.136909669
21ur-6659,UCACAUUUUCAAUCAAUCCAA,0.269740413,3.869660973,9.631615716,0.359303727,0
21ur-11700,UAUGUUCAUAAAAAUCAUCAU,0,4.422469684,3.752577552,0.958143272,0
21ur-5598,UUUGAUAUUAUUUUUCACACA,8.631693204,131.3842035,87.0597992,5.509323812,0.136909669
21ur-12766,UUUCAAUUGUUUAAUUCAGGC,0,0,1.063230306,0,0
21ur-12733,UUUCUUUUAGAUUUUGUGGCA,0.809221238,5.80449146,4.002749388,1.856402589,0.136909669
21ur-10675,UGCCUGCUAUUAGAAUUCAUU,0,18.5190918,0.062542959,0,0
21ur-9693,UAUCGUAUGUUGGUUUUUCAU,0,2.211234842,3.12714796,0.958143272,0
21ur-5656,UUGAAGAUCACGAUGUUCAAA,0.539480825,5.80449146,2.189003572,0.598839545,0
21ur-12085,UUAUUUAAUAGGCAAUUCUUA,0.539480825,1.658426131,3.002062041,0.119767909,0
21ur-12941,UUCUGAUCACAUACUAAUUUC,0,0,4.002749388,0.119767909,0
21ur-13540,UAGUAUUCAAAAUAUCGAAAC,0.134870206,0.55280871,0.375257755,0,0
21ur-14500,UUAUCUUUCAACUACUAUAGU,0,0,0.250171837,0,0.068454835
21ur-11969,UUGUUAUACAGAAAAAAUUGU,0,3.316852263,0.875601429,0.479071636,0.273819339
21ur-12574,CACCAGUAAAUCGAAUAGCAG,0,0,0.250171837,0,0
21ur-10591,UUCGAAUGGGGCUCUAAAACU,0,4.422469684,2.376632449,0,0
21ur-9834,UGUUACUUGUAUGAUAGCUGU,0,6.080895815,1.188316225,0.479071636,0
21ur-14072,UUUAUUCUAUAAAAUUUAUGG,0.539480825,0,1.250859184,0,0
21ur-13113,UGUUUUUUUCCGAGGAACAUU,0,0.276404355,0,0,0
21ur-5805,UUUUUCACAGAUUAAACCAAA,43.15846602,372.5930709,275.0639345,32.33733542,0.273819339
21ur-11680,UAUUUAGCAAUCGUUCUACAA,0,1.658426131,1.125773266,0,0
21ur-5642,UUCGAAUAGCCCCUUUACAAA,7.013250728,369.2762186,197.2604933,7.665146173,0.273819339
21ur-10480,UAACAUAUCCAUAAUCCAUAU,0,0.55280871,2.376632449,0.119767909,0
21ur-11739,UACAUUUCCAAAAAUGUUUUC,0,2.211234842,0,0,0
21ur-9190,UACACUGGAGUUUUUAGAUUU,0,4.975278394,10.50721714,0.359303727,0.136909669
21ur-13088,UUAAUUCUUCAUCUGCAUUUU,0.539480825,2.211234842,3.12714796,1.077911181,0.136909669
21ur-6558,UUUGUUGAAUAAUUGUGUUUU,10.51987609,223.334719,74.67629328,18.20472216,0.410729008
21ur-6426,UUGUCGUGGGGCUCACCAAUU,0.269740413,23.21796584,36.14983041,1.437214907,0
21ur-9203,UAAAUACCUUCCAAAAUCUAA,2.427663714,95.08309821,90.06186124,7.066306628,0.136909669
21ur-14303,UUCUUGCGAGUUAUUUUUCUA,0,3.593256618,0.125085918,0.059883954,0
21ur-5481,UCAUAACACUAAUUUAAGAUU,8.092212378,107.2448898,84.68316675,16.16866771,0.410729008
21ur-8719,UUGUUAUAUAAAACAUGGUAA,1.07896165,40.90784458,12.00824817,0.119767909,0
21ur-14718,UGUCAGGAAAUUUAGUGUAUG,0,0.276404355,0.187628878,0,0
21ur-9846,UGUACCUUUGAAUAUAUAUUU,6.743510315,51.96401879,3.12714796,0.119767909,0
21ur-7543,UUCAGGGAUAUUAUGCUUCCG,0.539480825,2.211234842,10.25704531,1.796518634,0
21ur-8987,UUAGUCAUUGUAGAAUCCGCC,0,0,2.564261327,0,0
21ur-8564,UCUGAAGACAUUUUGAUUGGA,0,0.829213066,0.562886633,0.179651863,0
21ur-11198,UAUCCGGGAAAAUACUGAAAA,0,0,0.75051551,0.119767909,0
21ur-7811,UCAUCAAGCUAAAAUCAGAAA,1.348702063,6.080895815,26.89347245,2.036054452,0
21ur-5856,UGAUCCUUUCGGUAUAGAUAA,7.282991141,91.76624594,80.30515961,5.509323812,0.273819339
21ur-5722,UUAAAGUCACAAGAGAACAAC,1.888182888,14.92583518,98.31753185,1.916286543,0.136909669
21ur-9974,AAGAAAAUAAUUCGUCCAAAA,0.269740413,2.487639197,2.376632449,0.419187681,0.136909669
21ur-9812,UUAUUAAUAAAAUCGAAUGUU,0,0,2.376632449,0,0
21ur-9175,UAUGUACACAUUUUAUUAUUA,0,11.05617421,5.378694491,0.479071636,0
21ur-12048,UUCGGAUAGGGAAACAGCAAA,0.134870206,1.566291346,1.188316225,0.059883954,0.136909669
21ur-10122,UCCGCCCUAAUAAUCAACAUU,0,1.105617421,9.756701634,0,0
21ur-6945,UUGAAAGUAGGAUUUUGUAUC,1.07896165,12.43819599,10.00687347,1.317446999,0.068454835
21ur-13410,UCAGUAAGAUUUGUCACUCGG,0,1.658426131,0.437800714,0.299419772,0
21ur-14012,UUUCGGCAAUGUUUCGAAAAG,0,0,0.125085918,0,0