21ur-13394,UCCAAAAAUAGUUAAAUCUAA,0,0,0.500343674,0.239535818,0
21ur-8533,UUCAACCAACAAUUGUUUUUU,0,1.105617421,2.126460613,0.239535818,0.136909669
21ur-6924,UGUGAGAAAUAAAGAAAUCGA,2.292793507,18.24268745,24.70446888,2.27559027,0
21ur-14293,UUGAAAAAAACAGUGUAAAGC,0,0,0.125085918,0,0
21ur-8148,UGGACAUAUUAACUUGAGAAA,1.618442476,2.211234842,5.128522654,0.958143272,0
21ur-7274,UUUGGUUGGUGUAUGAAGCAA,1.348702063,4.422469684,6.942268471,0.359303727,0
21ur-11806,AUUGUAUCGAAUGAAAUUUGU,1.07896165,4.422469684,1.125773266,0.119767909,0.068454835
21ur-13488,UAUUAUAGUGCUGUUUCAACC,0,8.568535013,6.066667042,0.239535818,0
21ur-12539,UAAAUGUUAGAAAUCCAUUAA,0.809221238,9.950556789,5.628866328,2.27559027,0
21ur-5968,UCGAUUCGAACGAUUGAAAAA,1.07896165,4.606739254,6.441924797,1.796518634,0.136909669
21ur-7440,UAAACCCGUAGCAAUCUUAAU,0.539480825,12.71460034,152.2295627,0,0
21ur-11292,UUUUUUGAUGUCUAAAAUUAG,0.269740413,13.54381341,2.439175409,0.479071636,0
21ur-12163,UGUUUCAAUGUUGGAACUAUG,0,0,0,0,0
21ur-12396,UAUUGGCUCAGGAAAUUAGUU,0,0.36853914,0,0,0.136909669
21ur-9385,UUUGAAAAUUGAAAUGAGAAU,0.674351032,14.37302647,6.817182552,1.856402589,0.068454835
21ur-11181,UAUUGGGUGAAGUUUGGUCUU,1.753312682,20.49998968,12.36265827,0.53895559,0
21ur-15481,UAAGAUACUUACAAUGAAUAA,1.07896165,8.292130657,13.88453694,0,0
21ur-9602,UUCCUAUCCUGAUUAUUGGUC,2.832274332,11.05617421,46.2817898,1.796518634,0.068454835
21ur-11545,UGUGAAAAUUGUAUUUUCCUG,0,0,0,0,0
21ur-10265,UUGAGUGUUGAUUUUGUCCAG,0.134870206,2.487639197,2.689347245,1.19767909,0.136909669
21ur-7741,UUGUAGUUUUAAAAAAUAGAA,1.888182888,46.43593168,19.0130596,0.359303727,0
21ur-9427,UUCAAUGAAUUUAAUAGAUUU,0,6.633704526,0.875601429,0,0
21ur-5639,UCAUCUCGAAAAAGAUUGAGA,1.348702063,9.950556789,4.503093062,0.958143272,0
21ur-9142,UGGAUUUGAAAAAUUGAAACG,0.269740413,0.276404355,0,0.119767909,0
21ur-13715,AUUUCACGACUUGAAGGACUC,0,2.487639197,1.490607194,0.838375363,0.034227417
21ur-10365,UCUUUCUUUUUCCUAAUAUGA,0.269740413,5.528087105,11.38281857,1.916286543,0.136909669
21ur-15114,UCACGACUUGAAGGACUCGAC,0.539480825,0.276404355,0.531615153,1.556982816,0.216773643
21ur-13102,UUAAUAGUGUAGAAAAGUGGU,0,2.579773982,0.375257755,0.179651863,0
21ur-13159,UGUAGUUUCGGUAGGUUUAGA,0,0,0.125085918,0,0
21ur-9590,UUGAAACAGUGACUUGCUUUU,0,4.975278394,4.190378266,1.616866771,0.273819339
21ur-5801,UUUUCAAGGUACGUAACUUAA,20.77001177,56.38648847,27.01855837,12.69539835,0.273819339
21ur-10475,UAAUAAACAACAACAAAAAUU,2.157923301,54.72806234,119.3319661,3.593037269,0
21ur-8459,UCUGUUCCAUCAAUAAAUACA,0.269740413,2.211234842,3.377319797,0.598839545,0
21ur-6184,UCUUCUGGCAAAAUCAGCAAA,1.618442476,3.316852263,6.004124083,1.19767909,0
21ur-8093,UAUCUUUUUAAGUCGUACAUA,0.539480825,0.55280871,3.502405715,0.838375363,0
21ur-11934,UUUAUUUGCCGAACAAAUUUU,0,4.975278394,2.876976123,0.119767909,0
21ur-11863,UUUUCCUAGUAUCAGGCUAAU,0.809221238,11.60898292,14.88522429,3.353501451,0.136909669
21ur-15208,UAUUAUUCAUAAUGAUAAAAA,0,0,0.625429592,0.119767909,0
21ur-11281,CGUCAGAACAAUUCUAAAAAG,0,0,0.500343674,0,0
21ur-8820,UUUAGAGACACAUUUCUAGAA,0.269740413,6.080895815,4.315464184,0.239535818,0
21ur-14087,UUUAUAAAAUUCAGAUUUUGC,0.404610619,15.01796997,10.44467419,0.778491408,0.136909669
21ur-12355,UCAGUUUCGGAGAUUCAAACA,0,0,1.125773266,0.359303727,0
21ur-13799,UUUUUAUUGUCGAAAUUUAAU,0,0.55280871,0.187628878,0.119767909,0
21ur-10374,UCGUUUCAGCGAUCGAAAGAC,0,0.18426957,0.125085918,0.119767909,0
21ur-14125,UUUAAAAAAAUUAACCGACAC,0,0,0.875601429,0,0
21ur-12673,UUUUAGACGAGCAAGAGCGAC,0,0,0.625429592,0,0
21ur-14800,UGCUUAAGAUGCCGUUUUUUU,0,7.462917592,0.81305847,0.239535818,0
21ur-8572,UCAGUUGUCCGAGUAGAUGUU,0.539480825,0,1.250859184,0.359303727,0
21ur-6649,UUACGCACACGGUGAAGAUUU,2.157923301,4.975278394,11.00756082,0.479071636,0
21ur-11061,UGUUAAAACGUCAAAAUCAUU,0,5.25168275,12.63367776,0.598839545,0