21ur-13518,UAUCCACUGUUUCGCUUUCUU,0.269740413,0,0.875601429,0.838375363,0.136909669
21ur-5713,UCAUCAUUGAAUUGUCUUUCU,4.315846602,40.90784458,78.36632787,12.03667485,0.205364504
21ur-12187,UGUUAAUGUAAUUCCUGUGAA,0,0.55280871,0,0,0
21ur-10483,UAAAUUGAAAAUUGAAUAAUU,0,8.134185312,2.876976123,0.279458454,0
21ur-6108,UGUUGUUGUUUAGAAUCUACU,0.539480825,4.422469684,7.00481143,1.796518634,0
21ur-6907,UACUUGACCAAACCAAUUAAA,0.809221238,18.79549616,18.51271592,0.958143272,0
21ur-8620,UUGUCAGUUUGUUUCCAGGAA,0.269740413,0.55280871,1.375945102,0.119767909,0
21ur-12700,UUUGGCCGAAUAUUUUAUAUU,0,14.78763301,2.939519082,0,0
21ur-10418,UAUUGCAUAACGGCUUGCAUU,0,0.55280871,0.250171837,0,0
21ur-8508,UUUGAUCUUCUGUUCUCUCUU,0,0,1.438488061,0.598839545,0.205364504
21ur-5667,UACAGUUCUGUGAAAGUAGAC,2.157923301,3.316852263,15.76082572,0.838375363,0
21ur-9553,UUUGGUUGAGAUCUCACGCGG,0,0.276404355,0.687972551,0,0
21ur-5995,UGUUCAGAUAUUAACUGAUAA,0,6.633704526,2.251546531,0.239535818,0
21ur-13730,AGACUGUUGAACAUAUCAAAA,0.269740413,0,0,0,0
21ur-10507,UUUUGUAUUUGUGCUCUUAAA,4.990197633,261.7549244,37.83849031,10.06050435,0.136909669
21ur-14403,UUCAGUGAGGAAAUAUAAAAC,0,0,0.375257755,0,0
21ur-13446,UAUUUUUUUAUUAGAAAAGAG,0.404610619,16.0314526,0.625429592,0.359303727,0
21ur-13289,UGAAAGAAUUCAUGACUGACA,0,0,0.187628878,0,0
21ur-12715,UUUGCACAGUUUUUUUAGUAU,0,2.764043552,0.375257755,0,0
21ur-6257,UCCCAGCUCGAUUUUCAAAAA,8.092212378,32.06290521,118.2061929,3.952340996,0.136909669
21ur-6549,UGAUCUCUCUUUUUAAAUUUU,0.404610619,23.21796584,3.002062041,0.718607454,0.136909669
21ur-6357,UUCUGAUCCUUUUUUAUUGUU,6.743510315,44.22469684,44.03024327,16.28843562,0.684548347
21ur-11861,UUUUCGAUCUUUUUUUCAGCA,0,1.658426131,2.501718368,0.359303727,0.136909669
21ur-6789,UUCAUCUCGUUCCAAAAUUCA,2.427663714,26.5348181,43.27972776,6.82677081,0.410729008
21ur-12412,UAUUAUGAGGAACAUUAUCAU,0,1.382021776,0.250171837,0,0
21ur-13690,GAGAAAUAGAGUGGUCGGAUG,0,0,0.125085918,0,0
21ur-5512,UCAAAGAAACAGUUACUCUAA,0.539480825,8.292130657,1.000687347,1.676750725,0
21ur-10880,UUUGCUUUAUUUUCCACAAUU,0.269740413,1.105617421,0.875601429,0,0
21ur-12401,UAUUGACUCGUAUUGGACUAA,0,4.422469684,0.854753776,0.598839545,0.068454835
21ur-14239,UUGAUGUGAGUAUAGAAAGUU,0.134870206,0,2.126460613,0.239535818,0
21ur-10015,UUUCGCCGAAAUAUUUGAAUC,0.404610619,30.95728779,50.84742583,4.790716358,0
21ur-15442,UAAUCAUUGCCCUUUUUUCCA,0,6.080895815,0.375257755,0.239535818,0
21ur-9002,UGUGCAAAAAUUGAAUACUCA,0.269740413,5.25168275,1.000687347,0,0
21ur-6500,UAGAUUCAGUUUUGAAUCGAC,0,1.105617421,0.375257755,0.838375363,0
21ur-12826,UUGUUACCCUGUUUGUUCAAC,0.134870206,0,1.167468572,0.419187681,0
21ur-12843,UUGGUUCAUCAAAAAAUGUAA,0,0.55280871,0.250171837,0,0
21ur-11213,UAGUGAAUCACUCAGUUUUUU,1.618442476,32.6179076,8.505842451,1.437214907,0.136909669
21ur-12745,UUUCUAUUGGUAGAAACAUUU,0,0,0.500343674,0,0
21ur-8885,UCUAACAAAGGUUUGUUUAAA,0.539480825,26.5348181,12.50859184,1.916286543,0
21ur-15447,UAAUAUUUUUGAAUAUUAGAC,0,0,0,0,0
21ur-10912,UUUAAUGACCUUUUCCAAAAA,0,0.829213066,0.938144388,0,0
21ur-15038,UCCUGUGACAUUAUUUCAUUU,0,0,0.250171837,0,0
21ur-14674,UGUUGAUUGUGUUGUUCAUUG,0.269740413,2.487639197,2.751890205,0.119767909,0
21ur-13814,UUUUGUUACCCUGUUUGUUCA,0.674351032,1.658426131,5.545475715,0.718607454,0
21ur-11380,UUUAAUACAUGUAUGUUUCAG,0.809221238,12.71460034,13.38419327,2.155822361,0
21ur-12648,UUUUCUACGGUUUCUUUGGCC,0.269740413,0.276404355,3.12714796,1.317446999,0
21ur-13831,UUUUGCGAAUUUCAAGGAAAA,0,0,0.125085918,0,0
21ur-8736,UUAUUUGAGAAGAUUUCAUUC,0,0,0.125085918,0,0
21ur-7382,UCUUGAUUUCUUCGCGAAGAU,0,22.66515713,17.69965745,4.55118054,0
21ur-6140,UCUUAUAGAUUAGGCAAUAAC,0,36.48537489,40.40275164,5.030252176,0