21ur-14557,UUACUUCAACUAUAUGAACAG,0,0,0,0,0
21ur-11152,UCCUUCUAUUUCACUUGAGAU,0,0.55280871,0.375257755,0,0
21ur-10622,UUAUCUUUUUCCAUUAAUCAA,0,5.528087105,3.252233878,0.119767909,0
21ur-11559,UGGGUCAAUGUAACGACAUUU,0,0.55280871,0.375257755,0.119767909,0
21ur-13214,UGCCCUUUUAUUUUCCGCAAA,0,0,0.625429592,0,0
21ur-10462,UAAUUUUUUUGUAUUGGGAGU,0.809221238,67.99547139,102.695539,18.44425798,0.273819339
21ur-15062,UCCAGUUUUGGCUCUUGUUCC,0,0,0.125085918,0,0
21ur-11018,UUAGCUCUUGGUUUUUAGGAA,0,0.55280871,1.188316225,0.419187681,0
21ur-12668,UUUUAUUCAUAUGCUUAGCUC,0,1.105617421,0.75051551,0.119767909,0
21ur-12265,UGAUUCUGUAAAAUUUAUUUA,0,1.658426131,1.501031021,0.119767909,0
21ur-13748,UUUUUUUAAAUGGUGGAAAAA,0,1.105617421,0.500343674,0,0
21ur-14121,UUUAAACUAUGUAGAUGAAUG,0,0,0,0,0
21ur-11827,UUUUUCAGAACACUUUUGGAA,5.664548665,0,0.125085918,3.832573087,0
21ur-12277,UGAUAAGAGUUGGAAAAGCUG,0,0,0.125085918,0,0
21ur-14916,UGAACAAGCCGAUAACGAAGC,0.269740413,0,0.125085918,0.119767909,0.410729008
21ur-12404,UAUUCGAAGCCUAAAAGUGAA,0,0.55280871,0.250171837,0,0
21ur-12980,UUCCUCGUGUUCUUCCAACUU,0,0,0.250171837,0,0
21ur-14951,UCUUAGUCCGAAAUCUAUUUU,0,0,0.125085918,0.119767909,0
21ur-14905,UGAAGCAGUGAGAUUAUGUGC,0,0,0.125085918,0,0.068454835
21ur-15248,UAUGCUAUUGAAAAAGUAGGA,0,0,0,0,0
21ur-13356,UCGAAUAUUUGUGGAAAAAAU,0,0,0,0,0
21ur-14059,UUUCAAAUAAAGUAUAACGGC,0,0,0.250171837,0,0
21ur-13189,UGGAUUUUGUGAAACUUUUGC,0,0,0,0,0
21ur-11893,UUUGAUUGGACUCGAAUGAGG,0,0,0.625429592,0,0
21ur-11587,UGAUUGAUCGACUUUGAGUUC,0,0,0.125085918,0,0
21ur-13287,UGAAAUUCAAAGAUUUGACAA,0,0,0,0,0
21ur-15138,UCAAGACUAAAACCUUCAUGG,0,0,0,0,0
21ur-9719,UAACAUUCUAUGCCCUGUUGU,432.6636218,24.87639197,11.25773266,198.2158893,361.3046177
21ur-15566,GUUACUGAGUGUUCAGUUGAA,43.42820643,2.211234842,0.75051551,44.0745905,60.37716423
21ur-12864,UUGCUAUAAACAAUCAAAAAA,0.269740413,0,0,0,0
21ur-13232,UGAUUGUUUGUUGUCCAGCAA,0,0,0,0,0
21ur-11706,UAUAAUUCAGGAGUGGUACAA,0.269740413,0,0,0.479071636,0
21ur-12374,UCAACAAUAAAAAUUGAGGAG,0,0,0,0,0
21ur-13312,UCUUCAAUGUUGGAUGAGGAU,0,0,0,0,0
21ur-10974,UUCGACCGGAAAGAUCCUCUC,0,0,0,0,0
21ur-10213,UUUUCGUUGGUUUCCUUUACG,0,0.55280871,0,0,0
21ur-14712,UGUCGGGGAAUGAAUUGACGG,0,0,0,0,0
21ur-15001,UCGUUAUGAUGGAAAGUGGAA,0,1.105617421,0,0,0
21ur-15624,CGAUAACAUAAGCUAGAAGAG,0,0,0,0,0
21ur-13600,UAAUUUUUGAUCGGCAGGCGG,0,0,0.125085918,0,0
21ur-15539,UAAAAGUGUUGUUGAUCUGUA,0,0,0,0,0
21ur-4886,UGGAUACUCUUACAAUUAACG,0,29.85167037,0.75051551,1.19767909,0
21ur-4846,UGUCAAGGUAGAAAAUUCUUG,1.618442476,9.397748078,10.25704531,1.317446999,0.136909669
21ur-4885,UAAUCGUAACACUUUUCUAAU,0,2.211234842,3.12714796,0.239535818,0
21ur-3528,UAAACGAUAUUUUUAGAAGGU,0.539480825,9.950556789,31.89690919,0.479071636,0
21ur-3346,UCCGUUGCUCAAAUCAGGAUC,0.269740413,0,4.378007144,0.598839545,0
21ur-4974,UGGUCCGUUGAACAUUUGUCA,106.547463,1249.071281,163.0494946,58.30701034,0.638911791
21ur-1346,UAAUGCUUUUGUGCCAUGAAU,0,5.528087105,0.75051551,0.239535818,0
21ur-108,UAAGUUCGAAUUCGAGAAAGG,7.013250728,16.58426131,53.66185899,7.545378264,0.136909669
21ur-2167,UGUGCCCUUACCUGUGCAUCU,0,1.658426131,3.377319797,0.239535818,0.136909669