21ur-167,UGUGCUUUCAGGAUCAGUAUG,2.967144539,130.4628557,123.3347155,7.425610355,0.273819339
21ur-2259,UGAUUGUGUAUUUUUCGAUAA,5.12506784,135.9909428,36.14983041,11.37795135,0.547638678
21ur-1529,UGAUAACUCUUGAAGAGGUUU,0.809221238,33.16852263,39.90240797,0.479071636,0
21ur-2183,UGGGCAGCCCGUGCUUAAACC,0,1.105617421,0.250171837,0.119767909,0
21ur-2093,UGUGUUUCUUGUAAAACAAUC,0,0,0.250171837,0.239535818,0
21ur-1951,UUACAUUCAGAAUAUCCAUAA,5.12506784,61.36176687,60.47904154,6.82677081,0.068454835
21ur-2579,UUAGUUUGCGGAGGUAAUUUC,0,12.71460034,11.07010378,0.479071636,0
21ur-827,UAAUUAUCAUUUUUCUUCGUA,1.348702063,9.397748078,13.13402143,2.634893997,0
21ur-4471,UCACGAAAUUGUAUUAACUGG,0.674351032,4.975278394,10.19450235,4.611064495,0
21ur-3309,UCCUCUCCGUUUGUUAUGACU,6.20402949,78.77524125,364.0000225,49.10484267,0.410729008
21ur-2576,UCAUGUCGAGAAUUCAACUGU,0.809221238,0,6.25429592,3.952340996,0.136909669
21ur-3639,UAGGAGAAACAAGUGUGUUGU,2.697404126,12.71460034,29.14501898,4.55118054,0.273819339
21ur-2740,UAAUCUUAGGCUGUGAAAAGA,4.315846602,56.11008412,74.4886644,13.35412185,0
21ur-1123,UGAUGUUUUAAAAAUCAUCAA,1.07896165,103.9280376,0.250171837,0.359303727,0
21ur-4414,UUGAUUUGGAUUUUGACCUAU,0,6.080895815,5.628866328,0.359303727,0
21ur-2724,UAUCCUUCUGAAUGACCAAUG,1.07896165,4.422469684,7.00481143,1.077911181,0
21ur-5363,UUCGUUGGUUUAUUACUUUGA,29.40170498,331.6852263,388.5168625,72.33981701,0.273819339
21ur-1261,UUCCAUGUAGACUGUAUUUUU,0,2.764043552,1.938831735,0.359303727,0
21ur-2308,UCGCAGCUGAAAGAUGUUUUG,9.171174029,116.0898292,218.4000135,10.6593439,1.642916034
21ur-966,UGAUAGCUGGAAAAAGUAUUU,2.967144539,175.2403612,310.3381635,1.796518634,0.410729008
21ur-3013,UAAUAAGGGUGUCCCGUAAAA,15.91468434,402.4447412,202.7642737,10.41980808,0.684548347
21ur-2077,UUCCUCACUUCCAGCUUUUUA,11.32909733,169.7122741,410.1567264,21.4384557,1.232187025
21ur-3466,UAAUUGUGCUACUCUUUGGUC,0,2.211234842,1.56357398,0.239535818,0.068454835
21ur-5091,UAGUAUUGCCAAGUAUUUGUU,0,1.105617421,1.125773266,0.119767909,0
21ur-2070,UAAAUCUAUUGAAGAGGACUG,0.539480825,0,2.501718368,1.077911181,0
21ur-4205,UGCCGUCAAUAUUGCCAAUCU,0.269740413,2.764043552,60.16632675,1.077911181,0.136909669
21ur-1866,UGUGUCAAAUGUCCUAUCAAA,17.26338641,449.9862903,77.92852716,14.85122071,0
21ur-2237,UCGCAAAUCUGUCCAGCUUUA,2.967144539,7.462917592,178.0598048,4.251760768,0.136909669
21ur-1896,UACUCCUAAGAUUUUUGUGUU,25.49046899,272.5346943,467.1959052,111.2643874,1.095277356
21ur-2551,UCAACAUCCAGUUUUUGAACA,3.506625364,12.43819599,37.33814664,5.20990404,0.684548347
21ur-5415,UCGUAAAUUUUCACAUGUAAA,12.13831857,123.8291512,135.9683933,9.341896899,0.136909669
21ur-2753,UCACAAAACUCAUAGCCCUAA,4.315846602,96.18871563,55.28797593,3.47326936,0
21ur-2313,UCUUGAUGUGAUAUUCAAACA,0.809221238,55.83367976,14.50996653,0.958143272,0
21ur-2848,UCAGAGAGGUAAUUUAUUAGG,1.618442476,40.90784458,65.67010715,0.479071636,0
21ur-4223,UUAUUUUCGUAGCUUUACCGC,0,0,16.13608347,0.958143272,0
21ur-2535,UAACGAAGUAUUCCCAACAGA,13.75676104,35.37975747,123.7099733,27.54661906,0.958367686
21ur-4107,UGAGAUUUUGCUUACAAUUAG,3.236884951,559.0001681,52.91134348,4.575134122,0.136909669
21ur-4311,UAGUUCGUUUGUAUGUGUUGU,2.697404126,55.28087105,79.99244481,14.13261326,0
21ur-1725,UACUGCGCAAAAAUUGAAACA,10.25013568,111.1145508,173.3690829,26.10940415,0.136909669
21ur-4402,UGGUAUUCUGAAUGUUUUUGA,12.67779939,28.74605295,16.01099755,17.96518634,0.273819339
21ur-211,UCGGAUUUGCUCACACCGGAU,2.157923301,47.81795346,84.18282308,15.86924794,0
21ur-2817,UCAUAAAUCAAUCCAUGUACG,0.539480825,5.528087105,53.97457379,13.89307744,0
21ur-1941,UAUGAACUUCGUAAGAAAAUA,3.506625364,46.71233604,49.78419552,3.593037269,0
21ur-791,UAGUAGAUCUUGACAGAAGAA,0,0,0,0,0
21ur-4555,UUGUGCUACUCUUUGGUCAUA,4.315846602,106.9684855,85.49622522,19.58205311,0.342274174
21ur-4830,UCUCUUUCCUAUUUUGAAACC,0.269740413,8.844939368,3.87766347,0.119767909,0
21ur-3345,UACACAAUGAAUUUUCCGAUA,9.980395267,41.46065329,60.5415845,21.79775943,0.547638678
21ur-239,UUUAUGGAACAGUUUCCAAUU,0.539480825,0.829213066,2.939519082,0.239535818,0
21ur-4655,UGCUUCGAGCGGAUAGUUAAU,14.11641493,195.3257444,256.6763045,19.40240125,0.410729008
21ur-1373,UUGUUUGCUUAAAUCUGAUGA,20.63514157,155.8920564,196.0721771,107.3719304,0.410729008