21ur-6873,UAGACGAAUGCUAAUAGAAUU,0,17.68987874,3.87766347,0.718607454,0
21ur-10429,UAUUACAUCUGAAACAGGAUG,0,0.506741318,0.500343674,0.119767909,0
21ur-6264,UGAAUAAACUAUUUUUUCCCG,2.967144539,23.21796584,31.77182327,2.155822361,0
21ur-12308,UCUUAGGCUGUGAAAAGAAAA,0.269740413,1.658426131,0.687972551,0.119767909,0
21ur-13349,UCGCAUUGUCAAAAUGAUAAC,0,0,0.75051551,0.119767909,0
21ur-10243,UUUAUCGAUGCUUUAUAAUUC,0,0.55280871,5.003436736,0.479071636,0
21ur-10589,UUCUAUCGCGGUUAUACUAUU,0.269740413,3.040447908,6.19175296,1.137795135,0
21ur-6222,UGGAAUCAAUAUGAUGAGAUC,1.888182888,56.93929718,11.38281857,7.066306628,0.136909669
21ur-7698,UGCAAGGAUUUUGGUGAUAAU,1.483572269,53.62244492,32.08453807,4.431412631,0.136909669
21ur-7640,UUAGUUAAUGGCACGUUUGAU,0,10.77976985,4.878350817,0.718607454,0.136909669
21ur-12976,UUCCUUCCUUUUGAUCCCCAU,0.269740413,17.68987874,3.815120511,0.299419772,0.273819339
21ur-8599,UAAAAAUUGGACUAAUAAAAA,1.888182888,53.62244492,49.90928144,1.437214907,0
21ur-6224,UCUCUGUUCUGAAUUGUAGAA,1.348702063,6.080895815,20.01374694,2.27559027,0
21ur-7180,UUUCAACUUUAUUUUCAAUAC,2.157923301,35.93256618,30.64605001,0.958143272,0.410729008
21ur-10721,UCCUAGGAUCGUUGCACAAAG,0.539480825,0.55280871,1.501031021,1.317446999,0
21ur-12478,UACUGUUAGAAGGUUUUUCAA,0,2.764043552,0.250171837,0.119767909,0
21ur-6784,UUUCAUCGUACACAAUGCCAU,0.809221238,0,6.316838879,0.119767909,0
21ur-7503,UGUCAUUAACCCAAAAUUAAC,1.348702063,12.16179163,17.63711449,0,0
21ur-10771,UAGUGAAGUUUGAAUCGGCCU,0,3.132582693,1.876288776,0,0
21ur-12225,UGGGUGUUGGUCAUUGUUUUC,0,7.186513236,0,0.119767909,0.136909669
21ur-15598,CUGUCAGUGGCUUUGAUUCCG,0.674351032,6.449434956,4.878350817,0.179651863,0
21ur-9931,UAGUGAAUUCGUGCUUUGGAU,0,0,0.250171837,0.119767909,0
21ur-5490,UCAGCAAUUCCAAAAAAUUCA,4.180976396,21.28313535,25.01718368,1.19767909,0.342274174
21ur-15616,CGGAUUUGCUCACACCGGAUU,0,0.276404355,0.375257755,0.299419772,0
21ur-7469,UCGUAGUAUAGUAGAAAACCC,0.269740413,0,11.00756082,1.796518634,0
21ur-7986,UUUUUCGUACAUUUUCACUGC,1.618442476,77.39321947,112.7649554,8.204101763,0.136909669
21ur-10984,UUCAUAAAUCAAUCCAUGUAC,0,2.211234842,1.063230306,0.479071636,0
21ur-12900,UUGACUUCAUAGUGAUUUUUU,0,0,0.250171837,0.119767909,0
21ur-5958,UUUCAGAAAUAGUUGUAUGUU,4.046106189,9.397748078,12.75876368,1.077911181,0
21ur-9783,UUGCACUGUAUUAAUUUGUUA,0.944091444,18.5190918,8.818557247,0,0
21ur-6690,UUGUCAAUUCAAAAAUUUCUU,2.157923301,13.26740905,24.01649633,3.47326936,0.410729008
21ur-11076,UGUAUAUAAAGGAAUUCUGCC,0,0,1.000687347,0.119767909,0
21ur-11506,UUAAUCGUUCGUAGAAUGUAU,0.269740413,3.316852263,8.505842451,1.437214907,0
21ur-13969,UUUGAGUGAAUGUGUUAAAAU,1.07896165,28.46964859,0.125085918,0.239535818,0.068454835
21ur-6455,UGCGUGAGCAAUUUUUUUAAG,0.539480825,5.528087105,10.8824749,0.359303727,0
21ur-7960,UGCAUUGUCUUGCUGAAAUAU,0.134870206,4.146065329,5.691409287,1.976170498,0
21ur-11878,UUUUAACCUUUUUUGUCGUUU,0,0,1.501031021,0.119767909,0
21ur-13151,UGUCUAUUGAAAUGUCUUCUA,0,0,2.126460613,0.119767909,0
21ur-5875,UUCACAUUGUCAGAGAAAACU,2.967144539,72.97074979,125.1484613,7.605262219,0
21ur-15029,UCGACCUGCAAUGACAAAUCC,0,1.105617421,0.625429592,0,0.068454835
21ur-11116,UGACUUCAUAGUGAUUUUUUU,0,0,0.375257755,0.119767909,0
21ur-6563,UUAUCAUAGUUUUUUCAUAGU,9.440914442,200.1167532,91.31272042,10.53957599,0
21ur-9453,UGCUUAAAAAGAUUUUUCUAA,0,0,1.501031021,0,0
21ur-7563,UCGUUUUUGGAAAAAAAAACU,0,2.764043552,1.375945102,0,0
21ur-8931,UUUUGUGUAAAUUUGAGAAAA,3.506625364,46.43593168,25.55922266,6.108163357,0
21ur-8542,UGUGUAGCAUGUUAGCUGGCU,0.539480825,1.105617421,2.376632449,0.718607454,0
21ur-9970,CUCAACUAACCUGAAUUUAGU,0.134870206,0.55280871,0.250171837,0,0.273819339
21ur-11245,UAAUUCUGUCGCGCUUUUGAC,0,0,0.062542959,0.119767909,0
21ur-12919,UUGAAAUGUGGAUUUUUUUAC,0.674351032,26.5348181,2.814433164,0.658723499,0.410729008
21ur-14038,UUUCACUUUAAAAACUUUUUA,3.506625364,39.24941845,23.76632449,1.317446999,0.136909669