21ur-3676,UACAGCAAAUUUUCUGAAGAG,2.427663714,34.82694876,8.881100206,0.718607454,0.136909669
21ur-2922,UUGUAUAGCCAAUAAAACGCA,0.404610619,0.55280871,7.254983267,0.718607454,0.205364504
21ur-2370,UCUGUUGAUUUAUGUUAUUGA,3.236884951,103.9280376,39.27697837,18.56402589,0.273819339
21ur-4746,UGAGUAUGUACUCCAUUUUCA,0,2.764043552,0.625429592,0.119767909,0
21ur-4347,UGAUAUUUCAUCUAAUCGUAG,0.944091444,2.764043552,42.34158338,6.707002901,0.410729008
21ur-1142,UGACUCAACUAACCUGAAUUU,2.292793507,18.5190918,60.41649858,2.395358179,0.068454835
21ur-4979,UCCGUUUACUUUUAGAUUUCA,0.134870206,0.829213066,1.000687347,0.299419772,0.136909669
21ur-2306,UACUACUAUAUAAUUACCACA,4.315846602,207.8560751,71.67423124,2.155822361,0
21ur-1061,UGUCAGUGGCUUUGAUUCCGU,30.07605601,34.64267919,107.1986321,5.329671949,0.136909669
21ur-3910,UAGAUACUUGCAUUUUCCCUC,4.585587014,20.45392229,171.9931378,6.227931266,0.410729008
21ur-1695,UAAAAUUCCUAAACUUUAAAC,8.631693204,201.7751793,56.41374919,5.269787994,0.136909669
21ur-4894,UGUCCUUUCUAAAUAGCAUUU,6.20402949,69.10108881,65.79519307,12.33609462,0.684548347
21ur-3459,UUCAUACAAUGGGUCUUUUGG,12.67779939,290.6391795,196.5099778,37.66700737,0.410729008
21ur-2548,UGAUCGUGGUGUUUUCUGAAA,7.68760176,224.9931452,105.9477729,22.27683107,0.205364504
21ur-5130,UGGGAACUUUGGUCUUCAAAA,1.888182888,51.96401879,29.64536266,4.191876813,0.136909669
21ur-3487,UACGUUUUCAAUGCUGAGCCC,6.743510315,92.87186336,205.328535,15.03087257,0
21ur-4533,UCUAUCGCGGUUAUACUAUUU,0.539480825,27.36403117,79.99244481,13.95296139,0.273819339
21ur-4211,UAACAAAGUCAUGUUUUUGUA,0.269740413,0.55280871,2.001374694,0,0
21ur-4862,UGAUUUGCACAAUGUUUGCAU,0.269740413,8.844939368,3.627491633,0.359303727,0
21ur-9733,UUUUUUGUGGCUUAUCUAAAU,1.348702063,72.69434543,31.83436623,4.491296586,0
21ur-10879,UUUGCUUUCAUUUUUCUGAAA,0,2.211234842,0.75051551,0,0
21ur-11415,UUGAAUCAGACGACUGUAUUC,0.134870206,0,0.875601429,0,0
21ur-7663,UCAUUGUGAAUAUCACAAAUG,0,0,0.125085918,0,0
21ur-9354,UAAUAACGAAAAAUUAUUCUC,0,4.975278394,1.250859184,0.119767909,0
21ur-7930,UAGACUCAGAAAAAACAUUGA,0.539480825,0.55280871,4.878350817,0.718607454,0.136909669
21ur-12577,CAAACUGUAUUAAAAAUAACC,0,0,0.125085918,0,0
21ur-13726,AGGAAAUUAAGAGAAAAAAUU,0,0.55280871,0,0,0.136909669
21ur-12136,UUAAUCCGUUUACUUUUAGAU,0.269740413,13.82021776,27.33127317,2.754661906,0.205364504
21ur-13038,UUAUCUAUACAGGAUUAGCUU,0.134870206,3.040447908,5.003436736,0.419187681,0
21ur-10445,UAUAAAAAUAAUAUAAAUUUC,0.269740413,3.316852263,1.501031021,0.239535818,0
21ur-8793,UAAUCAGACUAAAAGCAAAAU,0.269740413,7.186513236,32.27216694,1.317446999,0.136909669
21ur-10836,AGGGCAUUUGAACUUAACACU,0,0.276404355,0,0,0
21ur-10840,UUUUUUUCUUGGAGGUUUUUC,2.427663714,37.0381836,13.13402143,0.718607454,0.273819339
21ur-11737,UACCUUUCUUCAAGUUUCGUG,5.664548665,1.105617421,0.500343674,8.982593172,7.940760829
21ur-14530,UUAGUGAAUUCGUGCUUUGGA,0,0.55280871,0,0,0
21ur-14925,UGAAAAUUGAAUAUUUCGAGC,0,0,0.75051551,0,0
21ur-6205,UGAAAUUUUAAUUUCCACAUU,0.809221238,52.79323185,18.26254408,0.598839545,0.136909669
21ur-6866,UGUCUCUGUCUUAUUCCUAAA,0.269740413,0,5.753952246,1.437214907,0
21ur-7717,UAUGCAAAAGUAUCGAUAAUU,0,0,1.876288776,0.239535818,0
21ur-5818,UUCCUAGGAUCGUUGCACAAA,0,6.080895815,4.753264899,7.305842446,0
21ur-8001,UUCGUUUUCAUUUUGAACGAA,0.539480825,46.15952733,4.878350817,1.437214907,0
21ur-9080,UUUCUUUUUCAUUGACACACU,2.427663714,9.950556789,13.25910735,3.712805178,0
21ur-9672,UCAAUCACAAAUUUGUUAAAA,0,6.633704526,6.25429592,0.598839545,0
21ur-13713,CAAAUAAACAGUCGAAAACUA,0.269740413,0,0,0,0
21ur-10433,UAUGUUAAGAAGUUUUAUAUU,0,1.658426131,0.75051551,0.119767909,0
21ur-12711,UUUGCGGAGGUAAUUUCAAAA,0,0,0,0,0
21ur-6124,UUGAAAAAGUUCCAAAUUGGA,2.157923301,21.55953971,27.51890205,5.269787994,0.136909669
21ur-12413,UAUUAUAAUGUCGAAACAGAC,0,0,0.500343674,0,0
21ur-12513,UAAUCUUAUGUGAAUAGCGAA,0,1.658426131,1.125773266,0,0
21ur-9312,UCUCCCUUUCCUCAAACCUUC,1.07896165,9.950556789,26.39312878,0.958143272,0