21ur-168,UGAAGCGUUGAUUAAAAUUAU,2.427663714,88.44939368,81.18076104,4.55118054,0
21ur-1151,UAUCCCAUGUGAAUCGUGUUA,0,0,0,0.119767909,0
21ur-661,UUAAUGUGCUUUACUUUAGUU,3.776365777,49.75278394,19.76357511,1.556982816,0
21ur-509,UUCGUCAGAACAAUUAUUAUU,4.315846602,69.10108881,2104.945835,12.81516626,0.410729008
21ur-4078,UCUUUGAACUACUUGCACCAA,7.282991141,309.5728779,46.53196164,7.126190583,0
21ur-2051,UGGUAUAGAUGUUUUUUUACC,0.269740413,265.348181,5.253608572,1.796518634,0
21ur-448,UGUGCUUUACUUUAGUUGGGC,0,0,0.125085918,0,0
21ur-70,UGAUCCCACUUUUUUCACCUU,0,3.869660973,49.15876593,0.119767909,0
21ur-3265,UGUUCCAGAGUUCCAACCUCA,0.809221238,0,3.377319797,0.119767909,0
21ur-789,UAAAGUACUAUUGCCGUUGUA,0,2.764043552,7.880412859,0.838375363,0
21ur-3421,UCAUCCUGAUUUUGAACUACA,15.91468434,109.732529,52.16082797,12.87505021,0
21ur-2500,UCUAUUUAACAAGUAUCCCAU,1.348702063,7.186513236,13.88453694,1.077911181,0.136909669
21ur-3315,UCGUCUAUUUUGUUUGUGAAA,4.315846602,42.013462,116.5800759,17.12681098,0
21ur-5359,UUUGAUGAUGAUACACCUAAA,0.539480825,68.5482801,1.125773266,0.119767909,0
21ur-5024,UCCCAAGCCAAUCCACUGAGA,0,1.105617421,9.256357961,0.239535818,0
21ur-2988,UUUUAAGAUCACACCUCCAAA,0,0.55280871,4.378007144,0,0
21ur-1753,UAGUCCCUUGCCUGUAUUCUU,0.269740413,27.36403117,17.0116849,0.239535818,0
21ur-3267,UAUCGCGCCUUGGAAUGGAUA,0.269740413,2.764043552,7.630241022,0.598839545,0
21ur-5222,UCAAUUGAAAGUCUUCAGUCA,1.888182888,10.5033655,21.13952021,12.15644276,0.136909669
21ur-3610,UGAAGCUUCAUUAUGCAGAUG,0,1.105617421,0.375257755,0.359303727,0
21ur-4252,UAGAUAGUCGAAAACUCAAUG,0.269740413,3.316852263,91.18763451,8.503521536,0.684548347
21ur-14338,UUCGUUUUAGCUACCACCGGA,0,0,0,0,0
21ur-11789,GGCUGAUUUUGUAGUAACUGU,0,0,0,0,0
21ur-12918,UUGAAAUUUUCACAUGCUGUU,0,1.382021776,0.81305847,0.119767909,0.068454835
21ur-6576,UUAAUUUAAAGCACGAGACUU,0.809221238,14.92583518,66.79588042,2.754661906,0
21ur-15293,UAUAAAACCACUGAAUAUAUU,0,1.105617421,1.501031021,0,0
21ur-7609,UACUCCUUGUGAUUUGGUUUU,0,1.658426131,5.879038164,0.359303727,0
21ur-6474,UCAAAUUUUGUUUUUCGCAAA,1.618442476,4.975278394,4.378007144,1.796518634,0
21ur-6156,UUUUGCAAGGAUAUAUACGGA,0,0,1.125773266,0.239535818,0.273819339
21ur-8569,UCCUUAACUUAUUGAAGUUCU,0.269740413,0,1.250859184,1.077911181,0
21ur-15444,UAAUCAAUUGAAAGUCUUCAG,0,0,0.250171837,0.059883954,0
21ur-13144,UGUGGUGCAUCGAAUGUAUCU,0,0,0,0,0
21ur-10352,UGAUUCCACUAUGGUUUUUUU,1.07896165,2.211234842,1.000687347,0.479071636,0.136909669
21ur-8282,UUAUGGCUGAUUUUGUAGUAA,0.269740413,3.869660973,1.000687347,0,0
21ur-6742,UUUAGCUACCACCGGAAAUUA,0.269740413,1.105617421,8.630928369,0,0
21ur-7692,UGUUUCAGUUGCAAAAUUGUA,0.539480825,3.869660973,5.378694491,0.718607454,0
21ur-13390,UCCAAGGCGCGAUAUUGAAUU,0,0,0.875601429,0,0
21ur-8362,UUAUCCCAUGUGAAUCGUGUU,0.269740413,0,1.751202857,0,0
21ur-13367,UCCUGAUUUUGAACUACAAAA,0,1.382021776,0,0.059883954,0
21ur-11338,UUUGGUUUCGAUGUUGAAGUA,0,1.520223954,0,0,0
21ur-6303,UCUCUCUAAUGGAAACAAAGC,0.539480825,2.764043552,39.65223613,3.952340996,0
21ur-12558,GAUAAACUGAUAGUUGGUAAA,0.539480825,0,0.687972551,0.658723499,0
21ur-7132,UAAUCCUUGCCUGUUUAUUCU,0,24.04717891,22.76563715,0.359303727,0
21ur-11143,UCGUUUUAGCUACCACCGGAA,0,0,0.625429592,0,0
21ur-11562,UGGCAAAUAAUACUGGUGAGC,0,0.55280871,0.625429592,0,0
21ur-8910,UAUCUACACAACCCCUUCUUU,0,2.211234842,4.503093062,0,0
21ur-11154,UCCCUUGCCUGUAUUCUUUAA,0,33.44492699,2.376632449,0,0
21ur-5815,UGAGAUCGCUCAACAUGAAGA,0.539480825,0.55280871,2.126460613,0.479071636,0
21ur-8585,UAUAUAAUUGAAAAUUCCAAA,3.776365777,109.4561247,34.52371348,4.55118054,0
21ur-13357,UCGAAGCAAUCGAACUCACAG,0,0,0.625429592,0,0.068454835