21ur-9198,UAAUCAGAAUAUGGGUUAUAU,0,4.422469684,1.125773266,0.119767909,0
21ur-11880,UUUUAAAGAAUCUUUUGCGGA,0.539480825,1.658426131,1.876288776,0.479071636,0.136909669
21ur-15357,UACUGUCAUUACGUCUCAUAC,0,0,0.125085918,0,0
21ur-9005,UGGGUCGUUUUAUCUUUCUUU,0.539480825,4.975278394,0,0.838375363,0
21ur-6723,UUUCGUUUUUUCUGUAGUUAG,1.348702063,0,15.6357398,7.305842446,0
21ur-7296,UGCAUUUUCUCUGUAAGUUGG,1.348702063,1.105617421,49.40893776,5.389555903,0
21ur-6088,UUCUGCCAAAGCCAAUUGGAA,1.348702063,2.764043552,11.38281857,0.479071636,0
21ur-11740,UACAUGGCAAAAUCAAUAUUG,0,1.658426131,0.500343674,0,0
21ur-11574,UGCUACCUUAAUUAACUCGGU,0,0,0.375257755,0.239535818,0
21ur-7775,UAAAAUUUGUCCAUACGAACC,0,8.292130657,25.01718368,0.479071636,0.136909669
21ur-6000,UGAGAAAUAAUAAUAGAACUU,0,16.58426131,5.879038164,0.479071636,0
21ur-7059,UUCAAGAGUACGAUCAGUUUU,7.68760176,20.45392229,128.2756093,4.491296586,0
21ur-9791,UUCUGCAACUCACAAAGUGUC,0,1.105617421,0.187628878,0.059883954,0
21ur-12170,UGUUGCAAUUCCGAAAUACUU,0.224783677,0.921347851,0.500343674,0.119767909,0
21ur-8724,UUGACUUUGUUAAAAUUUUGA,0.809221238,19.90111358,20.51409062,1.317446999,0.136909669
21ur-12212,UGUAGAAAGACAAUUCAAUGA,0,0,0.125085918,0,0
21ur-13966,UUUGAUCAAAAGUGAAAAAUA,0,2.211234842,1.438488061,0.359303727,0.045636556
21ur-5551,UUGGCCGAAUAUUUUAUAUUU,4.315846602,243.3740348,42.65429817,0.958143272,0.273819339
21ur-5514,UCAGUGAUCAAUUUAAACAAA,2.967144539,34.82694876,46.40687572,5.509323812,0
21ur-5886,UAGGGAUAUUGCUAGGAAGAC,1.07896165,18.79549616,44.40550103,1.437214907,0
21ur-9897,UCCAUUUUGUCCUGUAACUUG,0.539480825,0,1.250859184,0.239535818,0
21ur-9042,UAUUGCUCGAGAAUACAACGA,1.07896165,0.55280871,4.41970245,1.676750725,0
21ur-14091,UUUAGUGAUCGCACGCAAAUU,0,0,0.125085918,0,0
21ur-7655,UGCAGGAAUUUUUCCACUGCG,0,0,0,0,0
21ur-5680,UCCCGAAAAGAAAAAAUUCUA,3.236884951,18.24268745,29.2701049,2.155822361,0
21ur-7433,UCACUUACAAUUUGCGAAUAA,0,5.528087105,2.876976123,0.598839545,0
21ur-13000,UUCAGAAAAGGUGUUGUACAA,2.023053095,56.66289283,46.21924685,1.73663468,0.068454835
21ur-9687,UAUUACAUUAAUAUUGUUCGG,0,1.474156561,0.250171837,0,0
21ur-13097,UUAAUCUUGUUCUCUCCCAAA,0,0.55280871,0.562886633,0,0
21ur-13272,UGAAUUUAGUCUGUGGAAGGU,1.213831857,51.13480572,55.91340552,10.30004017,0.068454835
21ur-5697,UCACUUAUCUAUCUCGAGAUA,1.07896165,4.975278394,4.878350817,1.077911181,0
21ur-9969,GCAUAAAGAAAGUUGAAAAAG,0.269740413,3.316852263,0.75051551,0,0.136909669
21ur-11297,UUUUUGAUUUUGAGAAACCCU,0.269740413,1.105617421,1.000687347,0.239535818,0
21ur-13334,UCUAACGUUGUGGUCAGAAGA,0,2.764043552,0.500343674,0.119767909,0
21ur-8159,UCUCCAGAAACUUACUUAUUG,0,0,0.75051551,0.479071636,0.136909669
21ur-5465,UCAGCUGAUUUUUAAAAUUUG,0.269740413,43.67188813,5.253608572,0.479071636,0.273819339
21ur-7285,UUCAGUUCAGAAAUUGAAAAC,0,6.633704526,1.375945102,2.036054452,0
21ur-10199,UUUUUUUUCCGUGAACAUCUA,1.618442476,29.29886166,12.13333408,4.55118054,0
21ur-14658,UGUUUCUGGUAGUUGUUAUUA,0,0,0.125085918,0,0
21ur-8700,AGAUCAAGCGUAGAAUUCAAU,0,0,0.375257755,0.119767909,0
21ur-15320,UAGUAUUCCUCUGUCUCGACU,0,0,0.375257755,0.119767909,0
21ur-7350,UAGAAAAGGAUCAUGACGAAU,0,4.975278394,1.626116939,0,0
21ur-6828,UCCGCGGUCGUACGGCAGAUU,0,0,4.753264899,0.359303727,0
21ur-8735,UUCAGUUGAAAAUUCAGUUGA,0.539480825,21.55953971,1.751202857,0.479071636,0.068454835
21ur-5978,UAUGACGGUUUCAUUUGGAUU,2.157923301,30.12807472,34.52371348,9.461664807,0.068454835
21ur-11711,UAGUGCAUAUCCUUUUAAAAU,4.585587014,81.26288044,7.567698063,3.712805178,0.136909669
21ur-12066,UUCCAGCUUUUUUUGUUGUCA,0,0,0.062542959,0,0
21ur-7752,UUACACUGCUGUUGUAAAACU,0,1.105617421,5.128522654,0.479071636,0
21ur-12261,UGAUUUUCUUUACGUAGCUAA,0.269740413,4.975278394,0.75051551,0.059883954,0
21ur-10914,UUUAAUAAAAUUUGGAGCAGC,0.269740413,14.37302647,16.13608347,0.359303727,0