21ur-1057,UGCUUGCUGUGUUUUAAAGGA,1.618442476,23.77077455,6.754639593,2.994197724,0
21ur-3684,UAAACAAGGCAUGUGUAGGAA,8.901433616,60.80895815,52.28591389,10.89887971,0.136909669
21ur-36,UGCGUCAUCGUCGCGUCGUGA,0,0,0,0,0
21ur-5115,UGGGAAUUCUUUGAUUAUCAA,0.539480825,14.92583518,5.753952246,1.077911181,0
21ur-4354,UAAUCUCGCGUUAGCACCAAA,0,1.382021776,2.439175409,0.239535818,0
21ur-2432,UAUAGUAAUAUCAAAAACUCU,1.888182888,40.90784458,26.14295694,3.593037269,0.136909669
21ur-4024,UCCACUUAUCUCUUUGGUGUC,0,0,0,0,0
21ur-6794,UGGUAUUGUUUUCAUGAAAAA,2.157923301,81.81568915,6.754639593,1.916286543,0.273819339
21ur-14204,UUGGACUAUUGAGAGUUGUAU,0,1.105617421,2.063917653,0,0.068454835
21ur-10038,UUGUAAUAUGAAAAAUAAAAU,0,7.739321947,4.127835307,0.119767909,0.136909669
21ur-10631,UUACAUAAUAAAAUGUAUGAA,0,8.844939368,0.75051551,0.119767909,0
21ur-6008,UUUGUCAAGAUAGAAGAUAGU,0,4.422469684,5.128522654,0.119767909,0
21ur-8258,CUGAUAUAAUGGCGCCGACGA,0,1.105617421,0.375257755,0,0
21ur-5998,UUUUGCUACAUCCGCGUUAGU,0.809221238,0,8.380756532,1.556982816,0.273819339
21ur-14243,UUGAUCUUUCAGUUGACUGAA,0,0.276404355,0,0,0
21ur-10200,UUUUUUUGUUGAUUUAGCAAC,0,2.764043552,1.000687347,0.359303727,0
21ur-7394,UAUUCAAUUACUGACAACGAA,2.157923301,6.080895815,9.381443879,3.113965633,0
21ur-7045,UAUUUAAUUUUGCGAGUAGAA,1.348702063,45.88312297,38.02611919,2.27559027,0
21ur-9632,UGGAAUUAAUACAGUAUUGUU,0.539480825,1.105617421,1.125773266,0.119767909,0
21ur-8755,UGCCUACUCAACUCCUUUUGA,0,9.950556789,4.753264899,0.239535818,0
21ur-6352,UUUACAAAAAAAUUAGUGUUA,2.697404126,116.2740988,37.15051776,4.072108904,0.136909669
21ur-9460,UCUUAGAUUCCUUAAUUUGAU,0,17.13707003,8.505842451,0.598839545,0
21ur-7833,UUUAUGAGUUUUCCGAAUGUU,0,3.316852263,2.876976123,0.119767909,0.136909669
21ur-12387,UAUUUCUCACUGUUUCAGUAA,0.269740413,2.764043552,1.375945102,0.958143272,0
21ur-8690,UAUCUAUUUUCAAGAGCACAA,1.618442476,13.26740905,22.89072307,1.077911181,0
21ur-12833,UUGUAGAAUAGAAUAAACAAU,0,0,1.219587704,0,0
21ur-6895,UGAUGAUAGCAUUAAAAUUGG,0,1.658426131,8.756014287,0.838375363,0
21ur-13723,AGUAGAAGAAUUGGUAAGUAU,0,0,0.375257755,0.838375363,0.136909669
21ur-10206,UUUUGUGUGUCCAUUUUACAG,4.046106189,53.62244492,28.70721827,3.712805178,0
21ur-7884,UUUAUAAAAAAUAAUAAAAAA,0,16.58426131,3.627491633,0,0
21ur-9206,CGUUCAGUUUUUGUUGGAAAU,0.269740413,3.178650085,3.064605001,1.437214907,0.068454835
21ur-5769,UGGUUCUUCCAAAUGAAAAAA,5.934289078,245.9077414,7.817869899,6.108163357,0.045636556
21ur-9531,UAAAACUAUUCGUUAAAACUA,0.809221238,7.186513236,23.39106674,1.317446999,0
21ur-13311,UCUUCGAAGUCUUUGUUGUGA,0.944091444,3.316852263,2.689347245,1.077911181,0.136909669
21ur-9039,UAUUUAAAUCCAUGAACACCU,1.618442476,16.58426131,59.29072532,2.155822361,0
21ur-7301,UCGGAUCUUUGUCUACUCCUU,0,9.950556789,4.503093062,1.077911181,0
21ur-6539,UUUUACUAACCGCUCAAUAUC,0,3.316852263,77.30309757,0.119767909,0
21ur-7150,UGUUCAUAGUUUUUCAAACUU,1.07896165,17.68987874,8.005498777,0.718607454,0.136909669
21ur-6105,UUUGAUUCCAAUUUGAAAAAA,16.45416517,439.4829248,152.2295627,18.92332961,0
21ur-9900,UCAUUUGCUAAUCCAAAAAAA,0,1.105617421,1.375945102,0.359303727,0
21ur-6566,UCGUAGUUUGAUAAAAUUCAA,0.809221238,7.186513236,58.41512389,4.670948449,0.136909669
21ur-15356,UACUUCCUUUGUGAUCUCCUA,0.134870206,1.197752206,1.313402143,0.239535818,0
21ur-12154,UGUUUUUCGGGACUUUAAAAG,0,1.658426131,0.75051551,0.239535818,0
21ur-8199,UUGAGACUGAGAACUUACUUC,0,0.276404355,0.125085918,0.119767909,0
21ur-9862,UGAUUCUUUUGCUCUCUGCAC,0.539480825,0,0.875601429,0.239535818,0
21ur-8849,UUAGACUAGAAAAACAAAGAA,0.269740413,4.975278394,11.75807633,0.479071636,0
21ur-9627,UGUUGCUCAUGUCUCACUUUC,0,0,0.125085918,0,0
21ur-8842,UUCACCAGUUUUAUAAAAACU,0,0.55280871,0.250171837,0,0
21ur-11253,UAAUACAUCUUUUCUGUUUGG,0.134870206,3.869660973,51.41031246,2.874429815,0
21ur-15204,UAUUAUUUUUGUCGAACUUCU,0,0,3.419015103,0.718607454,0