21ur-2765,UCGUGCAUUGCAAAUUUUUCA,1.888182888,16.58426131,17.51202857,0.359303727,0
21ur-5237,UUGCGUGUAUAGUACGACUUA,0.269740413,2.211234842,2.001374694,0.359303727,0
21ur-4892,UCAAGCUUUUUUUAUAAUAAC,22.38845425,453.3031426,96.566329,8.144217809,0.547638678
21ur-819,UAGUUUCUUUUAGAUUUUGUG,0.269740413,6.910108881,8.005498777,7.605262219,0.136909669
21ur-87,UGGUCCCAUCGUUCUAUUUAU,5.394808252,595.9277899,122.2089423,7.665146173,0.136909669
21ur-4216,UAAGCGACAAACCUUUAGUGA,22.92793507,87.89658497,385.2646286,22.87567061,0.410729008
21ur-2032,UUAAUUCAUUGAUGUUGGUUU,13.08241001,197.629114,139.3457131,48.32635126,0.479183843
21ur-2898,UCAUUGUUCUUUAAAGGGCUG,0.674351032,0.829213066,1.876288776,3.772689132,0
21ur-5095,UUUCUGGACGUUUUCAGCAAU,0,1.105617421,0.500343674,0.239535818,0
21ur-2951,UCUAUAAUUCUUUUUUUGUUG,1.07896165,23.77077455,21.7649498,7.066306628,0
21ur-550,UAAGCACGAGCUAUAAAAAAA,1.618442476,7.739321947,49.53402368,0.718607454,0
21ur-4079,UGACAGAGGGACCACGCCAAA,2.967144539,190.7190051,95.69072757,0.958143272,0.136909669
21ur-2265,UAUUUCGGCAAUGUUUCGAAA,0.809221238,8.292130657,3.314776837,0.838375363,0
21ur-136,UCUCAGAUGGUAUUUGAAUCC,0.269740413,40.72357501,32.6474247,0.598839545,0
21ur-2747,UAGAUCGAAGCUCAAACUAUU,0,1.105617421,7.00481143,0.838375363,0
21ur-5436,UCAUCAAUGUUUUCGACGCAA,7.282991141,54.17525363,50.15945327,14.25238117,0.684548347
21ur-1425,UCUUCCAGUCAAAAGUGAAAA,19.1515693,106.1392724,232.8474371,11.19829949,0.136909669
21ur-4578,UCUAGCCAUGUCGAACAUGUU,0,0.55280871,4.565636021,3.353501451,0.273819339
21ur-3535,UUGGAGGUAUCCUAUCGUGUG,0.539480825,1.658426131,3.439862756,0.359303727,0
21ur-4169,UUCCAUUGAUAAUUGAUGAUU,0,4.560671862,3.377319797,1.077911181,0
21ur-1224,UGUUUGGUUUCUAUCAAUCUG,0,4.422469684,1.250859184,0.119767909,0
21ur-1435,UCGCAUUUUUUGUUCAGUUAA,7.013250728,81.26288044,41.40343899,13.53377371,0
21ur-1089,UCAAUAAACACUGAGAUAUUC,0,2.211234842,16.76151306,0,0
21ur-1697,UUCAGUAAGAUUUGUCACUCG,0.809221238,6.633704526,24.45429705,4.371528677,0.273819339
21ur-3847,UAGACUACUAUUUGACUCGAG,0.269740413,3.869660973,12.63367776,0.718607454,0
21ur-826,UUAGUAUUCUGUGCCUUGGCA,1.07896165,4.422469684,3.252233878,0.479071636,0
21ur-4230,UUGAUGCCUGCUAUUAGAAUU,6.608640109,1404.963338,45.15601654,5.988395448,0
21ur-1128,UGGGCGGACAUAACUUUUUUG,1.07896165,87.34377626,50.53471103,2.994197724,0.136909669
21ur-2008,UAGGUGUUGAAGAAAAUUAAC,0.404610619,24.32358326,2.626804286,0,0
21ur-4896,UAUGCUGAAACAGUUUAUGGU,0.269740413,0.55280871,0.625429592,0,0
21ur-4844,UCGCCGAUUCUUUCACUUUGG,0,6.633704526,25.39244143,1.556982816,0
21ur-5318,UAUUUCUCCUUUAAAGCAGAU,0,2.764043552,2.501718368,1.19767909,0
21ur-3890,UAUGUACGGGCUUCUGUUUGG,0.269740413,10.5033655,20.63917653,0.598839545,0
21ur-3339,UCCAGAUGAUGAACGGUAAUU,3.776365777,91.21343723,65.2948494,1.916286543,0
21ur-3870,UCGUUCUGUGACUCUCAUUUU,0.539480825,16.0314526,36.90034593,13.4140058,0.273819339
21ur-4075,UCAUUAUAUAUACAUUGGAUA,0,0.276404355,16.51134123,0.838375363,0.068454835
21ur-5330,UGUUUCUGUCUGCUUCUUUUC,2.697404126,35.93256618,24.64192592,8.144217809,0
21ur-4459,UGGUCUAGUGGUAUGUGCGGG,19.1515693,55.83367976,62.41787328,34.97222941,2.053645042
21ur-2317,UGUAUAUACGAAACCCGUUAU,1.07896165,17.13707003,32.02199511,0.598839545,0
21ur-2858,UAAGCCUUUCAAUGGUACAAA,7.822471966,228.3099974,201.6385004,15.09075653,0.410729008
21ur-981,UCACUCCAUACUACUAGAACA,0.539480825,61.91457558,46.2817898,0.359303727,0
21ur-2204,UUGAUUUCCUAGUUGAUUUCA,0.269740413,9.397748078,0.375257755,0.119767909,0
21ur-4246,UAUCCAAUGUAUAUAUAAUGA,2.56253392,24.04717891,54.03711674,3.772689132,0.136909669
21ur-943,UGCGAUGUCUUAAUCCAUUCG,5.12506784,110.0089334,12.13333408,4.191876813,0
21ur-2227,UUAUAUUUAAUGAACUCAUAA,5.12506784,81.26288044,13.25910735,1.556982816,0
21ur-2642,UAAUAAGCCACUUUGUGCAAU,1.618442476,34.82694876,47.72027787,7.365726401,0
21ur-2510,UAUCAAAAAUUUCUCACAUUU,2.967144539,9.950556789,7.380069185,5.868627539,0
21ur-2654,UAUUCAUAAUUUGUACAGAAA,14.70085249,407.0054131,262.5553427,13.65354162,0.342274174
21ur-2069,UGUGUUCGUAACUGAAUUGAG,19.55617991,38.97301409,30.33333521,14.49191698,0.547638678
21ur-3092,UGAAGAAGAUGGAAAGUGAAU,8.361952791,296.8582775,168.2405602,3.952340996,0