21ur-12467,UAGACUUGGCGUAAUCUCUUG,0,0.55280871,0.250171837,0,0
21ur-14497,UUAUGACUACACUUAAUGAUC,0,0,0.125085918,0,0
21ur-7305,UAUGACUACACUUAAUGAUCA,1.348702063,44.22469684,30.64605001,0.838375363,0
21ur-7478,UACACGAAAUUUUAUACAAUU,0,0,1.751202857,0.239535818,0
21ur-11530,UGUUUAUUCUGUCCUUAAGCG,0,0,0,0,0
21ur-13880,UUUUCACUGUUUCGACGUCUU,0,0,0.125085918,0,0
21ur-7839,UUAUUAUCAACUUUCUCCAGA,0,0,0.875601429,0.359303727,0
21ur-13215,UGCCAGACUUCAUGGUAUUUC,190.7064717,52.5168275,12.75876368,556.9207766,1311.046995
21ur-15702,AAAAAAAACUUACCACCGUUU,0.269740413,0,0,0,0
21ur-15501,UAACAAUUUCUAAGGAUACUC,0,0,0,0,0
21ur-14983,UCUACGAGUUAUGAAAGUUCU,0,0.276404355,0,0,0
21ur-8623,UUGGUCUACGAGUUAUGAAAG,0.269740413,29.57526601,6.629553675,0.479071636,0
21ur-1293,UUCCUCAAUUGCAAUGUCUUU,3.506625364,27.91683988,69.23505583,9.461664807,0.136909669
21ur-2533,UAAGAACCCGUUAACAAGAUC,0.539480825,0,14.69759541,0.119767909,0
21ur-2363,UCAAUCUUGCGUACUUUUUGA,8.092212378,138.2021776,129.7140974,31.49896006,0.342274174
21ur-4580,UUAAGAACCCGUUAACAAGAU,0.269740413,2.211234842,29.83299154,0.119767909,0
21ur-3513,UUAGUUCUUUGCAUAGUACCU,11.05935692,22.66515713,322.3464117,25.15126088,0.273819339
21ur-1325,UGCCAAGUUACUUUUUUGAAU,23.4674159,610.5772207,49.28385185,2.27559027,0.136909669
21ur-5312,UAUUGUAUUUUGAGAACUUUU,2.427663714,29.29886166,27.26873021,8.144217809,0.136909669
21ur-3074,UUCAACGGCUGUACAAAAAGA,4.315846602,81.17074566,85.99656889,25.69021647,0.205364504
21ur-927,UCCUAUGUAAAUCCCACAUAA,0.269740413,0.55280871,4.878350817,0.359303727,0
21ur-5013,UCGAACUUUUAUGUAUAAAUU,0.809221238,95.35950256,107.9491476,3.712805178,0
21ur-2345,UCUGCUUGAUUGUCUAUCCUA,0.809221238,2.764043552,24.39175409,5.868627539,0.136909669
21ur-1647,UAGAAGGAUUGUUCGCGUAAG,0.539480825,6.633704526,5.879038164,0.718607454,0
21ur-2819,UGUAAAGAUUAAAGAAUGGAA,10.7896165,155.3392476,146.1003527,8.623289445,0.273819339
21ur-4477,UCGAUAUGACGAUUAAAAAAG,12.67779939,138.7549863,195.5718334,14.67156885,0.547638678
21ur-5231,UAUGUCGUUUUGAAUCACAUA,7.822471966,134.8853254,49.6591096,29.4629056,0.273819339
21ur-1659,UAACGGCAUUUAGUUUGUGCA,0.809221238,6.357300171,2.126460613,0.958143272,0
21ur-2163,UUGGUUGUGUUUACAAAUGUG,0.269740413,1.105617421,12.69622072,1.317446999,0
21ur-391,UUGUUAGGAGUCCGCAAACGU,2.697404126,54.17525363,150.6034457,2.634893997,0.136909669
21ur-1420,UAGUAAAUUGUUAUUAGUGGC,26.02994982,457.1728036,717.0550272,54.01532694,0.684548347
21ur-333,UCCAGUUUUGAAAGUUUCUCU,1.348702063,21.55953971,50.90996878,18.6837938,0.273819339
21ur-102,UGUUCGACGUCUCUUGCUUUC,3.236884951,8.292130657,45.09347358,2.395358179,0.273819339
21ur-4694,UUAAAAGAAACUCAAACAGCG,0,1.658426131,12.38350592,0,0
21ur-1234,UGAUCUCAUCUCUCUCUUUUC,0.269740413,2.764043552,1.375945102,1.916286543,0
21ur-920,UAAUCAAGUAGUAUGAAAUUA,49.76710613,821.7501482,408.1553517,30.7803526,1.506006364
21ur-3174,UGGGAUGGCUCAUCACUCGAA,0,0,0.250171837,0,0
21ur-1602,UUGUCUUUACCUGUCAGCGCA,1.07896165,3.869660973,46.2817898,3.712805178,0.136909669
21ur-1703,UCUGAUUUUUUUCUCGUUUCU,5.394808252,52.24042314,111.889354,28.0256907,1.369096695
21ur-1317,UCCGUAGCAGAUAUUUAUCGU,3.236884951,61.91457558,21.89003572,13.35412185,0.616093513
21ur-3866,UAUGAUAAUUUGGUUACUCGA,3.776365777,75.18198463,131.7154721,15.80936398,0
21ur-699,UAGUCCACCACACUUCCUCGU,0,4.975278394,2.751890205,0.359303727,0
21ur-2149,UAAAAAAAGAGCAUCCGUAAC,11.32909733,384.2020538,632.9347471,17.96518634,0.684548347
21ur-3543,UCACUACUCAUUUUUUGUAUU,0,1.105617421,4.378007144,0.479071636,0
21ur-2084,UUCUACGCAUUUUUGAAUUGC,2.967144539,13.26740905,12.63367776,7.904681991,0.136909669
21ur-3410,UGCAAACGUUUCUUUCCCAUU,0.809221238,6.080895815,9.756701634,0.239535818,0
21ur-2043,UGAACACUUUGGUGGUACUGA,8.361952791,129.910047,197.6357511,50.06298594,0.547638678
21ur-4643,UUAUACACUUGUUUUCAAACA,6.743510315,143.7302647,55.16289001,1.916286543,0.136909669
21ur-2614,UGAACCUCUAAAUUCAGUACC,0.539480825,11.05617421,1.375945102,0,0
21ur-284,UGGUUGUGUUUACAAAUGUGC,0.269740413,6.633704526,1.438488061,0.479071636,0