21ur-15158,UAUUUUGAUCUGCAUUCAAUC,0,1.013482636,0,0,0
21ur-10774,UAGAUCAUGUAGAGAAAAUUU,0,0.55280871,1.000687347,0.359303727,0
21ur-8401,UACCAUGAUAAAACAAUGAAA,2.157923301,13.26740905,8.630928369,0.479071636,0
21ur-12169,UGUUGGAAAAAUCGUCUAAUU,0,0,0.375257755,0.089825932,0
21ur-14475,UUAUUCUUUUAGAAGCAGAAU,0,0.55280871,0.75051551,1.317446999,0
21ur-12416,UAUUACGUCUGAGGUUUUCAU,0,0.276404355,0.625429592,0,0
21ur-9722,UAAAUAUUGUUUCAUACGGUC,0.809221238,10.5033655,20.26391878,1.796518634,0.136909669
21ur-5701,UAUUUGAAGUAAAAUAAUACA,5.12506784,77.94602818,24.14158225,1.317446999,0
21ur-11835,UUUUUAAAUCCUUCUAGUUGG,0,3.869660973,4.065292348,0.658723499,0
21ur-13680,GUUCUGAAUUCUCUCUCCAAC,1.348702063,0,6.25429592,0.239535818,0
21ur-10373,UCUACAAAGCAGGGAAAAGAA,0.944091444,25.70560504,2.001374694,0.299419772,0.136909669
21ur-5932,UCACAGAACUUUCGUCCUCAU,0,0,3.002062041,0.479071636,0
21ur-15301,UAGUUCUUUAUUUCGAAACUG,0,2.764043552,0.125085918,0,0
21ur-14168,UUGUACUUGAUUCUGAAAAUA,0,0,0.375257755,0.119767909,0
21ur-9697,UAGUGAAACAAGUAUAGUUUA,0,0.092134785,0.125085918,0,0
21ur-9874,UCUUUUAGAAGCAGAAUUUUU,0.269740413,0.55280871,0,0.239535818,0
21ur-5790,UAAUUCAGUCAGGAGAAAAAC,1.888182888,4.422469684,66.6707945,0.898259317,0
21ur-5565,UAGACGUACUGAAGAAAAACU,0,0.55280871,3.627491633,0.119767909,0
21ur-6242,UUCGAUUGUUUCAUUCAACAU,0.539480825,10.5033655,6.004124083,1.077911181,0
21ur-9007,UGGCAAACUGUAAAAUGUUAA,0,0,1.000687347,0,0
21ur-13456,UAUUUCGGGAAUUUUCUAUUU,4.585587014,2.764043552,1.000687347,5.629091721,0.136909669
21ur-10476,UAAGUGUAUUGGAUUUGUUCG,0,12.16179163,6.25429592,1.676750725,0
21ur-15596,CUUAGUACUGUGCUUUGUGGU,0,0,0.125085918,0,0
21ur-15241,UAUGUAUCUAGCAGCCGUGGC,0,0,0,0.119767909,0
21ur-13129,UGUUGCGUCUCUUUGUUGGAG,0,1.105617421,0.375257755,0,0
21ur-12909,UUGAAUUAAAUUUGAAAAUGU,0.067435103,3.482694876,4.002749388,0.299419772,0
21ur-14413,UUCACUGGCGAUGAAUGUAAU,0.134870206,0.829213066,0.375257755,0.179651863,0.068454835
21ur-10459,UACGGAGAAACAAUUUAAAAA,0.269740413,1.105617421,0.250171837,0,0
21ur-12135,UUAAUCGAGGAGUAUCAUUCA,0,0,0.375257755,0,0
21ur-14773,UGGCAAUCUGAAAUGAUCGAU,0,0.55280871,0.250171837,0,0
21ur-6948,UUCCACAAAACUCUGGAAAUC,0,6.080895815,5.503780409,0,0
21ur-9556,UUUGAUCUGCAUUCAAUCUUU,0,1.566291346,1.688659898,0.119767909,0
21ur-5532,UCAGUGACAAAAAAACAUCUA,2.697404126,21.55953971,17.38694266,0.598839545,0.136909669
21ur-14395,UUCAUAUACUUGGACAGGGAA,0,1.382021776,0.500343674,0.059883954,0
21ur-8588,UAGAAUUAUCAUAUUUUGAAG,0,5.528087105,0.875601429,0.359303727,0
21ur-9199,UAAGUUUCAUCUACUCCUCGU,0.269740413,0,1.000687347,0.239535818,0.136909669
21ur-8834,UUCUCUCUGUUUGCAAUUUUU,0.269740413,1.658426131,3.252233878,0.359303727,0
21ur-14448,UUCAAAUCUAUUGUCUACCUU,0,2.211234842,3.87766347,0.838375363,0
21ur-14237,UUGAUUAGUCUCAAACCCCAA,0,0,0.375257755,0.119767909,0
21ur-5524,UUCUAUCGACGUGUAAUAUUU,2.832274332,25.15279633,91.18763451,46.76936845,1.16373219
21ur-7482,CGAUUCGUAUAAUGCAGAAAU,0.089913471,3.132582693,1.688659898,0.958143272,0.068454835
21ur-6870,UCCAUCUUUUGGAAAAAUUGC,0,6.080895815,9.131272042,0,0
21ur-8242,UAUGAUGUUUUCCUUAAAUAC,1.888182888,43.67188813,2.876976123,0.359303727,0
21ur-8971,UUCGUUUUCCAAACUUGCAAU,0.269740413,1.658426131,7.630241022,0.479071636,0
21ur-7758,UGAUAGUGGCGGAUAAAAUGA,0.809221238,11.60898292,5.253608572,0.479071636,0
21ur-10172,UACAUGAAAUCUGGAAGUUUC,0,0,0.125085918,0,0
21ur-8011,UUAUCCACUUUUGAAGCUCUG,0,0,4.878350817,2.155822361,0
21ur-14679,UGUUGAGCAUACUCGAAGUGC,0,0,0,0,0
21ur-10248,UUGUUCUGAGGUUUCAUAUAU,0.809221238,9.950556789,9.131272042,0.718607454,0.410729008
21ur-7039,UGUGUUUUUUUUUCUGUGGAC,11.59883774,284.4703369,160.985577,25.27102879,0.410729008