21ur-14855,UGAUGGACGGUUUAAAUUAAC,0.134870206,2.764043552,0.125085918,0,0
21ur-15406,UACAACGGUCCUAAAAACUAU,0,1.105617421,0.75051551,0,0
21ur-7105,UCAACUUUUUUUUUCAGAAAU,0.269740413,3.869660973,11.53917597,1.676750725,0
21ur-11493,UUAGAUGCUUUUCCAUUUUUU,0.269740413,4.422469684,3.377319797,1.437214907,0.136909669
21ur-14992,UCGUUUUUUGGAAGACUAGUU,0,0,0.500343674,0,0
21ur-11287,UUUUUUUUAUGAUACGGCAAU,0.269740413,16.0314526,13.6343651,1.676750725,0
21ur-6960,UAUUUCUCCUAUCAACAAGCA,1.348702063,8.844939368,19.0130596,0.898259317,0
21ur-6038,UGCACGGGCUGAUAUUAUUUA,2.832274332,59.42693638,37.71340439,1.437214907,0.342274174
21ur-6253,UUCUUCGAAGAGUGUUUCACC,1.348702063,8.292130657,26.14295694,2.515126088,0.136909669
21ur-8071,UGGGAAAGUUAAUCUGAAAUU,0,0.55280871,0.250171837,0.119767909,0
21ur-15627,CGAAAGCCAUUGGAGAACCAC,0,1.105617421,0.875601429,0,0
21ur-6805,UCAAUAAGUUCGAUUUGUUUU,0,4.422469684,2.501718368,0.718607454,0
21ur-10607,UUAUUUUUUUUCUGGUCUGAG,0.269740413,2.211234842,6.25429592,0.239535818,0
21ur-9331,UAUCUCCUCAAUUUUUUCUAG,8.901433616,21.006731,50.78488287,11.37795135,0.273819339
21ur-12095,UUAUUCGUUCUUAUCGUAUUU,3.236884951,11.05617421,10.50721714,10.53957599,0.410729008
21ur-9236,UUUGCAAAAGCAUAGAUAAAA,0,0,1.501031021,0,0
21ur-10212,UUUUCUCUAUUUUGAAUACAA,58.53366954,157.5504825,61.9175296,65.75258202,0.547638678
21ur-10531,UUUGAAUAUUCAUAAGAGAAU,0,0,0.125085918,0,0
21ur-5574,UUUGAUGUUACUGGAAUAUGG,24.54637755,633.7951866,412.5959018,22.51636688,0
21ur-13889,UUUUAUUAUACUUUUUCAAAA,0.269740413,4.422469684,2.626804286,0.479071636,0
21ur-13022,UUAUUUCUCCUAUCAACAAGC,0,0.829213066,2.126460613,0.179651863,0
21ur-15385,UACCCCCAUAUCAGCGUUGUU,0,0,0,0,0
21ur-15365,UACUAUCAAACGGCCGUUACU,0,0,0,0,0
21ur-11978,UUGUACUAUGGCAUUUUGGCA,0,0,0,0,0
21ur-14360,UUCCUUCAAAGACCAAUGCGC,0,0,0.125085918,0,0
21ur-15387,UACCCACGAAAAAAUGGUACC,0,0,0,0,0
21ur-15402,UACAAGGAUUCUAUGGUAGAA,0,0.55280871,0,0,0
21ur-11084,UGGGCAAAUGAUUUGAAUGUU,0,0,1.375945102,0,0
21ur-13774,UUUUUGAUUUCCCUACUAAUU,0,0,0.500343674,0,0
21ur-13782,UUUUUCUGUAACUAGCAUGGC,0.089913471,0,0,0,0
21ur-13751,UUUUUUGGGUUGCUAGCAGUA,0.269740413,0.55280871,0.625429592,0.119767909,0
21ur-15058,UCCAUUUUCUUAAACGAAAAA,0,0,0,0,0
21ur-13062,UUAGCAGAGGAUGGUGAAAAU,0,0,0.125085918,0,0
21ur-12787,UUUAGCAGAGGAUGGUGAAAA,0,0,0,0,0
21ur-14267,UUGACGAAAAAAAAAUUCACG,0,0,0,0.119767909,0
21ur-5244,UUUGAUGUCCAAACGUUAUUA,10.7896165,279.1683988,11.13264674,1.077911181,0
21ur-337,UAGUGGAAACCUCAACGCUGA,0,2.764043552,1.000687347,0.359303727,0
21ur-1715,UAAGACCUAAAAAUUCAUAAA,3.236884951,44.22469684,60.5415845,1.317446999,0.273819339
21ur-3572,UCCUGCGUUCGCAAGACUUGC,0.539480825,4.422469684,6.316838879,0.479071636,0
21ur-1129,UCUGUUGUCGAUGGGUCAAUA,42.21437457,783.8827515,851.8351042,37.66700737,1.026822521
21ur-5090,UUGUAUUAGAUCAACUUCAAG,6.473769903,50.85840137,71.54914532,18.6837938,0.136909669
21ur-3913,UCAACAUAAUCAUCAAAAUCA,0.539480825,1.105617421,11.07010378,1.676750725,0.068454835
21ur-4392,UUUUGAUGAUUAUGUUGACCA,98.72499102,1959.15407,820.3759958,177.9152288,1.642916034
21ur-1817,UUCCUUUGCACAUUUGACAAA,2.157923301,13.82021776,55.28797593,8.0244499,0.273819339
21ur-1516,UGUGGUGCUUGAACUUAUCUC,0.539480825,26.5348181,2.001374694,0.119767909,0
21ur-1850,UGCGGUAGAUAAAGAAGUACU,1.888182888,16.58426131,5.253608572,6.108163357,0.136909669
21ur-3514,UUUGAUGAUUAUGUUGACCAA,6.20402949,134.608921,57.10172175,24.19311761,0.410729008
21ur-14266,UUGACGAUAGUUUCGAUUGAU,0.269740413,1.934830487,1.438488061,1.856402589,0.068454835
21ur-9298,UGAUUAUGUUGACCAAAUUAA,0,1.934830487,1.876288776,0,0
21ur-8890,UCCGAGAAUUUUUAAAUAUUU,0,3.869660973,0.500343674,0.119767909,0