21ur-11323,UUUUAUGAAAUUUUGGAGUUC,0,0,0.125085918,0,0
21ur-13644,UAAGAAAGGAAACGCAACCUG,0,0,0.062542959,0,0
21ur-6201,UAUUUGCACCACUUCUCAAGA,0,4.422469684,4.127835307,0.598839545,0
21ur-7113,UUGAGUAAUGAAAUGGGGAAU,4.315846602,67.44266268,53.41168715,7.844798037,0.273819339
21ur-13983,UUUCUUUUGAUUUUUUUAGGA,0,1.105617421,0.687972551,0.479071636,0
21ur-13490,UAUUAUACCGAUUCUUAGUUC,0,0,1.751202857,0.359303727,0.205364504
21ur-15685,AAUGCAUUUUUAAUGUCGGAG,0,0,0.062542959,0,0.114091391
21ur-12016,UUGAGUCGGUCAAUUUAAACA,0,0,1.188316225,0.119767909,0
21ur-10725,UCCGGAGAGAACUAAGAGUAU,0,0,0.250171837,0.119767909,0
21ur-6573,UUCGCUUUUUUAAUCCAAAGU,2.832274332,52.79323185,57.28935062,4.251760768,0.068454835
21ur-9637,UGCAUUUUUAAUGUCGGAGUA,0,0,0.375257755,0.239535818,0.045636556
21ur-9887,UCUAACUCCAAAUAUCAUUUU,0,1.658426131,9.256357961,0.119767909,0
21ur-9831,UGUUCUCUAUUUAUUUUCCGC,0.269740413,2.211234842,6.629553675,0,0
21ur-13284,UGAACGUUUACUAUCGCCAUU,0,0,0.125085918,0,0
21ur-11536,UGUUCUUUUCAUUUUCACAGA,0,0,0.500343674,0,0
21ur-12235,UGGAAUAAAUGUUGAGAAAAA,0.269740413,0,0,0.119767909,0
21ur-7750,UUCGAUCUUCAGACGAGCAAG,0,1.105617421,2.751890205,0.119767909,0
21ur-14914,UGAACAAUUCAUACACGUCAU,0,0,0.250171837,0,0
21ur-10209,UUUUGAAUGUCAAUGUUAGAU,0,0,0.75051551,0.359303727,0
21ur-11860,UUUUCGGGAAAAUUCGAAAGA,0,0,0,0,0
21ur-14520,UUAGUUGGUUUUUGUUUUGUU,0,0,0,0,0
21ur-9636,UGCCAAGUAUAAUUUUCAGAU,0,4.698874039,5.879038164,0.479071636,0
21ur-14670,UGUUGGAAAACGUUUUCGAAC,0,0,0,0,0
21ur-14812,UGCGUGCUUCUACGUCAGGUA,0,0,0,0,0
21ur-14881,UGAGAAACUGUUUGGGUCAUC,0,0,0.125085918,0,0
21ur-14845,UGAUUGCUAGGAAAUUGAUAG,1.618442476,0,0,3.233733542,0
21ur-14713,UGUCGCAUUGGUUUAUUAAAU,0,1.105617421,0.375257755,0,0
21ur-14647,UGUUUUUCUCGCCAAAUAAUU,0,0,0.375257755,0,0
21ur-12167,UGUUGUUGUUGGUGUAGUGGU,1.618442476,3.869660973,3.627491633,0.838375363,0
21ur-7418,UGUUGUUGUUGUUGGUGUAGU,2.427663714,7.186513236,7.00481143,0.718607454,0
21ur-15377,UACGAUCAGUGGACUACGUAG,0,0,0.125085918,0,0
21ur-14644,UUAAAAAAAGGUUGAAAACGA,0.269740413,0.55280871,6.004124083,0.119767909,0
21ur-15638,CAGUGUUACAGUCCCUAAUGC,0,0,0,0,0
21ur-12628,UUUUUAACUUAUGCACUCAAA,0,5.528087105,2.626804286,0.838375363,0
21ur-14064,UUUAUUUUCACAAAAAUAAAA,0,0,0,0,0
21ur-4327,UAAACGACUUGUAUGAACAAU,0,4.975278394,6.379381838,0.838375363,0
21ur-299,UUCGAGAAAAGUUUGUAUUUC,0,1.658426131,2.751890205,0.479071636,0
21ur-265,UCAUGUACGAAACUAGCGGUU,0,0,2.751890205,0.838375363,0.136909669
21ur-86,UGCUCAUACCAUGUUACUUUU,0,0,2.501718368,0.359303727,0
21ur-2402,UUCAUAAAGUGGUUGAAUGAA,8.092212378,136.5437515,141.9725174,11.37795135,0.410729008
21ur-2076,UUCGAACCAUGCCUUUGCCAU,0,53.62244492,88.81100206,2.036054452,0
21ur-4549,UGAAAUUGCUUCACAAGAUUC,0,0.55280871,3.12714796,0.119767909,0
21ur-2417,UAACGAGAUAAAUUAAUCUGC,0.269740413,5.528087105,2.876976123,0.898259317,0
21ur-273,UCACAUCUCUCUCAACCUCAA,0.269740413,0,0.75051551,0.239535818,0
21ur-2938,UCAAAGCACAGUGCAAAACAU,0,0.55280871,0.500343674,0,0
21ur-3108,UGAAUUUGGCUACCGGCGAAC,0.269740413,9.950556789,64.91959164,0.718607454,0
21ur-5028,UAGGACAGUGGAACGAACGAU,0,2.764043552,1.501031021,0.119767909,0
21ur-3411,UACAAAUGUGUAAACUGAAAA,11.19422712,279.1683988,234.2233822,12.45586253,0.182546226
21ur-3026,UGUAGUUAAAAUUCAGUGUAG,1.07896165,12.16179163,19.88866102,0.718607454,0.136909669
21ur-900,UCGAUAGAUGAUAAUGAUAAG,2.157923301,44.22469684,34.39862756,4.55118054,0