21ur-15143,UCAAACUAAAUAAGGCUUGGA,0,0,0,0,0
21ur-11576,UGCGCAAAUGCAACACGCCUU,0,0,0.75051551,0,0
21ur-14419,UUCACCCAAAAGAAUAUGUUC,0,0,0.250171837,0,0
21ur-15591,GAAGAAAUCCGAGUCCUCGAC,0,0,0,0,0
21ur-15246,UAUGGGUUUCUGAUAGUUGAU,0.809221238,0,0,0.059883954,0.273819339
21ur-15282,UAUACACAAUUGAUUUUCACA,0,0,0,0,0
21ur-13150,UGUGAAAAAAAAGUUUGGUUC,0.269740413,0.55280871,1.501031021,0,0
21ur-15592,GAAAAGGUCGACGCAAAAAAU,0,0,0,0,0
21ur-15388,UACCAAAACUUCAUCUUUCUC,0,0,0,0,0
21ur-15290,UAUAAGAUCUUGCGAAUCACC,0,0,0,0,0
21ur-15024,UCGAGUGUAUAACAAAAGAGA,0,0,0.250171837,0,0
21ur-13919,UUUGUGAGAGAAGAAUGAGGA,0,0,0,0.119767909,0
21ur-13596,UACAAACUACAAUCUAAAAAU,0,0,0,0,0
21ur-14256,UUGAGAUGAAAAUGAGUCGGG,0,0,0,0,0
21ur-15150,UCAAAAGUCGUGCCUGCAGCA,0,0,0,0,0
21ur-8871,UGAACAGUUCAGAAGAAUUCG,0,0,0.125085918,0,0
21ur-9572,UUUAGGUGGUUUUCGGGUUGA,0.269740413,16.58426131,7.129897348,0.479071636,0.273819339
21ur-15384,UACCGAAGCAUUUAGAUCAGG,0,0,1.751202857,0,0
21ur-12334,UCCUGCGAAAGACACUGUUUU,0,0,0.125085918,0,0
21ur-719,UUCCAUUUUUGCUUGCUUCAA,4.315846602,18.79549616,22.01512164,5.389555903,0.136909669
21ur-1438,UGCCUUUUUGGGAAAAAAAAG,5.12506784,96.18871563,108.6371201,1.796518634,0.273819339
21ur-1524,UUUAGUGGUCACUUUGGUGUA,1.888182888,13.26740905,6.629553675,1.317446999,0
21ur-2734,UGAAUAAUCAUGCAACUUCAA,2.967144539,34.27414005,25.1422696,2.155822361,0
21ur-400,UCGCAGUAGGAUAUUAAUAAA,25.35559879,140.1370081,767.5897382,35.45130105,0.273819339
21ur-5258,UAUACAACAAAAAUUUGCUCA,0.539480825,0,9.381443879,0.359303727,0
21ur-726,UAGUUAGAAAAUUUGUGACGU,0.539480825,3.869660973,8.380756532,2.874429815,0
21ur-3382,UAAUCCAACGUUUAUUUCAGA,15.10546311,135.4381341,344.2364474,37.12805178,0.410729008
21ur-3472,UAAUGCGUUGUCGCUAUAGCA,0,0,2.501718368,0.239535818,0
21ur-4182,UGAUGUCCUUCUAUUUCCAUA,3.236884951,40.90784458,0.250171837,0,0
21ur-4786,UCAUCCAUUUUUCGAUUUUGG,14.29624187,12.71460034,15.6357398,41.4396965,0
21ur-1871,UCGAAAGAGUUGGUUCUGAAG,29.19939967,532.3547882,311.0052884,50.72170944,0.205364504
21ur-3688,UGGAAAUGUGACAAUAGCUAA,2.697404126,62.46738429,9.881787553,1.437214907,0
21ur-5173,UAUAGUGUUCACUUAAGCUUG,1.618442476,3.869660973,5.378694491,1.19767909,0.410729008
21ur-1077,UAGAACUGCUUUUAUUUAUUG,8.631693204,206.197649,433.4227072,18.92332961,0.410729008
21ur-3995,UAGUAUAAGUUCUAGGUAUUA,3.236884951,61.91457558,42.77938409,8.263985718,0
21ur-3520,UCAACUCUGAUGUUUCCUUGA,0.809221238,8.844939368,9.193815002,3.353501451,0
21ur-1885,UCAUCCUUUCGUGUUCAAUUG,0.269740413,2.764043552,6.129210001,2.515126088,0.273819339
21ur-4873,UAGUUUGUUUGGACAUAUAAA,14.56598228,133.2268992,74.23849256,28.50476233,0.821458017
21ur-4100,UAUACACCAGAGUGAACAUUA,0,0.55280871,0.125085918,0,0
21ur-2257,UAACACCUUACCAUAGGAUCC,0.539480825,0.55280871,3.002062041,0.958143272,0
21ur-2764,UUGGAAGAGAACUCGAUAAAU,0.944091444,5.528087105,4.378007144,2.754661906,0
21ur-3044,UGUAGCCAUUUUUUGGGUCCA,0.539480825,2.764043552,3.002062041,0,0
21ur-852,UGGUUUGUGUUUUGGCUACUA,1.888182888,44.77750555,8.756014287,4.55118054,0
21ur-1081,UCUUCCUUUGUACUUAUCAAG,3.776365777,33.72133134,104.19657,18.44425798,0
21ur-5049,UAUUUUUCAUCUUUCUGCUGC,0.539480825,7.739321947,9.631615716,1.19767909,0.136909669
21ur-916,UCAAUUUAGUCUAAGCGGCAA,2.967144539,10.77976985,38.02611919,4.790716358,0
21ur-598,UCCAACAAGAACAAUGUGUUC,0.539480825,7.186513236,1.501031021,0.119767909,0.136909669
21ur-442,UCAACAUCAAGUAUUUUGAGA,5.394808252,59.15053202,107.0735461,15.56982816,0
21ur-898,UCUAGCCGAUUCUUCUGCAUU,5.934289078,49.19997523,130.0893551,17.00704307,1.095277356
21ur-3363,UCGAUGGCUAUGUGGACUAUU,19.55617991,379.0425058,289.9908541,16.40820353,0.616093513