21ur-1269,UGAUACAGUGAUUUGGAUUUU,8.901433616,76.28760205,76.61512501,23.59427806,1.16373219
21ur-2863,UGCAAUUCAAGAAGAUAACGC,0.539480825,15.47864389,29.64536266,1.077911181,0
21ur-2600,UCAAAGCAUGUGUGUAAUAUG,0,10.5033655,3.377319797,0,0
21ur-4800,UGAUUUAAGUGCCUGUCCUUU,2.967144539,312.8897301,24.51684,5.150020085,0.136909669
21ur-2029,UCAAUGGAAUCCAACGUAUCU,0.539480825,16.0314526,23.01580898,0.479071636,0
21ur-3608,UAAGUUUCCAAUAUGAGAAUA,0,1.105617421,0.125085918,0,0
21ur-4612,UAGUGAAAUGGUGAAAGUAUU,0,5.25168275,3.502405715,0.479071636,0
21ur-3792,UGGCUGAUAUUCCUACAAUGA,3.506625364,48.09435781,35.64948674,1.077911181,0
21ur-737,UAACAACUGCAUAUUGAUGAU,0,1.658426131,6.004124083,0.359303727,0
21ur-5202,UCAGACGUGACACAAAUGGUU,0,0.55280871,9.256357961,0,0
21ur-4273,UAAUGAUAAGCUAUGAAAAGA,0.134870206,4.698874039,2.876976123,0.479071636,0
21ur-614,UGGUGAUUACCAACUCAAUUU,0,2.211234842,0.625429592,0.119767909,0
21ur-3945,UUCGUGGAUUUUCUAUUAGGU,0.809221238,8.844939368,7.505155103,3.353501451,0.136909669
21ur-91,UAGUUGAUCAAAAAAUUUUCA,1.618442476,18.79549616,7.00481143,2.27559027,0
21ur-3276,UAGUAGUAACCUUGUCAGUAU,5.394808252,24.32358326,280.5677149,13.77330953,0.547638678
21ur-3199,UACAAUCGUCAAAGAAGUUCG,2.427663714,1.658426131,49.78419552,2.27559027,0.205364504
21ur-1809,UGUAUCUUGGAUUCUAUCGGA,0,0,0,0,0
21ur-2906,UGGGUGGUGGAUGUGUACAAU,16.18442476,405.4851891,7.380069185,1.916286543,0
21ur-1329,UGCAAUUUUUUUGAUAUUUCC,4.653022118,34.27414005,15.07285317,4.072108904,0
21ur-3372,UGCAUCUAAAGUUGAUUGAAG,8.361952791,39.80222716,39.58969317,6.28781522,0.410729008
21ur-1758,UACAGCAACCUGCCAAGUCGU,4.585587014,25.98200939,530.2392081,12.45586253,0.273819339
21ur-221,UCUAUAGGUGCAUCUAAUAAC,0,27.08762681,4.503093062,0.119767909,0
21ur-1285,UAAAUCGGUCAUAUAAGAUAA,13.48702063,143.177456,187.8790494,17.72565053,0.684548347
21ur-384,UAAAUGAGAAUGAUAAGGUGA,14.29624187,182.9796832,420.7890295,45.03273377,0.547638678
21ur-4962,UUGAUAUUCUAGUUGGAAUUC,2.427663714,81.81568915,93.43918104,23.11520643,0.410729008
21ur-3580,UAAUUAAGUCAUAGUUAUAAC,1.07896165,13.82021776,59.1656394,6.227931266,0
21ur-5341,UGACAGUGAGUCCAUUGCAAU,16.18442476,115.5370205,69.42268471,15.92913189,0.410729008
21ur-2789,UACUUUCUCUUGAAUCCUGAA,0.269740413,9.950556789,20.51409062,8.623289445,0.136909669
21ur-3857,UCUGCUGUUAAUUUCAAUUUC,0,2.764043552,6.004124083,0,0.136909669
21ur-4585,UUCGCAUUCUGAAAGGUUGGU,6.473769903,80.71007173,100.6941643,15.45006026,0.136909669
21ur-2540,UAGAAUUUUCGAUGCAGGUGU,0.539480825,8.292130657,12.13333408,1.19767909,0
21ur-4701,UUGCACAAUUGAUAAGGAUAA,0.269740413,4.698874039,3.585796327,0.059883954,0
21ur-345,UGCAGCCCAAAUCAUCACACA,2.697404126,18.5190918,35.64948674,1.916286543,0
21ur-1116,UAUUGUGAGAAAUAAAGAAAU,14.70085249,264.7953723,115.2666738,11.25818344,0.136909669
21ur-165,UUAAACCAUAUUACAAUAAAG,3.506625364,21.006731,35.02405715,0.718607454,0
21ur-2207,UACAGGAUCAGUGAAAGGUGA,5.664548665,21.55953971,84.18282308,18.56402589,0
21ur-3643,UUAGUCCAGCGUCCCACGAAA,2.427663714,27.08762681,148.4769851,1.796518634,0
21ur-4969,UGAAGCAUUGAUUGACUAGUA,1.07896165,2.764043552,8.380756532,1.317446999,0
21ur-4959,UUUUGCAAGCUUUAUGAUAGC,0,0.55280871,2.126460613,0.119767909,0
21ur-322,UAUAAAUUUCUGCAAUUAAAA,27.51352209,879.242254,401.525798,30.30128097,0.547638678
21ur-5117,UAUCAACGCAAGAAAAAUAUG,0,7.739321947,1.626116939,0,0
21ur-1300,UAUCCAGAAAAAGUUCAGUUU,18.07260765,75.18198463,39.52715021,13.89307744,0.958367686
21ur-217,UAUAUCCUAUCAACUGAAUUU,3.236884951,53.34604056,75.67698063,11.85702299,0
21ur-2414,UUCUUUUCCGUGGUACCUAAC,0,52.5168275,15.76082572,1.916286543,0
21ur-1322,UGUAAUCCAUUCAUAAUGCAU,0,0.55280871,9.881787553,0.239535818,0
21ur-1041,UACAUAGCCGUUUUGGUCAGU,1.07896165,4.975278394,11.63299041,0.598839545,0.136909669
21ur-34,UGAAGGAUGCGAUACUCUCUC,2.157923301,164.4605914,135.4680496,6.108163357,0.958367686
21ur-111,UACAAAAUUAUUUGGCAUAUU,0,0,4.002749388,0,0
21ur-3705,UGUCGCUGUCAUGAAGCAAAA,10.92448671,61.08536251,100.1938206,14.01284535,0.068454835
21ur-2832,UAACCAGCAAACCCUUCGAAA,0,0,0.250171837,0,0