21ur-3778,UGGAAGAUUAAUUUUCUAGAC,0,0,0.125085918,0,0
21ur-843,UAACUGCACUAAAAUUGCAAC,0.539480825,3.316852263,0.75051551,0.119767909,0
21ur-3217,UCAAUUCUUUUCAAUUACCAA,0.809221238,3.869660973,5.628866328,1.077911181,0
21ur-1040,UCCAAUUAUAAUUUUUGGUUC,0.539480825,22.11234842,1.876288776,1.676750725,0
21ur-2736,UCCACGACGAUACGAUUUUCG,1.348702063,8.292130657,29.2701049,1.19767909,0
21ur-4876,UAGACUCGAAUUGUGCGUUAA,0.809221238,11.60898292,14.50996653,2.994197724,0
21ur-3805,UUAGGAUUAGUUGUACAGCCC,6.20402949,60.80895815,109.1374638,16.28843562,0.136909669
21ur-2713,UGAUGACUCUGUAACGUCGCA,0.269740413,0,0.125085918,0,0
21ur-2637,UCGGAGAGUGCGUUUAGUUUU,10.51987609,587.0828505,195.3842045,8.263985718,0.273819339
21ur-3774,UCGCAAAUAGAACAAAAAUCA,0.539480825,0.55280871,0.375257755,0,0
21ur-3210,UAGACUCAGUGAAAAAAUGCG,0,1.658426131,0.125085918,0.119767909,0
21ur-846,UCCUGUUCAAUCCUACUUUGG,0,4.422469684,3.87766347,1.19767909,0
21ur-4240,UUGCAAACCACCACAACAUUG,0.674351032,49.75278394,30.08316337,2.095938407,0
21ur-684,UCUAGCAUUUGUAUCAGUCAU,1.348702063,0.55280871,5.628866328,0.598839545,0.136909669
21ur-1194,UCGAAUCAACUUGAUCAAAUC,1.348702063,39.80222716,86.80962736,12.21632671,0.410729008
21ur-1801,UGAUGAUGCCUUGGUACUUCU,2.292793507,1.658426131,0,0,0
21ur-3826,UGGCAAAGUUGCAAAGGUAGA,1.618442476,5.528087105,5.378694491,1.437214907,0
21ur-2633,UGAAACAUCGGAUUAUCUGAC,0,0,1.250859184,0.119767909,0
21ur-4534,UCGGCACAUAACAAAUGUUGA,1.348702063,28.19324424,46.03161797,7.186074537,0
21ur-3667,UUCUCCUACUUUCCAGGCAGA,0.269740413,39.24941845,37.52577552,0.359303727,0.136909669
21ur-2241,UACGUUGUGUUUAUUUUUGUG,0,1.658426131,10.38213123,0.718607454,0
21ur-3133,UGGGAAUAAUAAAUAGUCUAA,11.05935692,366.972849,121.2291026,21.31868779,0.547638678
21ur-2272,UCCAAACGAAAAAAGCCCAUG,0.269740413,3.316852263,4.503093062,0,0
21ur-3097,UACAACUAUAAAGUGAUAAUG,1.348702063,62.19097993,54.91271817,7.305842446,0
21ur-2722,UGCUAAUUAUUCCAACCCCGA,0.539480825,9.950556789,77.05292573,2.27559027,0
21ur-2829,UACGACCAAAAAUGAGAUUGA,2.697404126,52.5168275,225.5299109,2.994197724,0
21ur-1376,UAAGAAAAAUUAAAAUUCGGA,0,0,0,0,0
21ur-2031,UCCGUUUAAUUUUGCAAACAA,0.809221238,9.950556789,31.64673735,0.838375363,0
21ur-4718,UACAGGAAGAAAUGGCACUAC,0.269740413,2.211234842,2.626804286,0.479071636,0
21ur-2631,UCAGACCCAGUUGGUUUAGUU,0,0,1.375945102,0.119767909,0
21ur-3102,UCAUCUCGAAACUAAUGAAGG,0,1.105617421,3.377319797,0.598839545,0
21ur-3548,UGCUGAUGUAAAAUGGUUGGA,0.809221238,8.292130657,0.75051551,1.19767909,0
21ur-5065,UCGAACACUGGUGGUCCAACU,0.539480825,30.40447908,140.5965723,0.838375363,0
21ur-258,UCCUGACUGCUUCAACUAAUC,0,29.29886166,42.1539545,1.437214907,0.273819339
21ur-10453,UAGGAUUAGUUGUACAGCCCU,0.269740413,0.55280871,0.938144388,0.359303727,0
21ur-7474,UAUACGCCAAAUGAAAAAUUC,1.07896165,25.42920068,187.2536198,1.556982816,0
21ur-9367,UUUUUUAAAUAACAAGGUCUU,0.269740413,6.080895815,11.63299041,0.479071636,0
21ur-14103,UUUACCAAUUCGGUUCAAAGA,0,0,0,0,0
21ur-6650,UUAAAGCAGCAUUUUGAAAAA,2.427663714,17.96628309,11.88316225,4.850600313,0
21ur-7057,UUGAGUCGAUGUUUAUAGUCC,0.269740413,2.211234842,2.376632449,0.239535818,0
21ur-8286,UUACCAAUUCGGUUCAAAGAU,0.269740413,2.211234842,1.000687347,0.239535818,0
21ur-14114,UUUAACUUUGAGUUUGAAAUU,0,0,0,0,0
21ur-8087,UCCAUGUGAGAAUUACCUAUU,0.269740413,16.0314526,1.250859184,0.239535818,0.136909669
21ur-8541,UGUUAUAGAUCCAUCAAUUUC,0.269740413,3.316852263,3.002062041,0.119767909,0
21ur-5682,UUUAACUGAGAUGAAAAGGUU,1.07896165,23.4943702,23.39106674,5.74885963,0.273819339
21ur-10355,UGAUAUGAAAAUUCCCCAACU,0,0,0.375257755,0.119767909,0
21ur-10470,UAAUGCUGAUGUAAAAUGGUU,0,1.105617421,0.125085918,0,0
21ur-14058,UUUCAAAUCAACUGUAAGUAA,0,0,0.375257755,0,0
21ur-9237,UUUGAGUAAAUUGAAUAAAUU,0,0.55280871,0.500343674,0.119767909,0
21ur-9283,UUAACAACGACUUUUGGAAAU,0,1.105617421,0.625429592,0,0