21ur-4887,UCAUUUCAAUCUUUUCAAAAA,1.888182888,36.48537489,19.63848919,5.74885963,0
21ur-2855,UGCAAUCUCGUGACUUCCUGC,0,0,0.125085918,0,0
21ur-2877,UAAAAAUCGUGUUUUAAUAGU,0.539480825,8.292130657,14.2597947,0.838375363,0
21ur-5315,UUCAUGACUCAAUUUUUUUUC,0.269740413,3.316852263,5.378694491,0.359303727,0
21ur-122,UAACCGGCUUUGAAAUGACAA,0.539480825,7.186513236,8.255670614,0.598839545,0
21ur-3602,UCAUAAAAAUGAAGCAAUCAC,8.631693204,130.4628557,324.0976145,8.263985718,0.684548347
21ur-3298,UACGGAUAAACCAGCAAACUU,0.539480825,3.869660973,67.17113818,0.119767909,0
21ur-5043,UAAAUACUAAUAAUCCAACAA,0,0,0.125085918,0,0
21ur-4103,UGUUUUCAAAUCAGAAGAGCU,0.539480825,1.658426131,1.751202857,0.119767909,0
21ur-3274,UCACAAAACACACCUUGAUUC,2.967144539,25.98200939,96.94158675,7.904681991,0
21ur-3923,UAAAUGUUGAGUCCCUGACCA,0,4.422469684,11.25773266,0.479071636,0
21ur-388,UCGGGAGGAAAUAUUCGGGAC,19.42130971,92.31905465,225.279739,28.50476233,0.684548347
21ur-890,UUGAUCCCGAAUUGGAAAAGA,13.48702063,285.525699,482.1436724,63.11768802,0.479183843
21ur-1832,UUUAACAAAUGACGGUAAAUC,16.72390558,588.7412767,712.9897348,21.4384557,0.547638678
21ur-3086,UCUUAGUUGGCUGUUCUAUUU,3.776365777,18.24268745,37.27560368,9.821756481,0.136909669
21ur-2666,UUUACAACUAGCACGGUUAAG,0.269740413,1.105617421,6.504467756,0.239535818,0
21ur-2028,UAUGUCCAACGUUCCUGUUAU,0.269740413,2.764043552,15.6357398,0.958143272,0
21ur-3401,UGGUCGCUCAAAACUUAUGCG,4.315846602,108.3505073,53.41168715,21.67799152,0.684548347
21ur-4084,UAAACGUGGUCCUCAAUGAUC,2.697404126,23.77077455,8.881100206,0.598839545,0
21ur-5248,UCAUACUUUAAUCAAAAUACC,1.888182888,35.37975747,123.2096296,1.437214907,0.136909669
21ur-1808,UGAGAAUGGCCAACAUUUUAU,0.539480825,41.46065329,39.27697837,16.40820353,0.410729008
21ur-4685,UUGAGUAGCUCCAAUUAUACC,9.171174029,54.17525363,35.77457266,17.84541843,0.136909669
21ur-1852,UGUGUUUUCUCCUCCUAGGCA,6.743510315,65.78423655,69.54777062,8.0244499,0.136909669
21ur-1874,UCAAUGUACUCGUUGGUUUCU,1.07896165,9.950556789,23.39106674,22.99543852,0
21ur-679,UGAUUCAUCGCCAUUAAAAAU,14.16137166,972.1141174,971.7716523,27.90592279,0.410729008
21ur-3883,UCCGAAGUCGAUCAGGUUUAC,0.539480825,3.040447908,227.4061996,1.676750725,0.136909669
21ur-5167,UGGUUUUCCCGAUGGCACAUG,1.07896165,105.033655,17.26185674,1.19767909,0.136909669
21ur-875,UACGAAAAUGAAAUUUCAAGA,1.348702063,23.77077455,41.90378266,2.155822361,0
21ur-2352,UGAUUCAUGUUGACUUGUCAA,8.76656341,323.1166913,321.0955525,33.71466637,0.661730069
21ur-590,UUCCCAUCUCAAAUUAGCCAA,5.394808252,37.59099231,48.84605113,4.910484267,0
21ur-1719,UACUUUUGUCGUGAAAAUAUG,3.776365777,24.32358326,52.28591389,8.623289445,0.273819339
21ur-2190,UCGCUUUAUUUAAGAAAAGCA,0.269740413,1.105617421,2.626804286,0.119767909,0
21ur-3547,UACACUUGUGCAUAUGUACUG,2.157923301,12.16179163,19.0130596,4.311644722,0.136909669
21ur-547,UAUCGAUGUUAGAAAUUGUGC,0,1.105617421,0.562886633,0,0
21ur-1946,UGAGGAUGGUAUUUAAUAUUA,9.980395267,787.1996037,83.55739348,9.461664807,0
21ur-2469,UCCACCUUUCAUUGUCUCUCG,0,0,0,0,0
21ur-3542,UUGGUGGUUUGAUAGAAGGAA,0.269740413,2.211234842,1.448911888,0.319381091,0
21ur-712,UGGUUUGUUACGUCGAUUCAC,1.888182888,14.09662212,30.89622184,5.269787994,0
21ur-249,UCGUCAUGGCUUUAACCGUAA,0,0,0.250171837,0.119767909,0
21ur-4855,UCACAGCUAUUUGGCAACACC,7.822471966,17.13707003,35.14914307,6.227931266,0.273819339
21ur-2641,UAAGAUAAUCCAGAUAGGUUU,9.171174029,99.50556789,66.17045083,15.56982816,0.273819339
21ur-1847,UGGAUUGGCCAAUUGCGGACA,4.315846602,14.37302647,9.381443879,10.6593439,0.273819339
21ur-4798,UCAUGCUUCCAGUUUCUUGAU,0.269740413,2.211234842,15.01031021,2.994197724,0
21ur-2748,UUCAUGUUGACUUGUCAAAAG,2.157923301,12.16179163,26.39312878,11.73725508,0.661730069
21ur-2351,UCCUUGGCUCUUGAUCUGAAU,7.552731553,178.2808091,194.5086031,63.17757197,1.16373219
21ur-4180,UGGUUUGAUAGAAGGAACUUU,1.348702063,22.11234842,21.42096352,8.144217809,0.136909669
21ur-1671,UUGAAUCCACACGUGUUUUCA,14.02650146,432.8492203,71.4240594,7.793468933,0.013594798
21ur-3588,UGAAUCAUGUAGAAUUGUCAA,6.069159284,98.67635482,167.7402166,19.64193707,0.889912852
21ur-3917,UAAUCCGCCUUUUGCUAAUAU,0,3.869660973,28.01924572,0.119767909,0
21ur-4895,UUGGAUGGUUGAAGAAGGAGU,41.13541292,785.5411776,71.86186012,21.25880384,0.273819339