21ur-6332,UUCUCUUUGCUUUUGAGUUGA,0.269740413,7.739321947,16.32371235,2.27559027,0.068454835
21ur-6943,UUGUUGCAGAAAAUUGAAAAA,0.809221238,3.316852263,3.815120511,0.898259317,0
21ur-9568,UUUAUGCCAUUCAACAGUUGA,0,0,2.001374694,0,0
21ur-7500,UUAACGUCUGAAAUAUGUGGA,0.269740413,0,0.75051551,0.419187681,0.479183843
21ur-8634,UUCGUUUGGAAAAACCGCAAG,1.618442476,3.869660973,83.43230757,3.113965633,0.136909669
21ur-13749,UUUUUUUAAACACUCUUUUAC,0.269740413,1.105617421,4.127835307,0,0
21ur-13235,UGAUUCUUUCUUUUCAAAGUG,0,0,0,0.119767909,0
21ur-7291,UGUUGAUUUCAAAUUACUUAC,1.348702063,15.47864389,4.002749388,0.718607454,0
21ur-11370,UUUAUAAUAGGGUUUAAGAUU,0.134870206,8.292130657,3.87766347,0.299419772,0.479183843
21ur-9069,CGAUACUGGGGCUUUUUGAAG,0.134870206,10.41123071,4.878350817,1.377330953,0
21ur-7283,UUCUCGGGAAAAAAAUAUUGG,0.269740413,2.211234842,10.75738898,1.19767909,0
21ur-6498,UAUCCAACCAAUCCAACGAGA,0.269740413,0,3.002062041,0.119767909,0
21ur-9727,GGGCCAACGUUUUCAAUGAAA,0,0,0.125085918,0,0
21ur-6914,UUGUAACAGUGGCAUGAGAUG,0.809221238,21.55953971,9.506529798,0.419187681,0.136909669
21ur-15069,UCCAAUAUCAUAUAAGGAGUG,0,0.55280871,1.125773266,0,0
21ur-13758,UUUUUUCUUCAUAUUAUAGUA,1.888182888,6.633704526,4.127835307,1.556982816,0
21ur-12092,UUAUUCUCGUCCCUCACGGAU,0,0,0.281443316,0,0
21ur-14045,UUUCAAUUUUUUUGGUUAUCC,0,0,0.500343674,0,0
21ur-11347,UUUGAAGAUACAAGUUCAGAA,1.07896165,13.26740905,7.129897348,2.036054452,0.068454835
21ur-9929,UAGUUUUUCUGUAACUGCUUG,0,2.764043552,3.502405715,0.119767909,0
21ur-12666,UUUUAUUUGAUUGAUAAUUUU,0.269740413,3.871854659,1.250859184,0.598839545,0
21ur-14053,UUUCAACUUAUUCUUCUGACC,0,1.105617421,0.125085918,0.119767909,0
21ur-15668,AGUAUCCACAUAAUUAGUUGA,0,0,0,0.119767909,0
21ur-10349,UGCACAGCUUCGGAACAUUGA,0,0,0.875601429,0.239535818,0
21ur-15454,UAAUAGCUCGCAAAACUUUUU,0,0,3.12714796,0,0
21ur-11334,UUUGUUCACAUCAAGAAAGUA,0.269740413,3.869660973,5.253608572,0.479071636,0.068454835
21ur-10078,UUAACCGUCGUUCAUUAUAUU,0,0,16.88659898,0.239535818,0
21ur-8008,UUAUUUAGAGAGAUCUCGUUG,0,0.55280871,0.875601429,0.359303727,0
21ur-14262,UUGACUUCGGAAGCAGACGUU,0,0,0,0,0
21ur-12626,UUUUUAAUGUCACGGGCCAUU,0,0,0,0,0
21ur-6049,UUUUCACGGCUAAUCUCGUUG,1.618442476,2.764043552,8.881100206,8.743057354,0.410729008
21ur-15699,AAAAAUUGGCUAAACAACUGA,0,0.55280871,0,0,0
21ur-10502,UUUUUCGUUUUUUUUGCAACA,1.618442476,16.0314526,7.380069185,3.113965633,0
21ur-6451,UUUUGAUGAUGAUCCAGCUAA,0,19.34830487,7.75532694,0,0
21ur-14917,UGAACAACUUCAACGACGAAU,0,0,1.751202857,0.479071636,0
21ur-10198,AAAUCUCAGUUCUGAUCUCGA,0,0,0,0,0.136909669
21ur-13849,UUUUCUUUUUUGUAAUCAAUU,1.07896165,3.869660973,2.876976123,0.119767909,0
21ur-6682,CUGACUUAGAUAUUCUGCAUG,0.269740413,10.5033655,6.379381838,1.317446999,0.547638678
21ur-8985,UUAUAUUUUCAGUCAAGUCGU,3.506625364,4.422469684,43.90515735,7.784914082,0.273819339
21ur-12309,UCUUAAUUUAAAAUAAGAAAA,0.809221238,13.26740905,10.63230306,0,0
21ur-13924,UUUGUAAUACAUAGUUGAGAG,0.269740413,3.316852263,2.876976123,0.359303727,2.190554711
21ur-12409,UAUUCAAUGAUAGUUACAAUU,0,9.674152434,2.189003572,0.658723499,0.205364504
21ur-12312,UCUGUGAAAAAUGUGGAAAAC,0,3.869660973,0.125085918,0.119767909,0
21ur-9535,CGCUGUCAUGAAGCAAAAAAA,0.404610619,1.934830487,0.75051551,0.119767909,0.068454835
21ur-9215,UUUUUGUGUAAAUAUCCCAAU,0.269740413,2.211234842,1.000687347,0.119767909,0
21ur-8174,UAGCGUGAUGUCAUCUAUUUG,0.269740413,5.528087105,1.751202857,0.598839545,0.136909669
21ur-7713,UCCAACGAGAUGUCAAGGUUU,0.269740413,2.211234842,3.377319797,0.359303727,0
21ur-13412,UCAGCUGAAAAAUGUAAACCC,0,0,0.250171837,0.119767909,0
21ur-15256,UAUGAACAACUUGAAACAGUU,0,1.289886991,4.002749388,0.359303727,0
21ur-14458,UUAUUUUCUGAUAUCAGGUUU,0.809221238,6.080895815,8.630928369,4.072108904,0