21ur-12504,UAAUGUCUUUUUCAACUUUUC,0.539480825,2.764043552,6.504467756,1.437214907,0
21ur-14943,UCUUCUUGCGUGUCAUGUAAA,0,1.105617421,1.438488061,0.119767909,0
21ur-14000,UUUCUCAAGAAGUCCUCAAUU,0,0,0.125085918,0,0.136909669
21ur-10705,UCUGCUUAUUCGGAAUGCAGU,0,3.316852263,1.751202857,0.359303727,0
21ur-15684,AAUUACAAUGUAAUUGCUUGA,0,0.276404355,0.375257755,0,0
21ur-6084,UCGUAUCCAAAUUUUAUACAA,0.269740413,3.869660973,11.00756082,0.239535818,0
21ur-8324,UAAUUGUAUAAAUGAAGAAGU,1.888182888,34.27414005,45.78144613,1.19767909,0
21ur-7184,UUGCAAUUUUCAAAUUCUUGU,1.888182888,11.05617421,19.76357511,5.509323812,0.273819339
21ur-6174,UGUUGAAAAUUAUAAAAAUUU,2.427663714,87.62018061,27.55017353,0.479071636,0
21ur-7605,UAUCUUUCGGAAAUACAUUUU,2.157923301,55.83367976,49.28385185,5.389555903,0
21ur-12177,UGUUCAGAUACUGGUCCUUGG,0.089913471,15.38650911,6.73379194,0.419187681,0
21ur-6345,UGACACUAUCUUUGGAAAUUC,0.539480825,12.43819599,44.65567287,6.946538719,0
21ur-14957,UCUGUGUGACAAAACGUUUAG,0,0.55280871,0.375257755,0.119767909,0
21ur-8210,UUAUAUUAUAUUUCUAGGCAA,21.03975218,375.6335188,224.9044813,54.01532694,0.547638678
21ur-14409,UUCAGAUACUGGUCCUUGGAA,0.899134709,44.68537077,15.11454847,1.137795135,1.232187025
21ur-7336,UCUCGUUAAAUAGUAACUAAU,0,1.658426131,1.876288776,0.119767909,0
21ur-10060,UUCCUCGACUAUUUCGCCAAA,0.134870206,0,1.813745817,0.53895559,0
21ur-14477,UUAUUCUCUCGCCGUGUGCUU,0,0.55280871,1.646964592,0,0
21ur-6039,UCAUAAAUUUCAAUUUGAAUG,0.539480825,9.950556789,3.377319797,0.119767909,0
21ur-14032,UUUCAUUCUUUUUGUUGCCAA,0.134870206,2.211234842,1.063230306,0.479071636,0
21ur-9062,UAAUCAGUGAAUAGAAUGUAA,1.07896165,1.658426131,3.87766347,0.119767909,0
21ur-12294,UGAACACCCAUCUGCCUUUAA,0.269740413,28.74605295,8.130584695,0.479071636,0
21ur-13170,UGGUUUAUUUAACAGGACACU,0,0,0.500343674,0,0
21ur-11926,UUUCAGUUUGAACCGCCGUGU,0,0.829213066,20.88934837,0.419187681,0
21ur-13734,AACAAUUUGUCUAUGAUAAUA,0.539480825,16.0314526,10.38213123,0.239535818,0
21ur-14179,UUGGUUGGUUUCUCUUCUUUU,0,0,0.062542959,0.059883954,0
21ur-5980,UUUGACGUUUCUGAGUAAAAG,0.539480825,6.080895815,9.256357961,1.796518634,0
21ur-12850,UUGGGAUGCUCUAUAUCAGUU,0,0,0.125085918,0,0
21ur-7288,UUAUGUCAGAUGAAAAAAAAA,5.664548665,80.15726302,52.78625756,4.251760768,0.068454835
21ur-8952,UUGUACCUUUGUAGAUUGCUU,0.539480825,8.292130657,42.69599348,2.994197724,0.889912852
21ur-14627,UUAAAUUUUUAAAAAGUUCUA,0.269740413,0.55280871,3.502405715,0.479071636,0.136909669
21ur-10509,UUUUGAUCAAUGUCCAAAAGA,0.539480825,1.105617421,0.875601429,0.359303727,0
21ur-15092,UCAGUCGAAUGAAUUUCAAUA,0.134870206,0,0,0,0
21ur-9663,UCAUUAGUUUGCCGUCUUUCA,4.046106189,136.3594819,86.72623675,2.27559027,0
21ur-11797,CGUUGAACUGUUGCUCCGACA,0.269740413,0,0.500343674,0.119767909,0.136909669
21ur-12596,UUUUUUUUCAGAGAAAAGUAA,0,2.90224573,0.437800714,0.299419772,0.205364504
21ur-6878,UUUCCUUGCUCUUUGAAGUUU,3.506625364,6.080895815,32.27216694,18.56402589,0.821458017
21ur-7100,UGAAAGAAAGAUGCGAUUAGU,0.539480825,16.0314526,22.89072307,1.796518634,0.136909669
21ur-5460,CACACAAACAAUUCAAACCAA,0.539480825,0.55280871,9.131272042,0.119767909,2.190554711
21ur-12993,UUCAUUGUAUAACAACUGCUU,0.269740413,0,2.376632449,0,0
21ur-13338,UCGUUAGGGUUGAUGAGUUAA,0.269740413,1.105617421,0.75051551,0,0
21ur-12426,UAUCCGACAAAAAAUUGUGCG,0,0,0.81305847,0.119767909,0
21ur-6229,UUUGCCUCGUAUUAUACCAGU,0.269740413,47.5415491,29.8955345,0,0
21ur-9332,UAUCAAGAAAAAUACGAAAAA,1.348702063,4.975278394,6.004124083,0.119767909,0
21ur-12782,UUUAGUGUUUGGAAAAAAAGC,0,0,0.250171837,0,0
21ur-12021,UUGAAUUCCAAAUUCAUUACA,0,0,0.375257755,0,0
21ur-6851,UGAAAUCUGCGUUUUUUAUUU,0.269740413,45.60671862,26.5182147,2.994197724,0.273819339
21ur-5715,UCUCAUUAGGAUAUCAUGUUC,0.944091444,12.71460034,36.46254521,1.676750725,0
21ur-13246,UGAUAUUUCGAUGGACUUUGG,0,2.764043552,3.12714796,0.53895559,0
21ur-15360,UACUCCGUGAAGAGUUUCGGC,0,0,0,0.059883954,0