21ur-5791,UUCCUCUAUAUCUCUGACUUU,1.483572269,2.764043552,15.6357398,2.994197724,0
21ur-12799,UUUACAACCACUUGUAGUUUC,0.269740413,1.105617421,0.500343674,0,0.136909669
21ur-7463,UUAAUUUACAACCACUUGUAG,1.888182888,5.528087105,16.76151306,4.431412631,0.410729008
21ur-6072,UUCUAGUAUGAAAAUAAUAGG,0.539480825,17.13707003,7.129897348,0.359303727,0.205364504
21ur-12880,UUGCAAAAUAACUCUCAGUGC,0,0.55280871,0.125085918,0,0
21ur-13034,UUAUUAUGUGAGAGUUUGCGA,0,0,0,0,0
21ur-8664,UGAACUUUUUUAAAAGGGUCU,0.539480825,6.080895815,2.126460613,0.119767909,0
21ur-8444,UUCACGUUGUUUAUUAUCUAA,0.539480825,17.13707003,14.13470878,1.796518634,0.136909669
21ur-8329,UUUUGUUUUUAAUUUUGUCCC,0.809221238,17.68987874,25.64261327,6.108163357,0
21ur-4400,UGCGAAUUGCUUAUUUCCUGA,0,1.658426131,13.38419327,1.916286543,0
21ur-4174,UCAGAUUCGUUUUCAAUCUCA,2.56253392,8.844939368,6.754639593,0.359303727,0.136909669
21ur-1571,UGAUCCCUUGAAUAUAUAUUU,14.83572269,436.7188813,38.90172062,0.718607454,0
21ur-2918,UGCAUUUUGGACAUGUGUUAC,1.888182888,14.92583518,24.76701184,4.431412631,0
21ur-3790,UUCGUCUGUGCUAAUUAUCGU,0,13.26740905,62.35533032,1.19767909,0
21ur-1104,UGCGUGUUCAGUUGCCACUAA,1.348702063,41.46065329,17.51202857,2.036054452,0.136909669
21ur-1572,UGUGGAGACAAUUCUUUCAAA,8.361952791,108.3505073,20.76426245,5.030252176,0
21ur-2373,UUCUGCCAAUAAAUGUUAUGA,24.27663714,476.5211084,1083.369139,62.27931266,0.958367686
21ur-1723,UUCUGUAGAGAAAAACAAAAA,7.013250728,144.8358822,177.1216604,16.76750725,0
21ur-553,UGAAAGAAGGUCAAGUGGGAA,7.552731553,74.07636721,60.04124083,2.515126088,0
21ur-5080,UAACUUCCGCAUUUGUGAAAC,1.888182888,7.739321947,20.45154766,1.19767909,0
21ur-4839,UAGAUGCCUUUAUUUUUCAUU,1.348702063,43.67188813,4.503093062,0.958143272,0
21ur-5304,UGAUCUCUCAGGUGGAAGUUA,7.552731553,92.59545901,125.0233754,6.048279402,0
21ur-3818,UAAAAAUGCUUUUGUUUCAAU,8.092212378,270.8762681,231.7842068,20.95938407,0.821458017
21ur-2826,UAAUUAAUUCAUUGAUGUUGG,6.069159284,45.60671862,208.2680541,48.8054229,0.342274174
21ur-5079,UAACCGUUGUUUUGUCAUGGU,0.269740413,4.422469684,4.002749388,0.838375363,0
21ur-4338,UUAAUGUCGUUGUUUUUGAGC,0.539480825,6.633704526,19.32577439,2.634893997,0.205364504
21ur-4772,UCAAUUUGUGUGCGAAUGUCA,2.967144539,43.39548377,30.9587648,2.634893997,0
21ur-1005,UGAAUGAGCAAAUUAGAAUUC,21.3094926,149.2583518,26.01787103,12.45586253,0.136909669
21ur-1904,UAUUCAUGUUGUAUUUAUCUU,4.046106189,47.26514475,50.40962511,10.18027226,0.068454835
21ur-3253,UGAAAUAACCUUAUUAUCUCC,1.888182888,24.87639197,6.379381838,3.113965633,0
21ur-3291,UGCUUGUUUCUGCCGCUCUUU,3.506625364,89.00220239,164.3628968,6.946538719,0.273819339
21ur-3674,UUCCUGUUUUUUUGUACACAC,1.618442476,29.29886166,30.02062041,5.988395448,0.136909669
21ur-4214,UUAAAUCCAUUUUUUCAUUGA,12.67779939,63.57300171,129.2137537,30.66058469,0
21ur-488,UGCGAAUGGAUUUUAGCUUGA,2.427663714,14.37302647,19.76357511,3.593037269,0
21ur-4541,UACAAUGAUUAAAUAAUGUUA,0.269740413,18.24268745,3.12714796,0.119767909,0
21ur-1113,UUAGCAAUCGUUCUACAAAUU,0.674351032,11.33257857,41.02818123,4.850600313,0
21ur-2594,UGGGUCCUUAGCUUGAUUAGG,39.65184065,555.572754,67.54639593,0.718607454,0.410729008
21ur-2424,UGUGCAUUCACUGUAAUCAAC,0.269740413,7.739321947,10.00687347,0,0
21ur-50,UAUUGUGUUUGCCGCGAGAGA,5.664548665,83.10557614,124.7523559,3.712805178,0
21ur-2007,UGCUUCAAUUUCAAUUUUUCC,1.348702063,60.80895815,73.17526226,5.509323812,0.136909669
21ur-1747,UGGUUCCUGCUAUUAGAACCC,0,1.658426131,0.437800714,0.299419772,0
21ur-2923,UGCUAUUGUCUUUAAUACAAU,19.42130971,891.1276413,75.05155103,5.74885963,0.273819339
21ur-5208,UGGUGCUAUUGUCUUUAAUAC,0,60.25614944,2.501718368,0.359303727,0
21ur-1001,UGUCGAUCCUGCUUUUAUGAG,1.618442476,22.11234842,34.52371348,0.479071636,0.136909669
21ur-1686,UAUGAUUUCGUCAUUUAAGCC,3.236884951,19.90111358,62.5429592,7.545378264,0.136909669
21ur-2409,UACUUGUAUGAUAGCUGUAAU,1.618442476,79.60445431,97.00412971,7.904681991,0.136909669
21ur-305,UACCAAUCUACCAACAAUUCA,0,4.422469684,6.004124083,0.958143272,0
21ur-4457,UGCAAAUCAGAAUAUUAGGAA,4.585587014,16.58426131,140.3464004,1.916286543,0.136909669
21ur-3999,UGCAAUGAAUUGAAUGUUCUU,2.967144539,53.99098406,33.96082684,4.55118054,0
21ur-4749,UUCAGUUAAAGACUUUGGAAA,0.539480825,6.080895815,4.190378266,1.556982816,0