21ur-6990,UUAGCCCGGUUUUCUACUUCG,1.888182888,20.45392229,9.131272042,0.479071636,0
21ur-7340,UCCUCUCGUAACUUUGAAUUU,0.269740413,6.080895815,3.627491633,0.119767909,0
21ur-8612,UUUGAAAGAUGUUUCAUUAUC,0,1.658426131,1.000687347,0,0.136909669
21ur-15331,UAGGAAGACAUAAAUAAUUGU,0,0.55280871,1.125773266,0.059883954,0
21ur-12552,GUGCAUCCGUUUGGCAAUAGA,0,1.382021776,2.751890205,2.155822361,0.136909669
21ur-11609,UGAAAAGAAUAAAAAAAUCUC,0,2.211234842,0.500343674,0,0
21ur-11337,UUUGGUUUUCCAUUGCUUUCA,0,0,0,0,0
21ur-8238,UCACUACGUGGUACAAUAAUA,0,8.844939368,3.252233878,0.119767909,0
21ur-6380,UUCCUAGGUUUGUACUCGAAU,0.809221238,6.633704526,14.63505245,0.479071636,0
21ur-15211,UAUUAUGCCAUUUUCGAUUUC,0,2.487639197,1.751202857,0.179651863,0
21ur-6731,UGUAGAAGUUGAAAAACUAAA,0,16.0314526,76.1773243,0,0
21ur-11015,UUAUAAUUUCUAUACUAAACG,0.539480825,2.764043552,1.876288776,0.359303727,0
21ur-11475,UUAUUUCACAGGAGAUUUUGC,0,2.211234842,3.627491633,0.359303727,0
21ur-8322,UACUUCUUUUGCACUUUGUUC,0.269740413,6.080895815,19.63848919,3.952340996,0.136909669
21ur-6408,UUGAUGAUUCAAUAAAGUUUG,5.934289078,135.9909428,152.7299064,6.587234993,0.136909669
21ur-14225,UUGCACGAUUUCGGUGAUGAU,0.269740413,0.55280871,0.187628878,0.299419772,0
21ur-12849,UUGGGCAUCCAAAUUUUACAA,0.269740413,27.64043552,2.751890205,0.239535818,0
21ur-8183,GAUAUAUUUGAGUGGAAUAAC,0,2.764043552,0.062542959,0,0
21ur-12206,UGUCACAUAUCGGUACGUAAG,0,0,0.625429592,0,0
21ur-12760,UUUCAUGUCUUCGGUUUCAUU,0.539480825,0.460673925,1.167468572,0.119767909,0
21ur-13336,UCGUUCUUUCGUAUAUUUGAC,0.134870206,0,0.062542959,0,0
21ur-8991,UUAAUUUCUUUUGGUAGGUUU,4.585587014,27.64043552,40.52783756,16.16866771,0.273819339
21ur-6543,UUGACUUAAAAUGAAACUACG,2.157923301,5.528087105,14.76013837,0.359303727,0.136909669
21ur-12595,UUUUUUUUCGGUUUCGUCCGU,0,0,0,0,0
21ur-9633,UGCUUGAUUAUUAAAUUGGAU,0,0.55280871,2.626804286,0.718607454,0
21ur-10047,UUGAUGCCCUUCGUUGUCAUG,0.944091444,16.58426131,15.23963439,0.479071636,0.045636556
21ur-14886,UGACCUUCAAGAACAAUGCAA,0,1.658426131,1.876288776,0,0
21ur-8464,UCGUUUUCAAAACUUACCAAA,0.269740413,4.422469684,6.25429592,0.598839545,0
21ur-5897,UAGGAAAGUAUGUAGGAAAGU,0.269740413,3.316852263,5.378694491,0.479071636,0.136909669
21ur-5643,UUUUUCCGUUACGAUAUCAAU,34.52677281,740.7636721,575.1450528,54.49439857,2.46437405
21ur-14187,UUGGUAAAAUCUCUGUCUCUC,0.404610619,0.276404355,0.437800714,0.119767909,0
21ur-14893,UGAAUUCACACAGUGAAGGGC,0,0,0,0,0
21ur-8513,UUUCGAGAUAAAAAAAUGUUU,1.07896165,0,2.126460613,0.119767909,0
21ur-13049,UUAGUUUUCAGUAUAGGCCUG,0.269740413,6.910108881,2.626804286,1.616866771,0
21ur-8427,UUUAACGUUAAUGAAGUCUAG,1.07896165,14.37302647,24.76701184,6.347699175,0.136909669
21ur-10221,UUUGUUGGGUAAAUCGUUAUC,0,4.606739254,7.254983267,1.796518634,0
21ur-14467,UUAUUGGCAUCUCCGGAAAAA,0,0.55280871,1.250859184,0.029941977,0.068454835
21ur-7257,UGGUACUUCGUUUCCGUAUUU,1.07896165,10.5033655,9.381443879,2.036054452,0.136909669
21ur-9119,UUCAUGCCAUUGAAAAUUACU,2.697404126,27.08762681,7.254983267,1.916286543,0
21ur-12554,GGCAAAUCGAUAAAUAUUGCA,0.134870206,0.276404355,0,0.059883954,0.068454835
21ur-6192,UAUUGAAAGAACGGAAGGAUU,0,1.658426131,2.001374694,0,0
21ur-6374,UUUGUUGAUGAUUGAUUUUGU,24.81611796,496.422222,261.9299131,37.12805178,0.273819339
21ur-5468,UCAGAUAAUUUUUACGAAUUA,0,64.12581042,7.067354389,0.239535818,0
21ur-15130,UCAAUCGAUGUCGUUCUUAUG,0,0.276404355,0.312714796,0,0.136909669
21ur-10964,UUCUAUUUGUGAUGGACUCUG,0,2.764043552,0.875601429,0.119767909,0.136909669
21ur-15361,UACUCCACUGUACACCCCCUC,0,0,0,0,0
21ur-7738,UUUAAUCUUUUUUUUAACAAA,9.171174029,341.2672439,53.66185899,14.13261326,0
21ur-13965,UUUGAUCACUACGUGGUACAA,0,0.55280871,0.125085918,0,0
21ur-14510,UUAUAUCAUCAUUCAGAUGUG,0,0,0,0,0
21ur-10473,UAAUAGAAUAGAGUUUGCAGA,0.809221238,8.292130657,6.316838879,0.958143272,0