21ur-13109,UUAAAUCUUCGUUUAUAACAU,0,1.105617421,0,0,0
21ur-6726,UUCUCUUUCCGGUUCUAGAGC,0,6.080895815,10.00687347,0.958143272,0
21ur-6967,UUUCCAUACGCUUCAAGCAAA,0.269740413,0.55280871,7.75532694,0.718607454,0.136909669
21ur-98,UAGUUCAGGUCCUAGUGAAAG,0.539480825,19.34830487,17.0116849,0.479071636,0
21ur-4575,UCAAUAUCUCAGUAGGGAAUC,0.539480825,1.934830487,14.38488061,2.994197724,0
21ur-630,UAACGCUACGCCCUGUUUUCC,0,0,0.250171837,0,0
21ur-3781,UGUGAAGUGAGUUACGAUUUA,4.585587014,55.28087105,26.39312878,6.108163357,0.136909669
21ur-5171,UAAGACAUUAAUAACUUCAGC,0,0,1.501031021,0,0
21ur-3871,UUGAUUCAUCAUUGUUUUCGG,0,0.55280871,1.313402143,0.598839545,0
21ur-2017,UGAGGUUUUUCUUUGUUGUUC,2.697404126,72.41794108,43.15464184,4.311644722,0
21ur-2584,UACAGAUCUUUCACAUAUAGA,3.506625364,14.92583518,83.18213573,2.754661906,0.136909669
21ur-158,UUCACUGACCUCCAAAAAGUG,0,0,0.125085918,0.359303727,0
21ur-4292,UCAAUACGAGGGUGACAAAGA,0.674351032,16.0314526,59.54089715,2.395358179,0
21ur-4680,UCGGUAGCUAAUUUUCGUACG,1.07896165,33.72133134,81.55601879,12.15644276,0.136909669
21ur-1608,UCGCUUACCCAAUUCGAAAGU,4.046106189,25.42920068,140.2213145,10.30004017,0.136909669
21ur-647,UUCAAAGAAUUUUCCAAAUUU,0.269740413,1.658426131,1.125773266,0,0
21ur-2390,UAUUCAUGGUGCAAAACUGGU,0.809221238,3.316852263,17.0116849,0.119767909,0
21ur-1598,UAGAUAGGCAGAAAUUUGAUG,0,0,8.130584695,0.838375363,0
21ur-1692,UAUGUGUUUUGUCAAAUUGUC,0.269740413,8.844939368,14.50996653,2.754661906,0.136909669
21ur-677,UGUUUUCGAAUUGAUCCUGCG,0.269740413,0.55280871,4.378007144,0.119767909,0
21ur-4537,UUCCGAUUCCGACUAGAAGGC,10.25013568,16.30785696,140.5965723,10.24015622,0.136909669
21ur-742,UGUAAUGUAGGUGUUCAGAUA,8.361952791,153.6808215,61.54227185,2.395358179,0.136909669
21ur-3312,UAGAAAGUGGAUGAAGUGGUU,6.743510315,101.9932071,81.05567512,7.784914082,0.136909669
21ur-708,UGGGCUGAUUUUUCGGAAUAA,3.506625364,63.57300171,70.67354389,6.82677081,0
21ur-4393,UGAGUUUAUUGGAGAUUGAAA,6.473769903,110.0089334,73.80069185,8.383753627,2.190554711
21ur-4912,UUGCCUUUUUCACCACUUCGA,15.37520352,851.6018185,574.3945372,42.15830395,1.506006364
21ur-4051,UGAAUCUUUUAAGAAGUAUUG,0,10.22696114,2.439175409,1.19767909,0
21ur-774,UGAUUUUAAUUCUAUCAGAAA,11.05935692,451.9211208,85.18351042,17.00704307,0.136909669
21ur-1730,UGGAAUGGCGAAAAUACAUUA,8.451866262,205.5066381,19.11729786,23.71404597,0.547638678
21ur-4251,UGUGUUCGUAAGUCAGAGAUC,2.157923301,9.397748078,45.90653205,7.784914082,0.136909669
21ur-3357,UGCAACGUAAGGUUAACUACU,6.069159284,25.70560504,35.52440082,2.335474225,0
21ur-236,UGAUUCAUCAUUGUUUUCGGA,0.809221238,3.316852263,1.56357398,1.796518634,0
21ur-3229,UGCUUUUAUCACAUGUGUAAG,16.18442476,454.9615687,61.9175296,18.56402589,0.273819339
21ur-2947,UGGUGAAUCUUUUAAGAAGUA,0.269740413,25.15279633,1.313402143,0.239535818,0
21ur-2575,UUCCACGAAGAGAAAUUUAUG,0.269740413,1.658426131,3.12714796,0.239535818,0
21ur-5145,UUGAGAACAUCUGGUUUUAAU,0.809221238,2.211234842,12.88384959,0.359303727,0
21ur-3235,UCUUAACAAAAAAGCUCGAUC,1.07896165,20.45392229,68.79725511,1.676750725,0
21ur-2760,UUCGUAGUCUACCGUUUUACC,2.427663714,151.4695867,171.8680519,15.92913189,0.273819339
21ur-4636,UAGUUCUAUUCCAUCCAUCUC,6.20402949,12.16179163,52.16082797,7.066306628,0.547638678
21ur-4993,UCAACAAAAAAAAUCAACAAA,3.794348471,29.4094234,20.12632427,0.479071636,0
21ur-3943,UCAUCGGGUUUGUCUCAUUGA,2.967144539,5.528087105,11.50790449,9.581432716,0.136909669
21ur-2693,UUGUAAAUUUGCCUUUAUGAU,58.26392913,2627.499801,1075.738898,78.62763223,0.273819339
21ur-1949,UACGAGGGUGACAAAGAAUGG,36.2800855,390.8357583,692.850902,32.33733542,0.136909669
21ur-2242,UAUUCCCUCGGAGUAAAUAUU,1.888182888,27.08762681,49.03368001,2.874429815,0
21ur-1717,UGUUCUUGGAAUAUUGUUAAC,1.888182888,11.05617421,18.51271592,0.119767909,0
21ur-3394,UUACCUUGUUAUGAUCGAAGA,0.809221238,6.357300171,7.505155103,2.754661906,0.136909669
21ur-12835,UUGUACGGGUCUAGUAUACGU,0,0,0.250171837,0,0
21ur-10948,UUGAUCCAUAAAAAUAGGAUA,0,4.422469684,1.501031021,0.179651863,0.136909669
21ur-14880,UGAGAACAUCUGGUUUUAAUA,0,1.658426131,0.125085918,0.119767909,0
21ur-5925,UGGUCUUUGAGAAAUCCCAAA,1.618442476,22.66515713,8.005498777,0.359303727,0