21ur-12623,UUUUUAUUUUGUCUGAUUCAG,0,0.55280871,0.125085918,0,0
21ur-8583,UAUCUGAGUAUCUCGUUCUUU,0,0.55280871,1.125773266,0.119767909,0
21ur-13740,UUUUUUUUCGGUGUUUCCAUA,1.07896165,29.57526601,11.00756082,2.095938407,0.342274174
21ur-6853,UCUUUUGCGUUUUGGAGCCAU,0.539480825,3.869660973,15.76082572,0.658723499,0
21ur-8109,UUUUUGAUUGAUUCUUACUCA,8.631693204,50.30559266,6.879725511,5.988395448,0.273819339
21ur-11432,UUCUGCAAAAUUCAAGGAUCG,0.269740413,0,0,0,0
21ur-5777,UUAUUUCAUCCAUAAAUCAGA,14.02650146,33.72133134,70.79862981,17.00704307,0
21ur-7648,UGUGAAAAUGAAAAAUAGAUG,0,6.357300171,5.628866328,0.958143272,0
21ur-8191,UUUGAACACCAUACAAUCUUU,0,0.55280871,3.377319797,0.239535818,0.136909669
21ur-15605,CUAGGAACAUUUUAGUCAAAU,0,0.55280871,1.125773266,0.239535818,0.068454835
21ur-14441,UUCAACGGUUUAGUGAAACAU,0,0.55280871,1.250859184,0.239535818,0
21ur-14508,UUAUAUGGAACAUCGAAAAAA,0,1.105617421,0.75051551,0.119767909,0
21ur-14026,UUUCCAUUGAUAAUUGAUGAU,0.269740413,5.666289283,1.125773266,0.119767909,0
21ur-6120,UGAGAAUUUUUAAUUUUUAAA,0.539480825,61.91457558,10.13195939,0.598839545,0
21ur-8601,UUUUUGUAACUCCUCCAAUUU,2.023053095,13.26740905,19.70103215,2.335474225,0.205364504
21ur-5663,UUGUACGGAUUGACUUCGAAA,1.888182888,6.633704526,16.51134123,2.036054452,0
21ur-7347,UAUGGAGAAUGUAUGUAUUGU,0,4.975278394,0.75051551,0.359303727,0
21ur-7181,UUUACGCCUUGGGUUUGUUUU,0,2.211234842,6.004124083,0.598839545,0.136909669
21ur-8776,UAUUUCUAUCUCAUUGUUGUU,0.809221238,1.105617421,6.879725511,1.19767909,0.136909669
21ur-8667,UCUUAGUUAGUAGUAAUAACA,0.674351032,3.040447908,2.439175409,1.976170498,0.136909669
21ur-10751,UAUGAUUUUAGAUGUUGAAAU,0,0,0.125085918,0.239535818,0
21ur-12434,UAUACCGAUUUUUAUUUUUCU,0.539480825,4.422469684,5.128522654,0.479071636,0.273819339
21ur-9455,UGAUUGUACUGCUUUACAGAU,0,4.422469684,6.129210001,0.119767909,0
21ur-6759,UUUUCAAAAAGUGUGAGAUAC,2.427663714,45.88312297,66.42062267,2.634893997,0
21ur-7264,UCUGAAAAUAUCACUCAAUAA,0,0,1.125773266,0,0
21ur-11122,UGAAACGGUAUGAAAUUGUCA,0.539480825,0,0.792210816,0.119767909,0
21ur-10894,UUUCGACAGUACUCAAAAUAA,0.128350737,0.344056546,0.474537865,0.140160519,0.059375
21ur-6269,UAAAUAUGACCGAAAAAAAAA,5.664548665,286.354912,121.3958838,5.868627539,0.273819339
21ur-8118,UUUCUUUUUGUUGUUGAUUUC,0.86316932,13.82021776,12.63367776,2.874429815,0
21ur-14865,UGAUAGUGUCACAUGGUGUUU,1.888182888,29.0224573,5.378694491,0.598839545,0
21ur-9256,UUGCCUUGCAACUUUGAAAAA,0.809221238,18.24268745,12.44604888,0.119767909,0
21ur-13491,UAUUAGAUCGAAGCUCAAACU,0,0,0,0,0
21ur-10449,UAGUUCCUCCGAAAUAGUAUG,0,1.105617421,5.253608572,0.359303727,0
21ur-13470,UAUUGAUACGAGUUUUGUGUA,0,1.382021776,0,0,0
21ur-7749,UUCGAUUACAAUUCUUCUAAA,0.269740413,7.739321947,8.881100206,0.479071636,0
21ur-11481,UUAUUAUAUUUUUUGCAAAAA,0.809221238,21.55953971,6.879725511,0.479071636,0
21ur-14466,UUAUUGUCUUUUGUAUUUCAU,0,0.55280871,2.189003572,0,0
21ur-6305,UUUAAUGGUGAAAAAUCAGGC,0.539480825,4.146065329,19.76357511,0.479071636,0
21ur-6435,UGAACAAAUUGUGAACUUUUU,2.427663714,34.27414005,18.01237225,3.712805178,0
21ur-12336,UCCUGAGUUUUUACACCCCUC,0,0,0.125085918,0,0
21ur-7549,UGUCAUAUUCGUAUUUAACAG,0,1.658426131,3.377319797,0.239535818,0.136909669
21ur-8514,UUUCACAUUGAUAAAGAUUUC,2.157923301,25.98200939,28.39450347,5.150020085,0
21ur-10410,UAUUUAAAUCGUUGUGAAUGA,0,0.55280871,1.626116939,0.239535818,0
21ur-12810,UUGUUUUCAUUUUCAAAAAUU,0,1.658426131,0.062542959,0,0
21ur-13564,UAGAAAAAUAAACUUUUGUGC,0,0,0,0,0
21ur-10723,UCCGUAAUGUUGUAUUUUCCA,0.134870206,2.764043552,0.75051551,0,0
21ur-7109,UUUUUUUCUGGCAUUAAAUGG,1.348702063,5.528087105,19.13814551,1.556982816,0
21ur-8743,UGUUUUCAUUUUCAAAAAUUC,0,8.292130657,2.814433164,1.556982816,0
21ur-9115,UUCCCAACACCGUCCCCCUUU,0,1.105617421,0.625429592,0,0
21ur-15537,UAAAAUCAUCCAACAACCGAU,0,0,1.375945102,0.359303727,0