21ur-10486,UAAAUAUCUUAUCAUGUACUC,0.269740413,3.316852263,6.004124083,0.958143272,0
21ur-7688,UUCCACUCUACCUAGAGACAU,0.269740413,6.080895815,1.313402143,0.239535818,0
21ur-12031,UUCUUGACAAAUACAGCAACA,0,0,0,0,0
21ur-11892,UUUGCAAAAUAUUUCCCUUCA,0.269740413,0,0.375257755,0,0
21ur-14171,UUGUACGCACAUUGGGUAAAC,0,0,0.125085918,0,0
21ur-12951,UUCUAUUGCCGAAAUGGAUUU,0,0,2.126460613,0,0
21ur-15164,UAUUUUAAUAGAAAUCUGAAG,0,0,0,0,0
21ur-14960,UCUGGUUGCUAGGAAAAAUAC,0,0,0,0.119767909,0
21ur-12701,UUUGGCAUAUUCGAAAAAAUC,0,0,0.500343674,0.119767909,0
21ur-14990,UCUAAAAACUGGGAAAAAAGU,0,0,0,0,0
21ur-12373,UCAAGACGAAGAUGAAUCAGA,0.269740413,0,0,0,0.136909669
21ur-13274,UGAAUUCCGAAAAAGCGUCGU,0.269740413,0,0.125085918,1.19767909,0
21ur-15552,UAAAAAGGAAGCGGUUUUGAA,0,0,0,0,0
21ur-14768,UGGCUCAAGCUAUCGAUGAAC,0,0,0,0,0
21ur-13210,UGCGAAAGUUCUGUGAAUUUU,0,0,0,0,0
21ur-10785,UACGAUAAUAAAACUCACCAA,0,0,0,0,0
21ur-15579,GGAAGUUCUCGGAGCAUUUGA,0.539480825,0,0.125085918,0.838375363,0.410729008
21ur-4900,UUGAGCAUCAAUUAUCAUUCU,0.539480825,5.528087105,8.130584695,0,0
21ur-5357,UAGAAUUGGAAGACGAGAAAA,9.171174029,128.8044295,135.9683933,11.61748717,0
21ur-1037,UCCGCAAUAAUUAUGGUUACU,0,1.658426131,5.253608572,0.119767909,0
21ur-2286,UCGGUCGUUGUGCAUAAAGUU,5.12506784,186.2965354,384.5141131,42.15830395,0.136909669
21ur-3336,UAUCUUCGUUUUGGCAAUAAC,24.81611796,130.4628557,385.0144568,75.81308637,1.642916034
21ur-456,UGUGCAAGGAAUCUUAUAUAG,4.585587014,291.3301904,218.9003572,8.503521536,0.136909669
21ur-3261,UGAUCACUAGGUUGACAAAAA,16.85877579,215.7796667,199.4494969,31.85826378,0.136909669
21ur-396,UAGUAAAUUCUGUUGUUUUAC,0.539480825,16.86066567,7.254983267,1.137795135,0
21ur-4014,UAAAAAACAUCAGGCUGGUAA,15.10546311,479.0087476,911.4385444,23.95358179,0.547638678
21ur-1412,UGUUUUGUAAUUGUUCUUGGU,26.29969023,711.7412148,361.8110189,77.25030128,2.875103059
21ur-3208,UUGUCCAGACGGUUGGAUCUC,0,2.211234842,0.375257755,0.718607454,0
21ur-4914,UAGUCUCCAGGCGUUUGUUUA,0.269740413,2.211234842,7.129897348,0.958143272,0
21ur-5224,UGUGACUCUAUAGUCGUUGUA,0,3.316852263,4.378007144,1.556982816,0
21ur-5174,UCAGUAGAAGAAGACUCUCAA,2.697404126,8.568535013,9.506529798,9.820968534,0
21ur-5111,UUGAUGUAAAGAAAGAAAUAG,12.40805898,563.8648847,66.92096634,4.730832404,0.136909669
21ur-3248,UAUGGCACGUCAUUUUAUAAA,53.94808252,983.9995047,57.7896943,52.93741576,0.205364504
21ur-2807,UACAUAUAGCAUCGAAAUGUG,0,0,1.876288776,0,0
21ur-4743,UGCGAACGCUACACUUUCAUG,0,5.528087105,0.250171837,0.359303727,0
21ur-3362,UGUGUGUUUUGUGCAAUUAUA,4.315846602,126.5931947,78.17869899,8.263985718,0.958367686
21ur-1071,UGUCAAUUGCGGGAUAACUUC,0.269740413,6.633704526,8.130584695,0.119767909,0
21ur-5204,UAACUUCGUAAAUUUCUUCGU,10.7896165,12.71460034,50.15945327,8.383753627,0
21ur-5195,UAAUGACAAUGACGUAGAUUA,25.49046899,590.1232985,323.7223568,74.8549431,0.753003182
21ur-1159,UUGCCACAAUUCUGAGAAUCG,6.338899696,15.75504825,20.45154766,2.515126088,0.273819339
21ur-935,UCUAGUUGUGAAUCCUUAUAA,1.07896165,16.0314526,11.25773266,0.479071636,0
21ur-96,UGUGACAAAAUAGGCCAACUA,10.51987609,248.7639197,101.5697657,6.587234993,0.410729008
21ur-5286,UUCGUUUCGGUCCAACUCAAA,0,24.59998762,16.26116939,2.335474225,0
21ur-3458,UUUGUACCGAUUAUUUGUGAC,24.95098817,226.6515713,321.3457243,88.86778844,0.821458017
21ur-4503,UGACUUUGAUCCUUUUUCAAC,22.65819466,333.8964611,128.9635819,34.01408614,1.095277356
21ur-4744,UGACAAUGACGUAGAUUAUAA,6.069159284,88.17298932,84.43299491,20.36054452,0.889912852
21ur-4105,UUGAGUUUGAUAUUUCAUUCC,3.776365777,21.006731,6.629553675,2.395358179,0.136909669
21ur-130,UAAAAAUAGCGUGUAUGUACA,48.01379345,1387.549863,520.6075923,53.89555903,0.410729008
21ur-2499,UAAGAAAACUCGUUUGUUCCA,0.809221238,2.211234842,9.631615716,2.155822361,0
21ur-137,UCCAGUCUCUAAGAACAGUUU,0,2.211234842,3.87766347,0.359303727,0