21ur-14065,UUUAUUUCACCGUUUAAGCAG,0,0,2.126460613,0,0
21ur-9936,UAGGCACUUCAGAGCAAAUAG,0,0,2.251546531,0.239535818,0
21ur-13487,UAUUAUAGUUGGUUUGGGUUU,0,0,0,0,0
21ur-7514,UAUAGUUGGUUUGGGUUUCAC,0,16.58426131,5.378694491,1.317446999,0
21ur-9956,UAAUACCUCUGGGCUCUUUAA,0,1.105617421,1.375945102,0,0
21ur-6701,UUUGCUUUGGAUGUAUGAUAA,2.967144539,33.72133134,28.89484715,9.820968534,0.821458017
21ur-8358,UUCAGUUGUCUCUGUGGAUGC,0.269740413,0,3.12714796,0,0
21ur-9723,UAAACAAUAAUACAUAUGAUU,0,14.37302647,32.02199511,0.838375363,0.136909669
21ur-10842,UUUUUUCAUAUUCAGGUCGUG,0,0,0.250171837,0,0
21ur-909,UUUUUUGGUGCUUUGCAAAAA,2.427663714,374.251497,38.90172062,4.910484267,0
21ur-4478,UGAUAUUUUUGUGUGCCAAUU,0,1.658426131,0.125085918,0.119767909,0
21ur-289,UAGUAACCAAUAUAUAGGCGG,0,0,0.125085918,0,0
21ur-1954,UCAGUCUUUGAACGCAGCAAU,1.348702063,21.006731,119.8323098,7.305842446,0.547638678
21ur-2169,UAAAUGUUAACCAAUACGUUU,1.07896165,13.26740905,2.626804286,0.239535818,0
21ur-2,UGGGAAAUUCGAAUAAUAUAU,5.664548665,53.62244492,47.03230531,2.27559027,0.136909669
21ur-854,UACUUCGAAAAAAUAAAUUCA,18.61208847,71.0359193,239.164276,9.940736443,0.410729008
21ur-2578,UAUUACAUUUGUUUCACACAG,0.269740413,6.080895815,13.75945102,0.598839545,0
21ur-4601,UCCGUAUCUAUAAUGAAUACA,29.40170498,208.6852882,188.0041353,13.17446999,0.273819339
21ur-2621,UGAAAGGCAAAAUAAGGAUAA,6.743510315,130.4628557,231.1587772,4.311644722,0
21ur-4465,UUUCGAAAUGUUCUGUGGUGU,5.12506784,26.81122246,84.93333859,6.407583129,0.410729008
21ur-202,UACCCAAAUAUUCUAAAAAAU,0.809221238,14.37302647,10.38213123,0.359303727,0
21ur-3763,UAAUCGUUUCGAGGAAACAGU,3.506625364,22.66515713,66.23299379,17.72565053,0.136909669
21ur-3123,UAAUCUGUUAACAUCCGAAUA,0.539480825,4.975278394,3.627491633,0.718607454,0.136909669
21ur-4958,UGAGGUUUCAACAAAAUUUGG,16.99364599,307.361643,179.8735506,14.25238117,0.273819339
21ur-4867,UAUCAAUACGUUUUUCUGUAA,0.539480825,8.292130657,3.252233878,0.239535818,0
21ur-1355,UGAAACUCUACUUUCAGGAGG,7.282991141,80.15726302,154.6687381,2.515126088,0.136909669
21ur-4483,UUGAAACUCUACUUUCAGGAG,0.539480825,4.422469684,2.939519082,0.119767909,0
21ur-4415,UCAAGAAUUACGGAUGCCGCC,0,37.0381836,27.39381613,0.718607454,0
21ur-1706,UCUCAUGCGAUAGAAUUAGAC,8.631693204,74.62917592,161.2982918,11.07853158,0.410729008
21ur-2211,UCAUGUAAGCAGUGUGAAAAA,1.07896165,12.16179163,1.375945102,0.598839545,0
21ur-1280,UUUGAAGUCCUAGCAAUUUUA,151.5941119,4798.932416,256.1759609,10.89887971,0.136909669
21ur-110,UUGAAGACUUAUUGAAAAUGU,0.539480825,4.422469684,5.191065613,0,0
21ur-4171,UGAGAAAUUUUGAAUAGAUUU,0.539480825,85.2246762,15.94845459,0.718607454,0
21ur-2377,UACUAUCGCUUGAAUUUAGAA,0.269740413,5.528087105,12.63367776,0.958143272,0
21ur-4703,UUCGAUUCGAGUGGUUGAAGA,36.01034508,370.7503752,510.1629182,95.51490739,0.684548347
21ur-4294,UACCAUUAAGAAUCUUUGCGA,20.50027136,27.08762681,65.41993532,26.88789556,0.821458017
21ur-5762,UCCAUUGUUUGACUAUAAAAA,0.539480825,24.87639197,22.76563715,2.036054452,0
21ur-12332,UCCUUUUCAGUGAGAACUAAC,0,0,0.75051551,0,0
21ur-15045,UCCGUAAUUUCCUUGUUGUUG,0.539480825,1.382021776,2.001374694,0.958143272,0.136909669
21ur-9095,UUGGUUUUUUGUUACAGGAAU,1.618442476,66.88985397,22.01512164,7.545378264,0.273819339
21ur-5668,UCUAUUGAGCGGUCUCAAGUA,0.809221238,0.55280871,9.756701634,1.437214907,0
21ur-6234,UCAUAAUCAAAGAAAAUUUGC,0.269740413,16.58426131,6.504467756,0.598839545,0
21ur-14979,UCUAUUCUAUUGAGCGGUCUC,0,0.55280871,0,0.119767909,0
21ur-5993,UGAUCGAUUUUUUUGCUUUUU,0.269740413,28.46964859,9.443986838,2.155822361,0
21ur-9963,UAAACGUCUCGAAAAUUUGAA,0.539480825,1.382021776,4.878350817,0.718607454,0
21ur-6091,UUCCGUAAUUUCCUUGUUGUU,3.776365777,23.4943702,98.94296145,12.33609462,0.136909669
21ur-11914,UUUCGAUUCGAGUGGUUGAAG,0.134870206,3.132582693,7.692783981,0.658723499,0.136909669
21ur-15432,UAAUGAAUUUUCUGAAUAUUC,0,0,0.250171837,0,0
21ur-5912,UUCUCUUCGACAGACCUGAUA,2.967144539,5.528087105,9.881787553,4.131992859,0
21ur-9880,UCUCUUCGACAGACCUGAUAA,0,2.764043552,2.126460613,1.137795135,0