21ur-14710,UGUCUAGAGUGGGGAUAAGAG,0,0,0.625429592,0,0
21ur-13440,UCAACCAUAGGGUUAUUGCGG,0,0,0,0,0
21ur-9908,UAUUUGGGGUUUCCUAACCGA,0.269740413,2.764043552,3.752577552,0.718607454,0.136909669
21ur-8864,UGGAUUUGAUCCGCGAUUUGA,0,0,0.500343674,0.239535818,0
21ur-12940,UUCUGAUUAUCUUCGUACCUG,0,0,0,0,0
21ur-7495,UUCAGAACUAUUCGACUGCUU,0,0,2.126460613,0.119767909,0
21ur-8251,UAAUUAUCAGGUGAUCAGUCA,0.269740413,4.975278394,11.63299041,0.479071636,0
21ur-13154,UGUAUUUGACCCUUUUUCACA,0,0,0.625429592,0.239535818,0
21ur-14163,UUGUAUUUGACCCUUUUUCAC,0,0,2.501718368,0.119767909,0
21ur-7444,UUUCUGAUUAUCUUCGUACCU,0,0,1.501031021,0.838375363,0.136909669
21ur-11720,UAGUACUGAUCCAAUUUUCAG,0,0,0.250171837,0,0
21ur-11519,UUAAACGGAUAAGUAUUGUUA,0,0,0.125085918,0,0
21ur-14702,UGUGCGAUUGUUCGUAGAACA,0,0,0.062542959,0.119767909,0
21ur-15292,UAUAAAACUCAUCUUCAUGAA,0,1.105617421,0.375257755,0,0
21ur-14175,UUGUAAAAGUAACAUUUAAAU,0,0,0,0,0
21ur-7569,UCACAUUUUAGAUAACUGGUU,0,1.105617421,5.253608572,1.077911181,0
21ur-10439,UAUCAUCCAGUUAAAUAUAAA,4.046106189,27.64043552,39.27697837,2.27559027,0.136909669
21ur-11858,UUUUCUCAUCAACUUACAGGC,0,0,0.250171837,0,0
21ur-5759,UGACUAAUAGUAAGCAAAAUU,0.539480825,9.950556789,7.254983267,0.359303727,0.136909669
21ur-10686,UGACGGCAUAAGUUUGACAUC,0,0,7.505155103,0.718607454,0
21ur-10939,UUGGAUUGUAAAAACAAUGAU,0.269740413,0,0.500343674,0.119767909,0.136909669
21ur-13801,UUUUUAUUCGAGGUUUCAGAC,0,0,0.125085918,0,0
21ur-12798,UUUACACUUGUAGCAACCAAA,3.506625364,0,0.125085918,3.832573087,0.684548347
21ur-15514,UAAAUAUUUACAUUGAAAUCA,0,0,0.125085918,0,0
21ur-11146,UCGAUUAGUAGACAAAACUAG,0,0,0.375257755,0,0
21ur-13771,UUUUUGGAGCUGUCGAAUUCC,0,0,0,0,0
21ur-15129,UCAAUCUAUGCUCAUCAUGCC,0,0,0.125085918,0,0
21ur-15084,UCAUCCAAUUCGUUAGAAAAU,0,0,0,0,0
21ur-11561,UGGCACCGUGAUGUUUUCUUA,0,0,0.125085918,0,0
21ur-14742,UGGUGCUCAAUUGAAUGUUGG,0,0,0.375257755,0,0
21ur-13303,UCUUUCAAAUGAGUUUCAGAC,0,0,0.125085918,0,0
21ur-369,UAAGGCACUGUUCUGUUCAUG,0,0,0.125085918,0,0
21ur-1993,UCCAAUCAUGAAACUACACCA,0,0,0.125085918,0,0
21ur-10606,UUCAAAAACUCUCAUCAAAAU,0,0.55280871,3.002062041,0.239535818,0
21ur-15555,UAAAAAAUUUUCUAAACUGUG,0,0.55280871,1.000687347,0.119767909,0
21ur-14639,UUAAAAUACGAAACAGCAAAA,0,0,0.500343674,0,0
21ur-7008,UAAACAAUCAGAAAAACGGUA,0,5.528087105,9.756701634,0.718607454,0
21ur-15035,UCCUUGUAGACAGAAAAAUGA,0,0,0.125085918,0,0
21ur-15057,UCCCAGAAAAAUGUUGAGUUU,0,0,0,0,0
21ur-12830,UUGUCCCUGUUAUUGCCCCUU,0,0,0,0,0
21ur-13658,UAAAUAAAAAUUGGAAUGGAA,0,0,1.250859184,0.119767909,0
21ur-9478,UCCCGUUGACUUUCAGAAUUG,0,0,0.125085918,0,0
21ur-12255,UGCAUACGAAGGUGGCGGCUG,0,0,0.125085918,0,0
21ur-10817,UAAACUGUCAAUUAUAUCUUC,0,0,27.51890205,0.239535818,0
21ur-1430,UUGGCACUCGCGAACACCGCG,14.83572269,2.211234842,21.51477796,1.676750725,1.642916034
21ur-1860,UUCUAUGUCGACAUUGUCAGC,0,0,11.38281857,0.598839545,0
21ur-3329,UGAACUUUAAAUACAAUUUCC,0.269740413,8.844939368,2.876976123,0.239535818,0
21ur-1994,UUGAUCUGCCUCUAUACUAAU,0.269740413,10.5033655,2.376632449,0.119767909,0
21ur-3581,UACGAUGGAUAUUUUGUUGGU,6.20402949,55.28087105,46.40687572,4.191876813,0.136909669
21ur-838,UCACUAGACAGUAUUUUAUGG,0,2.211234842,14.2597947,3.113965633,0