21ur-2941,UUAUUGUCCUUAUUCCACCGA,0,2.764043552,4.127835307,0.958143272,0
21ur-2647,UGAGAGAACGCAAUUGAUACA,0.269740413,15.29437432,8.193127655,1.257563044,0.273819339
21ur-1746,UUCCAGACACACAGAAGGAAG,12.13831857,39.5258228,50.82657817,14.37214907,0
21ur-57,UAUGUAGUCCGAGAUCAAUGA,5.12506784,7.186513236,11.50790449,4.790716358,0.684548347
21ur-114,UGAGUAAUUAAAAGACAGAAG,0.269740413,17.68987874,24.01649633,0.119767909,0
21ur-4684,UAAAAUAGCUGUAGAAAAGUU,0.269740413,1.658426131,4.62817898,1.077911181,0
21ur-5110,UUCCAUUACCGUUGAAUGCAU,0.269740413,6.633704526,54.66254634,0.718607454,0
21ur-4888,UGGUUUAUGGACUUAACUUCA,1.618442476,23.21796584,3.627491633,1.437214907,0.136909669
21ur-2795,UCAAAUUGUUGAAUUAAACAA,2.967144539,80.71007173,40.90309531,2.81454586,0
21ur-5136,UCGAAAUAAGAUUGCAUUAGC,0,12.71460034,32.77251062,1.437214907,0
21ur-144,UCUGCAAAUCACACUAUCUGA,0.539480825,9.950556789,20.3890047,1.19767909,0.273819339
21ur-276,UUCAACGUACAUAACUUCCUU,0,0,11.25773266,0.239535818,0
21ur-4198,UCAAUACAUUGAUGUUGGCAC,17.26338641,82.36849786,335.730605,160.0099264,3.012012728
21ur-5398,UAUUGAGAGAACGCAAUUGAU,0.269740413,2.579773982,0.375257755,0,0
21ur-593,UCCCAGAAAGUGCACAUAUGC,0.269740413,27.08762681,32.02199511,1.437214907,0
21ur-3587,UCCCGUGACUUUAUGAUGUUU,2.967144539,29.85167037,124.210317,19.28263334,0.136909669
21ur-3685,UACAGUUAGAGAAGCAUUAAC,0,0,1.250859184,0.718607454,0
21ur-2910,UGCAGUUAAGGCUAUUAUUUC,0,2.211234842,3.002062041,0.119767909,0
21ur-4241,UCAGCCGAGCCGUUUUUGAUG,0.269740413,2.764043552,20.3890047,0,0
21ur-2112,UGUAUGCGGUUGAUUUUGAGG,1.618442476,7.739321947,10.63230306,0.838375363,0
21ur-2335,UGGACUGAAAAAAGGCCCAGA,0.809221238,0.55280871,4.378007144,0.359303727,0.136909669
21ur-3004,UAGUACCGUGAUUUGAUUUGG,3.776365777,6.633704526,37.15051776,24.61230529,0.273819339
21ur-5118,UGGCACAAUUGUAUUCAAUUU,4.855327427,18.24268745,16.07354051,0.389245704,0.068454835
21ur-2665,UCAAUCGUGUUCUCCAUGAAU,1.618442476,0,1.501031021,0.479071636,0
21ur-2763,UGAAAUCGUAAUUUCUUCUGG,0.269740413,0.55280871,0.250171837,0.598839545,0
21ur-4920,UCAUCGAGAAAUAACAUUUAC,3.506625364,11.05617421,81.68110471,5.269787994,0.136909669
21ur-632,UAGAACAUGCAGCUAUGAUGA,0.269740413,2.211234842,10.63230306,2.036054452,0
21ur-3450,UCGAGCCGUUUUUAAUGUGCC,0,0,0.125085918,0,0
21ur-13449,UAUUUUGAUUGAAAAAUUUCA,0.067435103,2.948313123,0.125085918,0,0
21ur-14473,UUAUUGAGAGAACGCAAUUGA,0,0,0,0,0
21ur-10467,UAAUUCCAGACACACAGAAGG,0.539480825,0.55280871,2.04307,0.598839545,0
21ur-7562,UCUAUGAAGAAAAUCUAUUGG,2.967144539,32.06290521,80.05498777,13.77330953,0.136909669
21ur-15679,ACAAUUGUAUUCAAUUUAAAA,0.539480825,12.71460034,1.438488061,0.149709886,0.479183843
21ur-15382,UACCGUGAUUUGAUUUGGUGC,0,0,0.125085918,0,0
21ur-14683,UGUUCUGCCUAAAAAAAAUCA,0,4.146065329,0.125085918,0.119767909,0
21ur-11260,UAAGCAAUUGUGGAAGCAGUG,0,0,0.125085918,0,0
21ur-6964,UUUUUAGUUGGUGGUGAAAAA,0.269740413,32.61571392,24.26666817,3.832573087,0
21ur-6513,UCGUUAUCGGGGUUUCACAAA,0,5.528087105,10.00687347,0.718607454,0
21ur-13218,UGCCAAUUAAAGUUCCAAAAA,0.269740413,0.55280871,1.250859184,0.119767909,0
21ur-9877,UCUUAUUUCGAUCAAAAAAUA,0,2.764043552,1.375945102,0.359303727,0
21ur-8563,UCUUAUUUUGGGGUCAGUGUU,0.539480825,28.74605295,15.44811092,0.479071636,0
21ur-15416,UAAUUUAAAACGAAGUUUAGG,0,0.55280871,0.625429592,0.479071636,0
21ur-6262,UGGGCGUACAGUUUGAACUUC,0,0,0,0,0
21ur-7920,UCAGUCGAGCCGUUUUUAAUG,0,11.60898292,7.880412859,0,0
21ur-7795,UUCAGUUAAGCAUUGCCAAUU,0,2.211234842,4.127835307,0.239535818,0
21ur-7303,UCAUUUCUUAUUUUAGAAUUG,0,0,0,0,0
21ur-6507,UUAUUAGAAAACCGGCUCUCA,0.269740413,2.764043552,8.630928369,0.958143272,0
21ur-15549,UAAAAAGUGGAUCCGUGCAUC,0,0,0.125085918,0,0
21ur-14913,UGAACACUAUAUGUUUUGAAA,0,4.975278394,0.125085918,0,0
21ur-11450,UUCAUGCGCAACUCUUCAUGA,0.269740413,1.105617421,2.751890205,0.359303727,0