21ur-5823,UUCCAUGCUAUCUGACUUGAG,0.269740413,2.764043552,4.002749388,1.556982816,0
21ur-15502,UAACAAGAUAUUAAUUUGAAA,0,0,1.125773266,0,0
21ur-10570,UUGGACUAAAUAUAAUUAGAC,0,2.211234842,2.251546531,0,0
21ur-13873,UUUUCCGUUCAAAAAAAGUCA,0,0,0.250171837,0,0
21ur-8461,UCUCUCGAUCGUAAACAUUAC,0,0,3.002062041,0.359303727,0
21ur-14680,UGUUGACGUACGUGGUAAAAU,0,0,0,0,0
21ur-15647,CACAAUAAGUCAUGUGAUUGA,0,0,0,0,0
21ur-15484,UAAGAAUGAAUAGAAGCGACU,0,0,0,0,0
21ur-12718,UUUGAUCAUGAACCGUAAAAU,0.269740413,0,0.875601429,0.119767909,0
21ur-6657,UCCACCUUCAUUGCGUACAGU,0.269740413,0,3.627491633,0.239535818,0
21ur-12161,UGUUUCUUCAAUACAGUUAAU,0,7.186513236,1.000687347,0.239535818,0
21ur-7473,UCAGUCGUUCAGUCCAACCAA,0.809221238,0,4.002749388,0,0
21ur-7908,UGAUAAAAACCAUUCUGCUUC,0,0,2.626804286,0,0
21ur-11884,UUUGUUGACGUACGUGGUAAA,0,0,0,0.119767909,0
21ur-8182,UAAACCAUUGGUCCCCGUUUA,0,0.55280871,1.125773266,0,0
21ur-11403,UUGCAUAUGGAUUAGGCGUCA,0,0.276404355,1.188316225,0,0
21ur-14775,UGGAUUUCUAUUAGCCAGAUU,0,0,0,0,0
21ur-11294,UUUUUUCACUACUGCAGCUUC,0,0,1.375945102,0,0
21ur-6055,UAAGCACAAUAAGUCAUGUGA,1.348702063,6.080895815,21.01443429,1.077911181,0.136909669
21ur-6394,UGUAUAGAAGUCCGGAUGAUC,0.269740413,3.869660973,6.754639593,0.479071636,0
21ur-11007,UUAUGCUUGUUUUGUUCGGUA,0.269740413,0,0.250171837,0.119767909,0
21ur-8330,UUUUGUUGACGUACGUGGUAA,0,3.316852263,4.252921225,0.479071636,0
21ur-13265,UGACGUACGUGGUAAAAUACA,0,0,0.125085918,0.119767909,0
21ur-14537,UUAGUACCGCUUCCCACAAAU,0,0,0,0,0
21ur-6875,UAAACUGCAGUUUUAUGAGUC,1.07896165,0.55280871,6.129210001,0.598839545,0
21ur-13554,UAGAGGUUUAAUUAAUUCAGC,0,3.316852263,0.250171837,0.119767909,0
21ur-12302,UCUUUUCUCAUUUUACGGUUC,0,0,0.875601429,0.119767909,0
21ur-13538,UAGUCAAUUGGCAUUACGAUU,0,0,0.375257755,0.119767909,0
21ur-7352,UACUGAAAUCAUGACACUAUU,0,0,3.87766347,0.239535818,0
21ur-15420,UAAUUCCAAGUUAUCUUGUUU,0,0,0,0,0
21ur-14310,UUCUUCAUAGAGUAGUUAGAU,0,0,0.250171837,0,0
21ur-7169,UAACACAGUAUUAUAGGAAAC,0.269740413,7.186513236,16.76151306,1.317446999,0
21ur-8058,UUUAGUACCGCUUCCCACAAA,0,0,1.876288776,0.119767909,0
21ur-13556,UAGAGCAAUUGAAUAUUUUCU,0,0,0.500343674,0,0
21ur-5798,UCGAUUAAUGCCUCUACAAUU,0,17.13707003,4.753264899,0.598839545,0
21ur-6319,UGCAUAUGGAUUAGGCGUCAU,0.269740413,0.276404355,3.064605001,0.119767909,0.136909669
21ur-10184,UAACUCGUUAGUCUUCCAAAA,0,2.764043552,3.627491633,0.598839545,0
21ur-14054,UUUCAAAUUUUGAAUCGAACU,0,0,0.375257755,0,0
21ur-7229,UCUUUUUCGAAUUACCUAGGA,0.539480825,1.658426131,1.501031021,1.19767909,0
21ur-12242,UGGAAAAACAUCCGAAUUGCA,0.269740413,0,0.625429592,0.239535818,0
21ur-14426,UUCACAGCAAAAAUGUUUUUC,0.269740413,1.105617421,1.751202857,0.239535818,0.136909669
21ur-6672,UUCCCUUUUGGCCUGUUGUAU,0.269740413,60.25614944,39.02680654,2.155822361,0.136909669
21ur-12904,UUGACAUCCAAGUUAUCAUGG,0,0,0,0,0
21ur-10331,UGUAUUUAUUACAAACCCUAA,0,4.422469684,0.250171837,0,0
21ur-9294,UGCCACUGCAUUGCUAUAUUA,0,6.080895815,5.378694491,0,0
21ur-6629,UUUGAAAGGUUGUCAAUGCUC,0.539480825,3.869660973,24.01649633,3.832573087,0.410729008
21ur-6826,UGACAUCCAAGUUAUCAUGGC,0,0.55280871,0.75051551,0.239535818,0
21ur-7693,UGUUGUACUCCAAAAGCAAUA,0,0.55280871,1.375945102,0.119767909,0
21ur-12029,UUCUUGUAAUCUUUAUUGUCU,0,0,3.627491633,0.479071636,0
21ur-9318,UCCUAAAUAUGCAAGUUUUGC,0.539480825,2.211234842,1.626116939,0.119767909,0