21ur-3948,UGCAGAUAUAUUUUUAAUGCA,0.539480825,143.7302647,3.12714796,0,0.136909669
21ur-528,UGAAUCUUCAUUUGCGGUUGA,44.50716808,102.8224202,243.5422831,93.05966526,1.369096695
21ur-792,UUAUGAUCUGACAACUCGUUU,0.269740413,0,1.626116939,0.359303727,0
21ur-4911,UAAUACUGAACUAAUUAUACA,5.259938046,66.33704526,55.91340552,2.036054452,0.273819339
21ur-295,UAUUGUAUCGAAUGAAAUUUG,2.967144539,19.90111358,26.45567174,8.383753627,0.068454835
21ur-177,UGGAAUUGACAAUUUUUCUCA,0.539480825,2.211234842,0.875601429,0.479071636,0
21ur-3499,UUGUACUCCACUGAGGAAAUU,0,1.658426131,2.751890205,0.838375363,0
21ur-1399,UCAAUAUCCAAAAAAACUGGC,2.697404126,12.71460034,77.80344124,9.76108458,0.136909669
21ur-3435,UUCGUAUGAGUGCUUAACUUA,4.315846602,129.910047,93.06392328,5.389555903,0
21ur-4449,UUCCAACCACACAUUAGCAUA,0,2.211234842,5.378694491,0.239535818,0
21ur-383,UUGUUUCAGGAUUGUAGGUUU,10.25013568,266.4537985,208.39314,24.97160902,0.479183843
21ur-2886,UCUAUUGACAAUCUCCAAAAU,0,9.950556789,3.002062041,0.359303727,0
21ur-1547,UACGGUCGAUCUUGUUUUAGG,7.552731553,139.9527385,200.2000124,35.87048873,0.410729008
21ur-2643,UUAAUUCGUUUAAUUCGUCAU,0.539480825,1.658426131,9.256357961,2.754661906,0
21ur-243,UAUUUGUGUGCCGUCGUUGGU,0.809221238,2.487639197,3.064605001,1.018027226,0.136909669
21ur-210,UAAGUCACCUAAAACUACUUU,0.269740413,2.764043552,12.75876368,0.359303727,0
21ur-150,UAUAGUACCUUGCUGAUGUGA,0.269740413,7.186513236,13.88453694,1.796518634,0
21ur-3119,UGCACAGGAGCAGCUUAUUGU,0.539480825,1.658426131,5.879038164,0.479071636,0
21ur-1501,UAAUCUUUUCAGAAAACAAUC,0.269740413,0,2.501718368,0.239535818,0
21ur-721,UAUAAGAGACAUUUCGAAUCA,6.473769903,18.79549616,43.90515735,10.89887971,0
21ur-3695,UUAAUCGAAGUUCGUGGUAUU,7.013250728,78.77524125,195.3216616,33.89431823,0.273819339
21ur-4259,UAUUUCACACGCUCCUUAACA,1.07896165,18.5190918,13.50927919,0.359303727,0.068454835
21ur-3082,UACAACUAUGGCUAAACUAAU,1.348702063,62.46738429,71.79931716,1.317446999,0.136909669
21ur-2267,UAGUUAACUACAACUGAAUGC,0,0.276404355,0.500343674,0,0
21ur-3803,UCGGAAAUCAUUAAAAUAAAA,0.269740413,3.316852263,2.501718368,0.119767909,0
21ur-363,UGAGUACAGCUCACAUUCAAA,26.97404126,120.5122989,81.80619063,13.89307744,0
21ur-353,UGCAUUGGGAUUUGCUUUCUU,4.855327427,26.5348181,74.92646512,4.850600313,1.369096695
21ur-3632,UCACUACAAUCGAAACAACUA,2.697404126,59.70334073,110.9512096,5.988395448,0.136909669
21ur-446,UUACAGAAUAAUUGCUUCGAU,52.86912087,45.33031426,159.2969171,13.95296139,0.410729008
21ur-1587,UGCUGAUUGAACAUUUCAAAA,7.282991141,98.95275918,10.13195939,7.904681991,0.136909669
21ur-1720,UAUUGGUAUCCAUGUGUUAAA,2.427663714,49.19997523,20.20137582,2.27559027,0
21ur-1709,UGGAAUCCAACGUAUCUAAAU,0,0,0,0.239535818,0
21ur-379,UGUAACAGUGGCAUGAGAUGU,3.506625364,23.77077455,56.78900695,2.215706316,0
21ur-16,UAGUGUAGAAAAGUGGUUGCU,55.29678459,739.7501894,648.8206587,105.5754117,1.711370868
21ur-1685,UAUUGAUCUAAUCGUGGCCGC,0.269740413,0.55280871,4.252921225,0.479071636,0
21ur-4238,UAGACUACAGAAAUAGAUUGG,9.710654854,78.49883689,198.3862666,56.53045303,0.547638678
21ur-4557,UAUGUGGAGUAAUGGUUGAUG,53.13886129,396.9166541,214.7725219,57.60836421,2.190554711
21ur-1121,UAACCUACCUGAAUCUGCAAA,4.990197633,898.0377502,215.2728655,47.90716358,0.547638678
21ur-2574,UGAGCGAAUAUCAUUAUUGAU,8.361952791,163.6313783,71.67423124,11.85702299,0.273819339
21ur-4140,UGCUGUUUCAACCAAUGAAAU,0,0,0,0,0
21ur-1287,UGAUUUUAACUUUAUUAUCUU,0.269740413,80.15726302,17.26185674,0.718607454,0.136909669
21ur-450,UACAUCGCAGUGAAAGUACCC,0.539480825,2.211234842,5.003436736,0.718607454,0
21ur-5232,UAACACUAUUGCAUUAUGGGG,0.009990386,0.55280871,1.255862621,0.119767909,0
21ur-2273,UCCUAUCCUGAUUAUUGGUCA,146.8736547,1297.442044,1991.868164,282.0534256,1.026822521
21ur-2523,UGGCAUUGCAAAAUCUAGGGU,20.09566074,101.4403984,243.5422831,41.14027673,0.136909669
21ur-2342,UCUUCGGUUGUUGUGAAGAAG,0.269740413,2.211234842,6.629553675,1.437214907,0
21ur-4838,UUGGUCAAAGAUAUUGUAAGG,25.35559879,1218.666802,1241.602826,90.66430708,1.437551529
21ur-2201,UGGGUUUCGAUUCCCUUCAAA,4.585587014,51.41121008,2.626804286,3.353501451,0
21ur-4777,UCCUUUUUUUUCGAUACCUUC,2.157923301,76.28760205,599.286635,12.21632671,1.095277356
21ur-5443,UAGUGAGUUGUUAAAACAGUA,8.901433616,61.36176687,80.11753073,16.76750725,0