21ur-5825,UGCAUUUUUUGCUCCAAAAAA,10.51987609,193.4830487,60.79175634,2.036054452,0.273819339
21ur-11142,UCUACAAAUUAUACCGAAAAA,0,0,0.375257755,0,0
21ur-6783,UUUUCCUCUGCCUGUUUUUAG,2.697404126,254.8448155,110.4508659,3.712805178,0.136909669
21ur-11052,UGUUUCUCAGAAAAAUUGGUU,0,0,3.87766347,0.119767909,0
21ur-6681,UAACCUUCCAUUUCAAUCAGA,0.269740413,0.55280871,7.00481143,0.119767909,0
21ur-12202,UGUCCCUUUUGCCAAUUUGCA,0,0.55280871,2.376632449,0.239535818,0
21ur-14322,UUCUCUUUAACUUUUUAGUCA,0.809221238,3.316852263,1.813745817,0.958143272,0.205364504
21ur-5608,UAACUAGGGACAGGGCAGUUU,4.855327427,118.8538728,127.0872931,2.155822361,0.136909669
21ur-6544,UUCUGAAGACAUUUUGAUUGG,0.809221238,1.382021776,3.189690919,1.497098862,0
21ur-7136,UUUUUAGCUCGAUUUUCACUU,7.822471966,26.5348181,58.03986613,14.7314528,1.232187025
21ur-10493,CUUUUAGAAUACUGUGGAAAU,0,0,0.125085918,0.059883954,0.068454835
21ur-7766,UCAGUUAAAGACUUUGGAAAA,0.269740413,2.211234842,1.938831735,0,0
21ur-8368,UGUUUGGACUAAAUUUAAAAU,4.315846602,75.18198463,47.40756307,6.108163357,0.136909669
21ur-11593,UGAGUAGGUAUUAUCGUGAUA,0,0,0,0.059883954,0
21ur-15564,GUUUGAUUUCAAAAUCGGGAU,0,0,0.125085918,0,0.068454835
21ur-11127,UCUUUUCACCACAUUUAAUUG,0.269740413,9.950556789,5.628866328,2.634893997,0.273819339
21ur-7384,UCUUCAAAGAUUGAAUUUUCC,0.809221238,17.13707003,35.27422899,3.712805178,0.273819339
21ur-10140,UAUUCAUUAAAAUUUCACAAA,1.07896165,21.83594406,10.8824749,0.838375363,0.136909669
21ur-9022,UCUUCGUUCGGUCCAAAACAA,0,9.121343723,8.005498777,1.976170498,0.068454835
21ur-13339,UCGUCUGUGCUAAUUAUCGUA,0,0,0.687972551,0,0
21ur-11215,UAGCAAGUUUACAAAUUUUUC,0.539480825,7.739321947,10.75738898,1.916286543,0
21ur-5629,UCACUUAAACAUUAUCGAGUU,0.539480825,9.121343723,11.57044745,4.131992859,0
21ur-13522,UAUAUUUUGAGCUCUAUUUGA,0.809221238,0,3.377319797,0.359303727,0
21ur-8928,UUUUUUCAUGGAGUUUCUCAU,5.664548665,12.71460034,24.14158225,2.515126088,0.273819339
21ur-5983,UUCCUGGUCCGACUUAAACCU,1.07896165,22.66515713,6.25429592,0.838375363,0.136909669
21ur-11715,UAGUCUCCUUUCUUUCUAAUU,0.269740413,13.26740905,12.44604888,1.437214907,0.273819339
21ur-6857,UAGUUCGUAAAAAACCCAAAU,5.934289078,57.49210589,105.1972574,4.790716358,0.684548347
21ur-11436,UUCUCGUGGAAUAAAUUCUAG,0.269740413,0,0.250171837,0,0
21ur-12377,UAUUUUGUGAUUAAAUGUAGC,1.348702063,36.48537489,46.9072194,3.832573087,0
21ur-8617,UUGUUUUGCAUAGUUGAAACA,0,0,0,0,0
21ur-11038,UUAAUACAUCCUUCUAAUCCA,0.269740413,6.633704526,9.256357961,0.838375363,0.342274174
21ur-9138,UGUCCCAACUGCUGCAUGGAC,0.809221238,7.739321947,2.501718368,0.239535818,0
21ur-13124,UGUUUGAAGAUCACGAUGUUC,0.269740413,0,0,0.239535818,0
21ur-9286,UGUUCUUAGCAAUAUGAAAAA,0.539480825,17.13707003,11.00756082,0.718607454,0
21ur-11091,UGCUAGGGUAGGGUUUCGCAU,0.539480825,0,3.502405715,0.119767909,0.205364504
21ur-7253,UUCGACGAUUGUUGUUCUCAA,0.944091444,6.357300171,2.501718368,0.898259317,0.136909669
21ur-13703,CGAAUGCACGCCGAGAAGGAU,0,0,0,0,0
21ur-10027,UUUACUGGUGUCGAUUUAAAU,2.247836772,18.61122659,12.63367776,0.239535818,0
21ur-14268,UUGACCCGCAAUGAUUUCUCC,0,0,0.062542959,0,0
21ur-7790,UUGACACUUUGGAUAGAAAAU,0,7.186513236,18.88797368,1.437214907,0
21ur-9271,UUAUUAUGGGAUUUGGUUUUU,0,16.58426131,7.254983267,0.119767909,0
21ur-12172,UGUUGAAAAAUAAAGUACUGG,0.539480825,20.45392229,17.63711449,0.598839545,0
21ur-11049,UUAAAAAACUUUUUUUAAAAC,0.269740413,7.048311059,0.562886633,0,0
21ur-6057,UUUCAAACAGGAUGAAAAUGA,3.64149557,55.28087105,40.84055235,7.48549431,0
21ur-6416,UAUUGGACACUAGUGAAUUAU,1.348702063,9.397748078,13.00893551,0.598839545,0
21ur-10441,UAUAUAUUCCAGAGUAGGGAG,0.269740413,1.658426131,2.251546531,0.239535818,0
21ur-12914,UUGAACUCUUGGUCUACGUUU,0,3.0865153,6.441924797,0.239535818,0
21ur-9109,UUCUUGAUUUUCUAUGAUUAA,0.539480825,11.33257857,2.751890205,4.371528677,0.342274174
21ur-8904,UAUUCUCAGAUGGUAUUUGAA,1.618442476,31.32582693,28.45704643,1.916286543,0
21ur-11957,UUUAAUAGGCAAUUCUUAAUC,0,0,0,0,0