21ur-15018,UCGAUUCGUCGUGUGUAGUUU,0,0.276404355,0,0,0
21ur-15335,UAGCACUUUCGGAAAACAAAA,0,0.55280871,0.625429592,0.359303727,0
21ur-10282,UUCCGCUGAAAAAAUGACAAU,1.07896165,5.528087105,13.50927919,0.359303727,0.821458017
21ur-6163,UUCCCUUCACGAUAACACAUC,2.427663714,25.98200939,8.505842451,3.233733542,0.136909669
21ur-14195,UUGGCGAUCAAAAUAAAAUGA,0,0,0.75051551,0.119767909,0
21ur-11744,UACAAUUUUUAAAAAUUAACA,23.4674159,17.13707003,8.380756532,12.21632671,0.273819339
21ur-13020,UUAUUUUUAUGUAUAUUCGAA,0,0,2.001374694,0.119767909,0
21ur-12926,UUGAAAAAAGUUAAAUGCAGA,0.269740413,2.764043552,4.252921225,0,0
21ur-15439,UAAUCGACCUGAACUCAGAAA,0,0,0.75051551,0.119767909,0
21ur-7387,UCGAUUUUCAUAUAUCUUACA,2.427663714,28.74605295,21.26460613,4.55118054,0.136909669
21ur-10652,UGUCAUUUCCAUAUUUCAUUC,0.269740413,0,1.876288776,0,0
21ur-8248,UAGAUACAUUUCAGAUCAUUA,0.539480825,3.869660973,8.130584695,3.233733542,0
21ur-14040,UUUCACUGCACUCGAACUCAC,0,0,0,0,0
21ur-6654,UGAAGAAAAAUGCACUGGAAA,2.967144539,6.080895815,3.690034593,0.658723499,0
21ur-5930,UGGUUGGUUUCUCUUCGCUUU,0.269740413,1.658426131,1.876288776,0.359303727,0
21ur-9494,UAUUCCUCGACUAUUUCGCCA,0,0,3.002062041,0.598839545,0
21ur-11446,UUCCUGUUUGGUAUUUUUUUU,1.888182888,4.422469684,7.129897348,6.707002901,0
21ur-8143,UGUUAAUAAGUGUGAGGGUAU,0.539480825,14.37302647,5.879038164,0.399226363,0.136909669
21ur-6517,UCAUAAUAAUAAUAAUGUGAA,0.539480825,12.71460034,1.125773266,0.239535818,0.136909669
21ur-7689,UUCAAUCCUAGUUCCUAUUUU,3.236884951,112.2201682,113.2027561,4.072108904,0.273819339
21ur-5928,UUCUUGCACUACCAAGGAAGU,2.427663714,118.301064,70.92371573,2.754661906,0
21ur-10700,UCUUCGUUGCAAGCUCAUUUU,0.269740413,0,87.81031471,1.556982816,0
21ur-12911,UUGAAUACUGCCUUUGUGAAU,0.269740413,12.16179163,4.565636021,0.059883954,0
21ur-11816,UUUUUUCAGAGAAAAGUAAAA,0.269740413,3.040447908,1.125773266,0.179651863,0
21ur-11905,UUUCUUCAUUGGGGGGUCGAA,0,0,0.375257755,0,0
21ur-5600,UGGUAAAUCAUAUUCAAAAAA,2.427663714,21.55953971,7.380069185,1.077911181,0
21ur-10299,UUAUUGAGCCCAACACAACUG,0,4.422469684,1.876288776,0.239535818,0
21ur-9128,UUACGUUCGUUUUUUUUAACU,0.269740413,0.55280871,1.250859184,1.077911181,0
21ur-11225,UACUGCAUUCCGAAUAAGCAG,0.269740413,0,0,0,0
21ur-6465,UUCAUCUUUGAUUCUUUGACU,1.618442476,14.64943083,28.14433164,4.730832404,0.136909669
21ur-7515,UAGGCAUUCAUCGGCUUUGGU,0.269740413,0,3.439862756,0.179651863,0
21ur-10319,UUAAAUGUUGGACAACGUGUG,0,0.829213066,3.690034593,0.53895559,0.136909669
21ur-10973,UUCGACCUAUAAACCUUUGUG,0,1.934830487,7.630241022,0,0
21ur-8270,UUGUCAUUUUUUUUCAUUCAG,0,1.105617421,5.753952246,0.239535818,0
21ur-13019,UUAUUUUUGUUGAGCGAUGUA,0,0,0.125085918,0.119767909,0
21ur-5534,UCAGCAAUGUUUUUUUUUCAA,0.269740413,22.66515713,20.76426245,0.718607454,0
21ur-7759,UGAACAGUGAAGCAGAACUUU,0,7.739321947,0.250171837,0.119767909,0
21ur-10790,UAAUUUAUUGAAAAAAACUUU,2.157923301,35.93256618,20.01374694,2.994197724,0
21ur-10978,UUCCACAUAGUAUAUUUAGAA,1.07896165,8.292130657,4.127835307,0.838375363,0
21ur-11342,UUUGGCUAAUGGGUUUUUCCU,0,3.316852263,2.751890205,0.479071636,0
21ur-13736,UUUUUUUUUUGGUAUCACUUU,0.809221238,28.19324424,26.64330062,4.311644722,0.136909669
21ur-11928,UUUCAAAUUGAAAUUGAUUAA,0,0,0,0,0
21ur-12476,UACUUCUAUCCAGUUUUUUUC,3.236884951,20.45392229,50.53471103,6.587234993,0.547638678
21ur-14690,UGUUAUUGUGUUCUUUAUCCA,0.134870206,0,0.125085918,0,0
21ur-13329,UCUAUCUUAGAUUCCUUCAGA,0,0.55280871,1.626116939,1.19767909,0
21ur-12106,UUAUCUAUUAAAUGAUUGGCU,0.944091444,9.674152434,6.504467756,1.796518634,0.068454835
21ur-13447,UAUUUUUGUUUUUUUCGAAAG,0,1.105617421,0.375257755,0.239535818,0
21ur-14654,UGUUUUAGCGGAUUUUUUACA,0.539480825,9.766287219,2.293241837,0.598839545,0
21ur-13466,UAUUGUAUUAUUACUUAACCA,0,0.276404355,0.75051551,0.119767909,0
21ur-9578,UUGGAGCCCCGUAUUUGACUC,0,1.658426131,1.125773266,0.119767909,0