21ur-7071,UAUUACACGAUUGAUCUCACU,0.269740413,61.17749729,20.20137582,2.155822361,0.136909669
21ur-12418,UAUUACAAUUCUCGACUUAGU,0,0,0.75051551,0,0
21ur-8626,UUGGAAUAACAAAUACGAUAA,1.888182888,34.55054441,18.51271592,0.718607454,0.136909669
21ur-15125,UCAAUUAGUAAACUGGUAGAC,0.269740413,1.658426131,4.878350817,0.239535818,0.068454835
21ur-9843,UGUAUUGGCGGAGAUGAACUU,0.269740413,6.080895815,2.376632449,0.479071636,0
21ur-11520,UUAAACAGUUUCCCGUGAUUC,0,0,1.313402143,0.119767909,0
21ur-11727,UAGAAUCGAACUUUUUUUUUC,1.888182888,11.05617421,15.13539613,3.841127937,0
21ur-12053,UUCGAUGAUGAAUACAAUUCA,0.269740413,0,0.125085918,0.119767909,0
21ur-9075,UUUUGUUACAGAGUAUAAACA,2.697404126,8.844939368,2.501718368,3.233733542,0
21ur-13910,UUUGUUUCUUGUUUUACAAAG,0.809221238,2.764043552,3.002062041,0.718607454,0
21ur-7674,UUUUUGAAAGUAUUUAGAAAC,6.20402949,126.8695991,20.0762899,1.676750725,0
21ur-8447,UUAUAAAAUAAUAUGCGACAA,0,1.658426131,1.876288776,0.119767909,0
21ur-12133,UUAAUGACUUUGGAUUUUCUC,0,1.658426131,3.252233878,0.059883954,0
21ur-11830,UUUUUAUUAUCAGUUGUGAUA,2.023053095,5.528087105,2.189003572,0.958143272,0
21ur-6439,UCUCGAAUCCACACAUACUUU,1.07896165,16.0314526,27.01855837,2.515126088,0
21ur-14340,UUCGUUCUGUUUCUUGUGAAA,0.269740413,0.276404355,0.375257755,0.898259317,0
21ur-8226,UGACUAAAAAAUGUAGGAAAU,0.539480825,8.844939368,12.63367776,0.359303727,0
21ur-13755,UUUUUUGAGUCACGGUGAUUA,0.404610619,20.45392229,8.193127655,0.658723499,0
21ur-14771,UGGCACGUUUGAUUUCCAUUC,0,1.013482636,0.187628878,0.359303727,0
21ur-8826,UUGUAGAAAUAUAUUAAUUGG,0.269740413,0,4.252921225,1.077911181,0
21ur-12884,UUGAUUCCGGGAAUUCAAAUU,0.134870206,19.34830487,21.32714909,0.618800863,0
21ur-12239,UGGAAAUCGAUAAUAAAAACG,0.269740413,0,0.062542959,0.718607454,0
21ur-11922,UUUCCAAUUCAAAAAUGUAAA,1.348702063,13.26740905,2.876976123,0,0
21ur-15359,UACUGGGGAAAAAUAACUGCA,0,0,0,0,0
21ur-14578,UUACAUCUGAAACAGGAUGAA,0.134870206,1.888763094,1.125773266,0.479071636,0
21ur-10961,UUCUCUUGCGUUUACCUGUAG,0,0,0.75051551,0,0
21ur-5948,UUUGCGGCGCAGUGUCUUAUU,1.348702063,14.92583518,12.50859184,1.916286543,0.136909669
21ur-6721,UUUGUUCGCAAAUCUGUCCAG,0.539480825,1.658426131,121.6460556,2.49516477,0
21ur-15653,CAAAUCUUUCUCUUCUGGACA,0.269740413,0,0.125085918,0.958143272,0.273819339
21ur-6246,UAUAGAUGCAAGAUAAACUUC,1.483572269,3.316852263,114.5787012,0.119767909,0.136909669
21ur-8767,UCCGACCCGAAAAAACCCCAA,0,2.211234842,5.253608572,0,0
21ur-8116,UUUGCAUACCUCUAAUAACCA,0.269740413,2.211234842,1.250859184,0.239535818,0
21ur-11145,UCGGUUUCAAUAAAUUGUUAA,0.269740413,2.211234842,2.501718368,0.239535818,0
21ur-11802,CGACAAAAUGCAGGCAAUGAG,0,0.276404355,1.125773266,1.616866771,0.068454835
21ur-6315,UUUUAUGGCCAUAUGAAAAAG,1.618442476,53.06963621,51.0350547,0.838375363,0
21ur-5549,UAGACGUGUUGAAAAAAUGCU,4.855327427,10.91797203,9.193815002,2.515126088,0
21ur-9755,UUUGCUAGACUUAGAUAAAGC,0,0,0.625429592,0.119767909,0
21ur-15393,UACAGAGUAUAAACAUUUACA,0,0,0,0,0
21ur-12639,UUUUGCCAAUUGGAAAAUAUA,0.269740413,2.764043552,2.501718368,0.119767909,0
21ur-13806,UUUUUAAUUGAUCAACAAAAU,0.269740413,1.658426131,0.875601429,0.299419772,0
21ur-15299,UAGUUUAGUUCUGUACGCACA,0,0.55280871,0.187628878,0.239535818,0
21ur-7865,UACAAGUUUGAUUUUGUAGUU,0.539480825,0.829213066,0.250171837,0.239535818,0
21ur-5910,UGUAAUUUUAAUUUUCUUAAA,4.046106189,231.4425801,24.95464072,3.233733542,0
21ur-5840,UGUGUAUUUGUUUUUCAAUGU,1.888182888,17.13707003,39.65223613,5.509323812,0
21ur-12662,UUUUCAAGAACAGGCUAUCUG,0,0,0,0,0
21ur-12505,UAAUGUAUAAUACCCUGAACU,0,0,0,0,0
21ur-6932,UAUUACUUCUUCGCAAAAAAG,1.07896165,3.316852263,13.13402143,0.299419772,0
21ur-13305,UCUUGGUAUCCCGUAUUAAAA,1.07896165,21.55953971,5.879038164,0.958143272,0
21ur-14230,UUGAUUUGAAAAGAAAUUCAC,0,0,0,0,0
21ur-12518,UAAUAGUGAUAAAUACUGGAA,0,7.739321947,6.754639593,0.359303727,0