21ur-5170,UUAACUAAAGAGCAGAAUAUG,5.934289078,237.1549368,159.422003,10.18027226,0.616093513
21ur-1861,UGCGUUGAAGACUACUCCUGA,2.967144539,59.15053202,74.8013792,2.994197724,0
21ur-3534,UCCUGAAGAAAUUGUGGAAAU,4.046106189,66.0606409,15.13539613,6.707002901,0.273819339
21ur-3436,UCAUAUCUUGAUUUCACCCAA,0.539480825,8.844939368,12.50859184,1.916286543,0
21ur-2681,UGUUCGUGGCGGCAACAUAAU,8.631693204,99.50556789,55.03780409,1.796518634,0
21ur-674,UGGAAAGUUUUAAUUAAUUUG,0.404610619,51.13480572,1.000687347,1.437214907,0
21ur-4570,UAAGGGAAUCAAAUGUCGAAU,1.348702063,105.3100593,121.2082549,12.0965588,0.547638678
21ur-1526,UCAUGUUUCGAAUUAUUCACC,9.710654854,18.24268745,109.7003504,14.37214907,0
21ur-2300,UUCGAAGGAUACAUGACCAAA,22.65819466,540.0941102,423.2907478,58.20720375,0.958367686
21ur-4582,UUAGUUCCAUUUUUCACGCAC,0,0.276404355,3.002062041,0.239535818,0
21ur-2854,UAAUCUACAAAGCAGGGAAAA,23.33254569,490.0649219,542.3725421,35.99025664,0.136909669
21ur-3649,UCAGCAACCAUCGUGUCCCAA,4.315846602,14.92583518,64.66941981,9.102361081,0.273819339
21ur-1788,UAUUAACAAACAAUUUGACUU,0,0.55280871,2.501718368,0.479071636,0.136909669
21ur-1294,UCUGACUAAGUUCUGUGAGUC,2.427663714,43.39548377,24.45429705,9.940736443,0
21ur-4640,UUAUGAGUUUGUAAGUAUUGA,21.57923301,127.6988121,193.6330017,152.9436197,0.958367686
21ur-5297,UGACAUGAGUCGUUUGUUGAC,7.013250728,66.33704526,82.80687797,22.15706316,0.821458017
21ur-2726,UGUUUGAAGCAAAUUGCGCAA,1.07896165,7.186513236,2.501718368,0.359303727,0
21ur-2091,UCAGUUGAGUUGAAAAAAGGU,17.1285162,221.1234842,649.821346,13.35412185,0.136909669
21ur-3529,UCCACUUGUCUUGCCAAUUCA,4.855327427,30.12807472,22.76563715,2.754661906,0.136909669
21ur-1455,UAACGUUCACUGAUUAUUGUC,0,0,1.250859184,0.479071636,0.136909669
21ur-959,UUCAGAAUCUGCUGACUUGUU,0,0,0.250171837,0.239535818,0
21ur-3777,UGAAACAAGUAUAGUUUAAAG,1.07896165,18.88763094,28.64467531,0.598839545,0
21ur-4725,UAAGUCUUGAUGAUGUAUCCG,21.84897342,292.4358079,494.0893776,9.581432716,0
21ur-1132,UACUUUGACAAUUAGUGUUUU,0.269740413,3.316852263,3.815120511,0.718607454,0
21ur-2010,UAACUGAGUCUGAAUGUUAAU,2.427663714,5.528087105,2.626804286,2.27559027,0
21ur-5322,UGCGGAAGAAUACCGAGUAGU,0,3.869660973,2.126460613,0.479071636,0
21ur-4697,UUAAAAAACCAGAUCAAACCA,0.539480825,4.422469684,14.2597947,1.437214907,0.136909669
21ur-2053,UAUAAUUGGCAAGUUGUUGGA,0,0,0.125085918,0,0
21ur-659,UAGGAUAAUCAACUAAAAUGC,0.269740413,17.13707003,27.26873021,0.958143272,0
21ur-5311,UCUGAGAGCGGUUCAAAAAAG,8.901433616,86.79096755,25.01718368,15.92913189,0.273819339
21ur-1365,UGUGAAGUUGGAAUUUAAUUU,20.36540115,476.7975128,215.2103226,28.32511047,0.273819339
21ur-5159,UGCAUUUGAAUUAUUUUUCCA,0.539480825,2.764043552,8.380756532,0.119767909,0
21ur-4583,UGCGUCUCUUUGUUGGAGAAA,0.269740413,7.186513236,7.505155103,1.556982816,0
21ur-1733,UCUAAAUGAGAGUCUUCAUUA,2.427663714,59.15053202,25.51752735,4.072108904,0
21ur-671,UCCAUGUUUCCUGAUUUUUAU,2.967144539,188.8763094,19.13814551,8.982593172,0.136909669
21ur-5023,UAGCAACUAAGAAUUCCGUUA,5.394808252,9.950556789,14.38488061,2.036054452,0
21ur-13838,UUUUGAUCUGCAUUCAAUCUU,0,1.013482636,0.187628878,0,0
21ur-6785,UUGGUAGGUAGAGAACUUUUU,14.38615534,203.9864142,123.9809928,10.71922785,0.616093513
21ur-14406,UUCAGUCAGGAGAAAAACUUG,0.269740413,0,0.125085918,0,0
21ur-14394,UUCAUAUCGCUUGACUCAAAC,0.269740413,0.55280871,1.751202857,0.479071636,0.136909669
21ur-7348,UAGCAAAAGUGAGCUGAAAUA,1.108932807,5.528087105,5.26498002,0.479071636,0
21ur-11697,UAUUACGUUGUUUGUACAAAU,0.269740413,8.292130657,7.630241022,1.077911181,0
21ur-7124,UAUUGACAAAUUCAGGUAAAU,0.809221238,13.82021776,17.19931378,1.018027226,0
21ur-14236,UUGAUUCAUCGCUUGACGAGA,0.404610619,0,0.375257755,0.119767909,0
21ur-9547,UUUUCGAUAUUUUUAUUUAUA,0.539480825,59.8876103,9.131272042,1.077911181,0
21ur-7224,UGCGAGCUGCUGUUUCAGGUU,0,0.55280871,1.751202857,0,0
21ur-10171,UACCAGAACAUCAGAAUUUCC,0,0,0.625429592,0.119767909,0
21ur-10353,UGAUGCAGUAGAAAUUUUGAA,0.269740413,2.764043552,2.001374694,0.598839545,0
21ur-7957,UGUGGUAUUCUUUGUACCCAA,0,0,0.125085918,0,0
21ur-10081,UGUUUCAGGGGUUUUAUUAAA,0.809221238,11.05617421,2.126460613,0.359303727,0