21ur-2347,UUCUAUUCCAGUAACAUUGCG,0.809221238,12.16179163,36.27491633,11.37795135,0.136909669
21ur-4797,UUGUGACAGAACGCAUUUUUU,0.269740413,2.764043552,0,0,0
21ur-2440,UGAACUUUCGAACUAACCCAA,0.944091444,8.292130657,12.69622072,2.634893997,0.068454835
21ur-227,UGCGAUGUGGGUUCAAUCACA,0.809221238,16.0314526,26.39312878,0.718607454,0
21ur-5431,UUCGCCAGUUUCUAUAAUUUA,4.585587014,122.7235337,498.8426425,7.186074537,0
21ur-1579,UCCGCUUGCUCUCACCGUAAU,1.07896165,42.56627071,472.9498574,4.072108904,0
21ur-3613,UUUGUUGACGUAUACGCAAUU,4.315846602,23.21796584,40.27766572,9.461664807,0.273819339
21ur-5134,UGCCUUACUUAGUUUCCCCUU,0.809221238,160.314526,6.754639593,0,0
21ur-834,UGAUCGGAUCGGGUCAUACCG,0.269740413,1.105617421,5.649713981,0.119767909,0
21ur-569,UAUUUUUCAGAGAGUCAGGAU,0.539480825,2.211234842,7.129897348,0.119767909,0.136909669
21ur-134,UAAUGACUUUGGAUUUUCUCG,1.618442476,0.55280871,8.380756532,2.215706316,0.068454835
21ur-3994,UAAUCCGUUUACUUUUAGAUU,10.6547463,470.716617,478.8914386,55.63219371,0.616093513
21ur-3391,UGAAAUGUUGGUUCACAAAAA,149.1664482,3558.429669,1550.815216,160.1296943,1.779825703
21ur-3292,UGGGAAGUUUGGUCUUACGGC,3.911235983,67.44266268,70.36082909,36.46932828,0.273819339
21ur-426,UACUCAUCUUAAAUUCGAAUA,11.86857816,179.1100222,311.5890227,18.20472216,0.136909669
21ur-3321,UGAUUUGAGUGAAUGUGUUAA,22.65819466,843.8624966,146.1003527,31.25942424,4.997202935
21ur-4481,UAUCAAAUGCGAAUGCAAGAU,0,6.080895815,12.25842,1.317446999,0
21ur-4208,UUGUACACAAACAUGUUAGGC,0.539480825,10.5033655,14.38488061,1.077911181,0.136909669
21ur-3934,UUUUCUUUGAUCACACUCCUC,1.888182888,33.72133134,52.66117164,3.233733542,0.136909669
21ur-2294,UUGUUUUACCAUUAUUUUAAA,1.393658799,16.0314526,9.131272042,0.479071636,0
21ur-5022,UGGUCCUGUUCUUAACUUAUC,1.07896165,69.65389752,6.504467756,0.359303727,0
21ur-145,UGGUUAUAGAGUAUGUAUGCG,0,1.934830487,9.881787553,0.119767909,0.136909669
21ur-1189,UACCAUGCCAGCACGACUAUA,5.664548665,194.5886661,95.94089941,2.395358179,0.342274174
21ur-5239,UGUUUCCUACGAAUUAUUUAU,9.575784648,907.4354983,23.64123858,5.269787994,0
21ur-1645,UGUUAGCAUAGAUUAAUGAUU,1.348702063,34.27414005,41.77869674,5.110097449,0.045636556
21ur-2979,UCCAAGAAUUCCAGUUUUCCA,12.94753981,82.09209351,131.5903861,23.59427806,0.547638678
21ur-604,UUCAGUCAUGUUAAUCAAGUC,4.450716808,26.5348181,72.48728971,23.05532247,0.547638678
21ur-4119,UUGAUUUCGCAUUUUAAAAAG,9.980395267,293.5414253,98.31753185,31.49896006,0
21ur-1421,UGGGAAAAUUUUGAAACUGCU,0,0,1.375945102,0.119767909,0
21ur-3560,UGGGUAAUGAAGUUAAAAAAG,21.98384363,570.7749936,58.79038164,6.227931266,0.273819339
21ur-1972,UUCUUCCAUUAUAUCAACGGU,2.427663714,25.98200939,85.6838541,32.99605892,0.753003182
21ur-4018,UAAAUUGCUCGAUUUCACAAA,1.618442476,9.950556789,6.879725511,2.634893997,0
21ur-4225,UCCUCCUUGUGUAAUCGGUUU,5.394808252,29.85167037,251.29761,18.44425798,0.684548347
21ur-4628,UUGAGGAAUACAAAACACGAU,0.134870206,4.422469684,3.752577552,0,0.136909669
21ur-2990,UAGUUGAAUUGGUGCAAACAU,0,1.658426131,0.75051551,0.239535818,0
21ur-3443,UGCACGCCAUCUCCGUUUCGG,0.539480825,0,4.503093062,0.239535818,0
21ur-977,UUCGUGACACAUCGCUAGUCC,10.25013568,90.10781981,273.0625598,7.545378264,0.136909669
21ur-2821,UGACAACAAAAAAAAACCAAU,11.23572565,128.6874892,335.7315672,3.901669957,0.273819339
21ur-3181,UCGGCCCAUCAAUUUUAGCAA,1.888182888,205.3684359,81.36838991,4.670948449,0
21ur-4502,UUAGAUUACGUGAAUAAAGAG,10.25013568,249.3167284,251.5477819,25.51056461,0
21ur-1255,UCAAAAUAAACACAAUUCUGG,0.269740413,7.739321947,51.41031246,2.994197724,0.273819339
21ur-3662,UUAUAAUUCAAGACAGCGGAA,0.809221238,4.422469684,18.01237225,0.479071636,0
21ur-3785,UGACAAUUUGGAUUGCUCAAU,1.07896165,10.77976985,16.57388419,5.629091721,0.136909669
21ur-4179,UCAAACUUAACGUGUUUCCUC,0,0,0.375257755,0,0
21ur-2152,UGAAAUUUGCGGCCUUGUUGG,1.07896165,37.59099231,23.39106674,1.916286543,0
21ur-3324,UGACUGACUGACACUACUAGA,6.743510315,76.28760205,53.41168715,15.21052444,0.821458017
21ur-1161,UAUUCGGUAAACAUGCUGUAG,1.348702063,3.316852263,3.252233878,6.886654765,0.136909669
21ur-694,UAUUCUCCAUCUGACGUUAUG,10.38500589,72.14153672,140.8467441,38.8048025,0.136909669
21ur-3015,UGAUCCCGUUGUUUAUAUUGU,2.157923301,18.05841788,49.03368001,12.99481812,0.136909669
21ur-94,UUGGGGUAAACUUGAGGGAAA,144.7157314,1049.507337,270.6233844,13.11458603,0.136909669