21ur-9640,UGAAAAUGGAUUCAUAUCUCU,0,0,0.875601429,0.119767909,0
21ur-7952,UUAUCGUGUUAUUGUGAUAUU,0,1.105617421,2.751890205,1.317446999,0
21ur-12870,UUGCGAACACAGCUUUUUAGU,0,0,0.250171837,0,0
21ur-9349,UACAAGUAAAUUCAAAAAAAA,0.809221238,26.5348181,24.76701184,0.479071636,0.136909669
21ur-6487,UUUUAUGUUCGUGGGACUAUA,0.269740413,28.19324424,50.84742583,11.25818344,0.205364504
21ur-15451,UAAUAUGAAAUAAUAUGAAUU,0,1.105617421,0.375257755,0,0
21ur-13299,UCUUUGAUCUAAAUUUUUAAU,0.269740413,9.397748078,8.505842451,1.437214907,0.136909669
21ur-7084,UUCUUGAUUGUCAAUUGUUUU,0.269740413,7.186513236,18.63780184,2.934313769,0.136909669
21ur-11968,UUGUUCACUGACAAAUUACUC,0.134870206,0,2.001374694,0.239535818,0
21ur-7423,UGAUUAAUCGUCUCUCUGUGU,1.07896165,0,3.252233878,1.437214907,0
21ur-5471,UCUCAAGAUUGAUUUAUAUUU,0.809221238,46.43593168,20.76426245,1.916286543,0
21ur-9854,UGCUACGUACUUUUUCAAGAA,0,11.05617421,6.004124083,0.239535818,0
21ur-7755,UGUUGGAGAUUCCCAAUUAAA,0.539480825,7.739321947,4.252921225,0.239535818,0
21ur-14106,UUUAAUUUCUAUCUUCGAAUU,0,0,3.377319797,0.239535818,0
21ur-11996,UUGCAUUGUCUUGCUGAAAUA,0.134870206,4.146065329,0.312714796,0.299419772,0
21ur-14245,UUGAUCGGAUCGGGUCAUACC,0,1.105617421,0.145933571,0.119767909,0
21ur-5946,UAUCACAAUGCAGCUAGAAUU,1.438615534,22.11234842,50.3262345,5.988395448,0
21ur-8304,UCUUCGGUUUUGAAAUUUUCA,1.753312682,4.422469684,3.252233878,3.113965633,0.410729008
21ur-15106,UCAGAAUUUUUGCCGCUGGAG,0,0,2.501718368,0,0
21ur-9431,UUAUUCCUCUUUUGUCGGUUU,0.269740413,0,9.006186124,1.916286543,0.273819339
21ur-7771,UAGUUGUGCUACUUUCCCACA,1.07896165,6.080895815,1.250859184,0.119767909,0
21ur-9016,UGAAUCGUUAGAUUUACAUGA,0.809221238,12.16179163,5.628866328,1.19767909,0
21ur-9618,UUACCAUGCCAGCACGACUAU,0,7.186513236,11.00756082,0,0.205364504
21ur-5459,UCAGAUUGAAAUCUAAAAUCU,3.236884951,136.5437515,23.51615266,0.119767909,0.410729008
21ur-13017,UUCAAACAAUUCACAGAAUAU,0,0.55280871,1.250859184,0,0
21ur-14479,UUAUUCGCGAAUAUAAAAACU,0,0,0.062542959,0,0
21ur-13048,UUAUAAGAAAUUAAAAAAAAA,0,6.910108881,8.005498777,0.119767909,0
21ur-6490,UUGAUGGUAAAAAAAAAUCCG,0.539480825,6.080895815,1.250859184,0,0
21ur-7499,UUACAAGAGAACAAUUAGAUU,0,1.934830487,3.377319797,0.53895559,0
21ur-13156,UGUAUGUAACUUUAGCAUAAU,0.053948083,2.211234842,1.250859184,0.239535818,0
21ur-14270,UUGACAUGUUAAAAAAAACGG,0,0,0.375257755,0.119767909,0
21ur-12882,UUGAUUGACGACGUGGCUAUC,0.134870206,3.316852263,0.81305847,0,0
21ur-6325,UAGACUGAAAAAAUUUUUUUU,0.539480825,11.05617421,4.127835307,0.958143272,0
21ur-13762,UUUUUUCAUGCUCACCAUGCU,0,0,0.062542959,0,0
21ur-6915,UUGGUAUCCUUUCUUAAGUUU,9.171174029,94.53028949,52.16082797,9.341896899,0.410729008
21ur-12176,UGUUCCAAAGUUGUUUUUGAC,0,0,0.625429592,0.119767909,0
21ur-6263,UGAUAUUCAUUCAUUGGUUCU,1.07896165,7.923591517,14.46827123,1.018027226,0
21ur-8628,UUGCAUUUCAAUUGUUAUGUU,0,0,0.250171837,1.077911181,0
21ur-10791,UAAUUGUCUCUGUGUGGGUAU,0.539480825,3.040447908,6.004124083,1.19767909,0
21ur-11683,UAUUGAUCCCGUUGUUUAUAU,0,5.343817535,1.751202857,0.239535818,0
21ur-7309,UAGUAAUUCUUUUAAAGUAUU,4.585587014,185.7437267,22.14020756,1.317446999,0
21ur-13203,UGCUUCCACAAUUUGCUAUAA,0.269740413,1.105617421,1.250859184,0.119767909,0
21ur-10966,UUCUACGGCUUGGAGAAAAAC,0.134870206,0.276404355,3.189690919,0.119767909,0.068454835
21ur-14254,UUGAUACUUUUGCUACACUUU,0,1.658426131,0.437800714,0,0
21ur-15322,UAGUAGAUAAGAUUCAUGAGA,0,0,0.250171837,0,0
21ur-11427,UUCUUCAAUUACCAAUUUUCA,0,0.55280871,1.313402143,0,0.068454835
21ur-6850,UGAAUCAAUGCGUUUUUCUCU,0,2.211234842,1.501031021,0,0
21ur-12781,UUUAGUUACGAAUUUGUCAAU,0,0.276404355,0.687972551,0.059883954,0
21ur-5556,UAAUUUUAAAUCAUCGUGAAG,7.68760176,131.2920687,179.9360936,20.36054452,0.136909669
21ur-8704,UUUUCCAAAUAUAUCGUUCAG,0.539480825,0,9.756701634,0.179651863,0