21ur-9019,UCUUUUAGAAUACUGUGGAAA,0,7.186513236,4.127835307,1.018027226,0.068454835
21ur-5831,UAUUCUAGCCAUGUCGAACAU,0.539480825,6.080895815,68.60962624,7.186074537,0.136909669
21ur-8718,UUGUUUGAUCAUACCGCAUUU,0,0,0.562886633,0.059883954,0
21ur-9179,UAUCUUUCAACUACUAUAGUG,0,0.55280871,1.250859184,0,0.068454835
21ur-10999,UUAUUGAAAAAAUGUUAUUGG,1.618442476,22.66515713,51.78557021,5.868627539,0
21ur-9933,UAGUAGGUCAGCUUUGAAAAA,0.674351032,7.739321947,6.441924797,0.658723499,0
21ur-8674,UCGGAACACUGUUCCAAAAUA,0,1.658426131,0.250171837,0,0
21ur-9099,UUGGAAUGUGAACGAUUUUCC,0,0,3.064605001,0.239535818,0
21ur-13950,UUUGCCUUGCAACUUUGAAAA,0.269740413,4.975278394,3.690034593,0,0
21ur-6946,UUCUAGUAAAGUUUUUAUGCA,5.12506784,64.67861913,52.66117164,5.988395448,0
21ur-7410,UUCUGAAUCGUGUUUGAGAAA,0.269740413,13.26740905,0.687972551,1.317446999,0
21ur-11963,UUGUUUUGAAAUUUACAGUUA,0,1.105617421,3.502405715,0.359303727,0
21ur-6177,UCAUCUCAAAAUUGAAGCAGG,1.348702063,2.764043552,11.75807633,2.874429815,0
21ur-9720,UAACAUAUGCAAAUAAGUACG,0.269740413,0,0.500343674,0,0
21ur-5877,UCGGAUAGGGAAACAGCAAAA,2.023053095,39.71009237,18.82543072,0.778491408,0
21ur-8663,UGAGUAUAUGUCAUAAAAACG,0,2.764043552,2.501718368,0.359303727,0.136909669
21ur-10709,UCGUUCUCAUCUAGGAAGAAA,0.539480825,3.316852263,10.50721714,1.796518634,0
21ur-11500,UUAAUUCGAAAAACAACAAGA,0,0,4.002749388,0,0
21ur-6388,UUUCUCUGAGCUUUUUUCCAA,8.361952791,68.82468446,61.60481481,27.72627092,1.642916034
21ur-13411,UCAGCUUUUUCCCUGCACAUG,0,0,0.250171837,0,0
21ur-14437,UUCAAUCGGUUGGCUGAGACG,0,0,0,0,0.273819339
21ur-13352,UCGAGGGUUAUUGAUUUAAAG,0.269740413,0.829213066,1.438488061,0.359303727,0
21ur-5616,UAACAAAAUUAAUAACAAAAU,1.348702063,63.57300171,70.92371573,1.317446999,0.136909669
21ur-10044,UUGCUACGCGAAUGUUAUUGC,0,3.362919656,2.189003572,0,0
21ur-9564,UUUCAUAAUUUUUCUGACUUU,0.269740413,3.593256618,2.251546531,2.27559027,0.136909669
21ur-10661,UGGUGCCUAUUGCUAGAAUCC,0.404610619,12.16179163,0.875601429,0.119767909,0.136909669
21ur-10585,UUCUCGUUUUUGUCUUUGAGU,0.539480825,1.105617421,2.251546531,0.598839545,0
21ur-12076,UUCAGAGUAUUUUAUUCAGAA,0,4.146065329,0.406529235,0.089825932,0
21ur-11169,UCAAUGGAUAGAUCCCGCUGU,0,0,0,0.119767909,0
21ur-6965,UUUGGAAAUGCUAGUAAAGAA,1.348702063,28.74605295,17.0116849,1.19767909,0
21ur-10508,UUUUGUACUGUGAGACAUGAG,0,1.105617421,1.125773266,0.239535818,0
21ur-15112,UCACGGUAUUUAUUUUGUAUG,0,0,0.125085918,0.119767909,0
21ur-8584,UAUCAAUUCAGAAAAUAAAAA,1.07896165,21.55953971,14.13470878,0.838375363,0
21ur-10343,UGCUGGACACAACACGCAUUU,0,0,0.125085918,0.239535818,0
21ur-9325,UAUUUAGUUAAAAAUUUCAAA,1.07896165,22.66515713,6.567010715,0.479071636,0
21ur-10529,UUUGACGAGAGUAUUAUUCAA,0.809221238,3.316852263,6.879725511,1.19767909,0
21ur-9510,UAGCUGAACGAAGGAGAUAUC,0.809221238,0,1.063230306,0.119767909,0
21ur-8288,UGUUUCUUUGUUACUAGCAAU,0.269740413,1.105617421,4.378007144,0.479071636,0
21ur-13572,UACUAUGAAAGUCGAAGAUCG,0,0,0.75051551,0.119767909,0
21ur-8859,UGUCUUUUUUUCGCACGAAAU,0.001335349,2.211234842,0.875601429,0,0
21ur-10533,UUUCUUCGUUUGGGUGAAAAA,0.944091444,13.82021776,2.564261327,0.359303727,0.068454835
21ur-8855,UGUUUCAAGAAAUUCAGAAAU,0,9.950556789,2.814433164,0,0
21ur-13182,UGGCUGUGAAAAAUACUAACA,0,1.105617421,0.75051551,0.179651863,0
21ur-13450,UAUUUUGAUGUCCUUCUUUAA,0.539480825,21.28313535,1.063230306,0.658723499,0.136909669
21ur-10944,UUGAUUUGUAUUUAUAUGACC,0.539480825,7.186513236,3.502405715,0.239535818,0
21ur-13499,UAUUAAGUCACUGCUUCUGAA,0,0.36853914,0,0,0
21ur-6418,UAGGAACAUUUUAGUCAAAUU,0.809221238,7.739321947,23.1408949,3.353501451,0.068454835
21ur-5793,UGAUUUCAAAGGUAUAAGGCA,1.618442476,13.26740905,14.00962286,0.838375363,0
21ur-8366,UUAACGGUAGAGCAAACAUUC,0,2.211234842,4.753264899,1.077911181,0
21ur-8494,UAAAGAAUUUACUUUAAACUU,0,10.5033655,1.250859184,0.119767909,0