21ur-12130,UUAAUUGUUGCACAGAAUCAA,0,2.211234842,0.437800714,0.119767909,0.273819339
21ur-1078,UAGGUGUAGUUUUCUGAUUGG,4.046106189,112.2201682,83.43230757,32.21756751,0.410729008
21ur-4299,UCAUACAAUAAUAUCAUUUCA,0.539480825,2.764043552,8.380756532,0.598839545,0.136909669
21ur-2354,UCCUGCCUUUAAACUCAUCAA,5.12506784,829.2130657,203.6398751,3.952340996,0.136909669
21ur-5175,UACAAUUAUUACAAGACGCGU,0,4.422469684,11.00756082,1.796518634,0
21ur-4620,UUAAACGACAGUUUGAUCAGC,0,1.105617421,4.440550103,0.359303727,0
21ur-2933,UAACAAGAAUACAUCGGAGGU,0.269740413,10.5033655,26.83092949,3.113965633,0.068454835
21ur-3386,UCAAUUUUGGUAAUUAAUCCG,0.539480825,1.105617421,15.13539613,1.437214907,0.136909669
21ur-940,UGCGCCACUUGUCGCUUUUAA,0.539480825,3.316852263,9.131272042,1.676750725,0
21ur-2839,UUUGAUAUGCCUAUACUGUUC,0.269740413,14.92583518,2.876976123,0.359303727,0
21ur-1207,UCCUUCUACGUGCAUACUAGC,0.269740413,8.292130657,4.878350817,0.598839545,0
21ur-2322,UAUAGCACUCGUUUGGGCAUU,0,3.316852263,15.57319684,4.910484267,0.136909669
21ur-5295,UGGAAUAGCGUAAACAAAAGA,1.618442476,8.292130657,3.002062041,4.072108904,0
21ur-2348,UGAUGUCCCAUGUCGCAAUUC,3.236884951,76.84041076,132.7161594,4.311644722,0.136909669
21ur-1764,UCCCAUUAAAGCUUGUUGAGC,1.888182888,6.080895815,40.02749388,5.030252176,0.136909669
21ur-2732,UAUGCCAUCUGUUUCCUCAAA,0.269740413,67.44266268,28.14433164,0.359303727,0.136909669
21ur-223,UCAAUUGGCAUUAUUUCAUGC,0,0,1.375945102,0.119767909,0
21ur-2320,UGCAAUGUACAACAGGACAAU,0.269740413,3.316852263,19.13814551,0.119767909,0
21ur-417,UGGGUCGUCGUUUGAGACUGU,0,1.105617421,0,0.658723499,0
21ur-4492,UCUUCCAUGCCCUGUUUUAUA,0,11.60898292,3.87766347,0,0
21ur-6686,UUUUGCAAAUUCCGUGCUGAC,0,1.105617421,3.87766347,0.359303727,0
21ur-14751,UGGUAUAGCACUCGUUUGGGC,0,0,0.187628878,0.119767909,0
21ur-5906,UCUUCCUUUGUAACCGCCAAC,1.07896165,20.73032664,350.4073527,3.652921223,0
21ur-9741,UUUUCCAAUUCACAUCAGGGA,0,1.105617421,1.751202857,0.359303727,0
21ur-7572,UAGUUCCACUUCUUAAUUGUU,2.697404126,6.080895815,39.65223613,9.102361081,0.547638678
21ur-10219,UUUUAGAAACGUUAUAAUUUU,0.269740413,5.528087105,5.503780409,0.838375363,0
21ur-6917,UUCUACCAUCGUGCAUCUUUU,0,1.105617421,35.27422899,0,0
21ur-10204,UUUUUCCUGCCAAAUUUAAGA,0,4.698874039,5.816495205,0.239535818,0
21ur-14188,UUGGGUCGUCGUUUGAGACUG,0,0,0,0.059883954,0
21ur-6463,UUGAAAUUUAUCGCCUGAAAA,1.753312682,118.301064,132.9037883,12.0965588,0.273819339
21ur-5652,UCUAAUUAAGAAUCAAUUAGA,3.236884951,203.9864142,73.05017634,4.191876813,0
21ur-15289,UAUAAGAUUUCGGUGCUGUUA,0,0.276404355,1.250859184,0.119767909,0
21ur-15052,UCCCUGUUCAAAAUUCUUAUC,0,0,0.250171837,0,0
21ur-9440,UUAAUCACUCGAGGAGAAUUA,0,2.764043552,3.87766347,0.598839545,0
21ur-13702,CGAUAACAAGAAUACAUCGGA,0,0,0.062542959,0,0
21ur-10884,UUUGAAAUUUAUCGCCUGAAA,0.404610619,20.45392229,31.33402256,2.754661906,0.273819339
21ur-12040,UUCUCCUCUUAGGUUUGAGGU,0,0,0.500343674,0.119767909,0
21ur-11358,UUUCCGAUAUUUUCUGCUAUA,0,0,0,0,0
21ur-13480,UAUUCAGUUUAUAUCUGGCGU,0,0,0.75051551,0,0
21ur-7233,UCAUGCUCUUUCAAAAAUAUG,0.539480825,29.85167037,39.90240797,0.958143272,0
21ur-10342,UGCUUUGAAGGCACGCGGUUU,0,0,0,0,0
21ur-5982,UUCUCGUGGUAUAUUCAAACC,0.809221238,21.006731,10.13195939,1.077911181,0
21ur-7138,UUUUCCUGCCAAAUUUAAGAA,0,7.462917592,7.192440307,0.119767909,0
21ur-11210,UAGUUCUCUCUCCGUUGUUAC,0.134870206,0.829213066,1.125773266,0,0.068454835
21ur-10010,UUUGAAAAAAAAUGUACUGUA,0,1.105617421,1.876288776,0.119767909,0
21ur-10695,UGAACAGUGAUUUUUCAGGAC,0,0,0.625429592,0,0
21ur-14004,UUUCUAUAGAAAAACGCUUAA,0.539480825,2.764043552,1.751202857,0,0
21ur-9875,UCUUUCAUAGUCAGAGCCUGC,0,3.869660973,9.631615716,0.359303727,0
21ur-7155,UCUUGCUACCUUUUGAAGUCA,2.157923301,9.397748078,46.15670389,9.820968534,0.410729008
21ur-13780,UUUUUCUUCAGGUUCAUAAGA,0,0,3.252233878,0,0