21ur-2172,UAACAUUGUCGUAGAGGAACA,0.809221238,4.975278394,11.00756082,1.676750725,0
21ur-1135,UGCUGUGUCCCUUUCUUUUCU,3.776365777,209.5145013,7.129897348,5.030252176,0.821458017
21ur-2678,UGACUCUUUUUGUUUUUCGGU,5.12506784,79.0516456,79.80481593,13.89307744,0.547638678
21ur-5250,UGACAUCAAAAAUUAGUUGUU,1.348702063,44.77750555,36.77526001,4.910484267,0.136909669
21ur-3612,UUAUCCAGAUUUCAUAUUUCC,0,2.764043552,8.005498777,1.19767909,0
21ur-4274,UAUAUAUGAUUGUGAUCCCUC,0.539480825,18.24268745,66.6707945,0.958143272,0.136909669
21ur-2420,UUAUUCAAACAUAGUUCUCCC,0.539480825,6.357300171,8.005498777,2.036054452,0.068454835
21ur-2395,UGCUCCAUCCUCUGAACCAAA,0.539480825,8.844939368,37.52577552,1.556982816,0
21ur-358,UAGUAAACUCAAUCAAUGCGA,0.809221238,0.55280871,8.005498777,0.239535818,0
21ur-2154,UCCGAUAUUUUAAUAUUUUCA,2.967144539,144.2830734,52.53608572,3.952340996,0.273819339
21ur-3088,UAAUAACCAUAUGAUAAUUAA,9.306044235,160.8673348,52.53608572,6.707002901,0
21ur-1483,UCAAUCACGGUAUUUAUUUUG,2.157923301,29.29886166,57.91478021,5.988395448,0.410729008
21ur-1102,UAAGAAAAUAAUUCGUCCAAA,13.21728022,74.35277156,93.68935287,10.0006204,0.136909669
21ur-1484,UAACAUCUUAGCAGAGUUUUC,1.07896165,14.92583518,6.25429592,7.665146173,0.547638678
21ur-260,UCUGCAAGCAGUGGCUUAGCA,0,11.05617421,2.876976123,1.077911181,0.136909669
21ur-868,UUCCAUUAGCAUUUAUAUGCA,0.539480825,8.844939368,8.756014287,0.598839545,0
21ur-75,UUAUUCGCUCUUACGGCACUC,0,0,6.25429592,0.718607454,0
21ur-1522,UCCGGUAAUAUUUCAUUUCCA,13.48702063,223.334719,150.7285317,18.92332961,0.410729008
21ur-4353,UAUUCCGCAAUUAUUUAUAUC,0.269740413,0.55280871,11.88316225,0.359303727,0
21ur-438,UCAUCAUUCAUUGCGUGGGUC,33.71755158,318.6942216,277.6907388,33.4152466,0.479183843
21ur-4325,UUUGCCGUACGACAGUAUUAA,0.269740413,23.77077455,18.38763,0.359303727,0.136909669
21ur-3924,UCUCGAUCCAAUUCCAAUUUU,0,5.528087105,5.128522654,0.239535818,0
21ur-2215,UUACACAGCCAAUCUUGAGAU,1.618442476,2.211234842,9.256357961,0,0.136909669
21ur-3146,UUUCAUGUGCAAUGAUUUUGA,5.394808252,20.17751793,27.51890205,13.17446999,0
21ur-994,UCCGUUUGAAUUAUGGCCAGU,3.776365777,58.59772331,557.0075946,12.0965588,0.273819339
21ur-3981,UGUUCUCUAGAUGGGACCUGA,8.901433616,28.28537902,90.04101359,35.27164919,0.821458017
21ur-3311,UGACCAUAUAGACGAAAUAGA,7.552731553,53.62244492,170.8673645,16.76750725,0.684548347
21ur-4536,UGGCUGUACUUGUGAAUUCAA,24.27663714,260.649307,72.36220379,9.341896899,0.205364504
21ur-4043,UUGACAAAUGUUAAAUAAAUG,1.888182888,49.75278394,34.64879939,2.27559027,0.684548347
21ur-3860,UAGUUUCAUAAUUUUUCUGAC,0.809221238,9.397748078,14.00962286,7.784914082,0
21ur-3305,UCGACUCAGUGCAAUAAACAA,19.42130971,209.5145013,85.93402593,23.59427806,0.273819339
21ur-5454,UAUACAUAGCAAGUGUUUGGC,5.12506784,17.68987874,101.5697657,11.37795135,0.136909669
21ur-376,UGGGGGUAUCCAAUAUUUUCA,11.86857816,454.9615687,89.43643165,8.982593172,0.136909669
21ur-1369,UAAAGCGAUAAUACAACAUUA,0.269740413,3.869660973,4.252921225,0,0
21ur-2921,UCGAUUUACUGGUGUCGAUUU,52.0149429,703.8176232,2184.625565,94.49688017,1.072459077
21ur-294,UACGACUGGCGUACGUAUUCU,1.348702063,16.0314526,84.43299491,4.910484267,0
21ur-1431,UGUUCAAAUCAUUCAAAAUAA,8.76656341,33.44492699,29.24925725,1.796518634,0
21ur-230,UUCCGUAAUGUUGUAUUUUCC,0.134870206,5.528087105,11.13264674,0.838375363,0.136909669
21ur-4523,UAAUCUUACAUUAUUGACAGU,4.585587014,55.83367976,112.2646118,11.43783531,0
21ur-4284,UGAUACAAUAACGUGUUUUUA,0.809221238,40.90784458,11.63299041,2.155822361,0
21ur-1694,UAUUGACUAUGAGAUCUGAAC,0.269740413,12.16179163,19.0130596,2.874429815,0.136909669
21ur-2559,UAUAUUUUCACGGUUAUUUGC,0.269740413,15.47864389,18.51271592,5.74885963,0
21ur-5216,UAAAGUGAAUUUCAAUGCAUU,1.348702063,21.55953971,10.50721714,1.676750725,0
21ur-4073,UGGACACUAGUGAAUUAUUGC,0,2.211234842,5.253608572,0,0
21ur-4531,UAAGUGAACGUAUCCGAAUCC,5.12506784,8.292130657,10.50721714,2.754661906,0
21ur-2757,UGUGCGGGCAGAGCUUUUAUG,1.618442476,79.0516456,43.27972776,1.19767909,0
21ur-2019,UCUCUUUAACUUUUUAGUCAA,16.45416517,53.06963621,33.83574092,34.37338987,0.205364504
21ur-835,UAACGCCAAUGACCGUUCCCC,0.809221238,3.869660973,46.53196164,0.239535818,0
21ur-2993,UUCGAGGGUUAUUGAUUUAAA,12.94753981,233.0088715,93.37663808,14.25238117,0.136909669
21ur-1739,UAGGAUUCCAGGCGAUCUGAU,0.404610619,9.121343723,3.940206429,2.155822361,0