21ur-3293,UAUUCAUUUGGCAAAUUCAAA,2.697404126,32.89211827,28.64467531,5.150020085,0
21ur-4398,UCUUUUAGAUGUUCCGAGAAA,62.0402949,1712.601385,387.3910893,101.9224905,0.958367686
21ur-189,UCAAUAUUUGCAUAGGGUAUC,22.52332445,772.6423077,1238.976022,81.68171391,1.232187025
21ur-4069,UUCUAUGGUUUCAUUCAGUGC,0.269740413,4.422469684,10.63230306,0.718607454,0
21ur-2703,UUUUGAAAAUUGAAAUGAGAA,17.1285162,236.0493194,89.12371685,10.71922785,0.068454835
21ur-5207,UCAAAAUUCCAGUAGAUUCUU,3.506625364,15.47864389,125.3360902,18.80356171,0.684548347
21ur-534,UAGAAAGCAUAUUCAUAGUUA,0.809221238,0,9.381443879,0,0
21ur-423,UCGUCUCUAGAAAGUAAAGUA,2.157923301,0.55280871,52.28591389,16.7076233,0.136909669
21ur-4739,UUUAAUCAACACAUUGAAUGG,28.86222415,492.5525611,1036.837178,107.4318143,0.821458017
21ur-3941,UAAUUCCCAACUUUGUAAUCC,1.07896165,3.869660973,26.01787103,0.958143272,0
21ur-4249,UGAUUGAACGAAAAUGAUAUU,1.348702063,22.66515713,3.377319797,0.119767909,0
21ur-4987,UCGUUCUGAAAAUUCAGGUUA,7.282991141,76.28760205,83.18213573,15.68959607,0
21ur-1689,UCCGGAAUUCUUUCUGUAUUU,1.888182888,45.33031426,15.51065388,2.634893997,0.136909669
21ur-582,UCACUUUACAUUACAACCGAA,5.394808252,56.93929718,100.4439925,10.6593439,0.136909669
21ur-821,UGCGAGCAAAUUUAAUAUUCA,5.664548665,176.3459786,127.0872931,4.191876813,0.410729008
21ur-1462,UCGACAGAUGUUUAUGAUUUU,0,8.844939368,2.501718368,1.077911181,0.136909669
21ur-5178,UUUAUGGUUAGAAAAACUAUA,44.50716808,1328.399331,108.4494912,43.71528677,0.684548347
21ur-4452,UAUUUGUGAUAACUACGUUUC,0.269740413,4.975278394,7.505155103,0.239535818,0.068454835
21ur-3940,UCUCAUAGGGUCUCGUUGACA,4.046106189,113.3257857,78.67904267,4.670948449,0
21ur-3816,UUAGAAAACCUCGUUUAGUGA,1.888182888,52.5168275,97.81718818,25.98963624,0.273819339
21ur-4063,UUUGGAGACUUUAUGCAGAAC,1.348702063,8.844939368,6.129210001,1.19767909,0
21ur-201,UGCACAAUUGAUAAGGAUAAA,2.157923301,57.21570154,28.9156948,0.53895559,0
21ur-698,UUACACCAGUUCCGCAAACAC,1.618442476,29.48313123,230.5333476,7.725030128,0
21ur-5236,UGGUUUUCGGAUUAAAGCAAU,9.575784648,412.1188937,84.12028012,34.43327382,0.136909669
21ur-5144,UAUAUUACCAAUCGUCUGACU,0,0,0.500343674,0,0
21ur-153,UAUGUCAGGUUCCUUUGUGCA,1.07896165,27.64043552,37.90103327,0.958143272,0.136909669
21ur-908,UUGAAUCGUAGUUUUAGUGGC,6.743510315,59.15053202,151.729219,41.31992859,0.273819339
21ur-5166,UAACAUAGCAUUGAUUUCGCC,69.05354563,694.8805491,636.5622387,177.3762732,2.875103059
21ur-1767,UCACUACUUCAAUUGUUGUAA,0.539480825,3.316852263,6.504467756,0.718607454,0
21ur-196,UACCAACAUCUGCUUUGGAAA,2.56253392,34.27414005,23.20343786,4.910484267,0.205364504
21ur-1319,UGGUGAAUUAUUUUAGCAAUG,0,16.0314526,1.125773266,0.239535818,0
21ur-2714,UCAUUGUAACAGUGGCAUGAG,0,0.55280871,2.001374694,0.119767909,0
21ur-4670,UGCAGAGGCUGGAAAAAGUGC,0,0.55280871,8.255670614,0.119767909,0
21ur-836,UGGUCCUUGAUUAAUUUUCAU,15.37520352,65.78423655,13.38419327,0.119767909,0
21ur-1937,UCGAAUCAGUUAAAAUGUUUG,0.269740413,1.658426131,1.876288776,0.718607454,0
21ur-1118,UGUCACUAAUAUUUCGGAUUC,0,5.528087105,12.38350592,2.036054452,0
21ur-5325,UGGGUUUAUCAAAGUGCAUAC,0.539480825,14.37302647,3.377319797,0.598839545,0
21ur-892,UGGGCCAACGUUUUCAAUGAA,0,24.87639197,0.500343674,0,0
21ur-5401,UCGUGUUACAAUUGACAAACA,31.28988786,430.6379855,252.2982974,15.92913189,0.273819339
21ur-2369,UUGCAGUUUCUAUCUAUAACA,0.809221238,1.105617421,3.377319797,0.119767909,0
21ur-1905,UAGGUAGCGGUUCCUAUCUUU,0.269740413,12.71460034,6.504467756,1.556982816,0
21ur-4133,UGGGUGAACUGUGCUGCAAAA,1.618442476,37.0381836,5.378694491,0.479071636,0
21ur-4801,UAGUUGUGCUUUAUACACUCG,0,0,0.250171837,0.239535818,0
21ur-4927,UUCUUGGGUCAUUAAACCUAA,37.76365777,248.211111,41.52852491,14.49191698,0.136909669
21ur-5156,UAGUUUGGUGACUAAGGAAGA,3.236884951,22.11234842,78.9292145,2.155822361,0
21ur-4003,UAUUCGAUUCGAACGAUUGAA,0.539480825,7.923591517,4.62817898,0.718607454,0
21ur-336,UAAACGGUUCAAGUCUGUUUC,1.348702063,59.70334073,113.5780139,7.186074537,0.136909669
21ur-312,UGUUCCAAGCAUGUGUGAUGG,1.348702063,8.983141546,15.88591164,1.976170498,0
21ur-1742,UGGUUUCUCCGAAUGCAUCUA,0.269740413,2.764043552,1.751202857,0.958143272,0
21ur-3699,UUUAAACAUAAUAUAUGUAGC,7.013250728,194.5886661,79.05430042,7.784914082,0.273819339