21ur-11035,UUAAUGGGUAAGGGUUCGAUA,0.269740413,3.316852263,1.000687347,0.239535818,0.068454835
21ur-8637,UUCAUUAAGUUCAUUAAAUUA,0.269740413,3.316852263,2.251546531,0.119767909,0
21ur-6493,UGGCAGAAGCAGCAGUCAAAA,0.809221238,3.869660973,6.879725511,0.598839545,0
21ur-9754,UUUGCUGGAUAAAAUAAAAAA,3.236884951,82.36849786,31.95945215,4.371528677,0.068454835
21ur-6415,UAUUUGUGUUCAUGAAGGAAU,1.348702063,24.32358326,29.83299154,6.587234993,0
21ur-9327,UAUUGAAUCCGUUACUAAUUU,0,6.633704526,5.879038164,0.479071636,0
21ur-7673,UUUUUGAGUAAAUAUCAUAGG,0.539480825,12.71460034,15.26048204,6.707002901,0.136909669
21ur-9268,UUCAAGUUUGAUUUAUUUUUA,0.809221238,21.55953971,13.75945102,2.395358179,0.136909669
21ur-8567,UCGAGAACGGAACUUCAAAAC,0,0.55280871,4.002749388,0.479071636,0
21ur-8084,UCGUGUUAGUAAAUAACCACU,0.269740413,0.55280871,1.626116939,0,0
21ur-6727,UUCUCUUCUAGUUAGUGUGUG,0.269740413,17.41347438,11.38281857,3.652921223,0
21ur-11405,UUGAUCUGUGAAACUAUUCAA,0,6.357300171,3.002062041,0.239535818,0.068454835
21ur-11377,UUUACACAGUUUUGAAGCGCA,0,0,0.875601429,0.479071636,0
21ur-11995,UUGCCACUGUUUAAUAUUCAU,0,2.764043552,3.87766347,0,0
21ur-9746,UUUUAAAUAUGAUUCAAAACA,0,3.869660973,6.25429592,0.359303727,0
21ur-7135,UUUUUUUGCCAUCACCCGACG,0.539480825,61.91457558,76.67766797,1.317446999,0.136909669
21ur-13058,UUAGUAGACUUUUCAAACUUU,0,0.55280871,0.375257755,0,0
21ur-7657,UGAAUUUCGAUUUUGUUAAUU,0.539480825,14.37302647,9.256357961,0.359303727,0
21ur-13141,UGUUAAAUACCGAAACUUGAA,0,0.55280871,0,0,0
21ur-9000,UGUGUUUCACUUUCCUCACAU,0.539480825,1.658426131,0.875601429,0.718607454,0
21ur-5893,UCCAUUCAAUAUGGCAAAAAA,0,11.05617421,3.752577552,0.119767909,0
21ur-9882,UCUCCAAGCCUUUUCACUUUU,0,1.934830487,2.126460613,0.119767909,0
21ur-6504,UUUCAUCACAGCUUCAGAUGA,1.348702063,7.739321947,9.131272042,1.19767909,0
21ur-11459,UUCACGUUUCACUUUUUUUUA,1.888182888,27.08762681,27.51890205,7.545378264,0
21ur-5891,UUGCUGGAUAAAAUAAAAAAA,24.54637755,246.092011,87.18488512,20.06112475,1.026822521
21ur-8043,UAAAGUCAACAGUUCUGAAAU,0,2.211234842,3.502405715,1.19767909,0
21ur-7981,UAAAUGAAUAAAUCAUUCAUU,0,4.422469684,0,0,0
21ur-9263,UUCGGGAACCGUUUCGUUUUU,0,0,0.375257755,0.119767909,0
21ur-7806,UGAAAACUUUUUACAUAAUUU,0,10.5033655,6.629553675,0.119767909,0
21ur-11804,CAACAUCAAAAAGUUCAUCAG,0.269740413,0,0.500343674,0.119767909,0.273819339
21ur-7511,UCUCAAUUUAAUACUAAAAGA,0,2.764043552,1.375945102,0.119767909,0
21ur-12547,UAAAAUCGGAUUCAGAAUAUC,0,2.211234842,0.250171837,0,0
21ur-6718,UAAGAAAACUGGACGUUCACA,0,1.658426131,0,0.239535818,0
21ur-9326,UAUUGCUGAAACAGCUAGUGU,0.539480825,0,3.627491633,0,0
21ur-8453,UGGGUAAGGGUUCGAUAUUUU,0.539480825,6.080895815,4.878350817,0.718607454,0.205364504
21ur-13541,UAGUAGACUUUUCAAACUUUU,0,0,0.375257755,0,0
21ur-9835,UGUUAAAAAUGACGAGGAAUA,0,2.211234842,2.501718368,0.239535818,0
21ur-12054,UUCGAAGAUGACGAUGACCUU,0,17.41347438,9.944330512,0.119767909,0.136909669
21ur-8540,UUAAAGAAAUUUUAAAAUAAA,0,21.006731,2.001374694,0.119767909,0
21ur-12368,UCAAUGAAUUUCGAUUUUGUU,0,1.658426131,0.375257755,0,0
21ur-12184,UGUUAGAAUUGUCACAACCGU,0.269740413,0,2.376632449,0.119767909,0
21ur-11765,UAAUAGGAAAAAAAACUUAUG,0,0,0.625429592,0.239535818,0
21ur-6562,UUCAAAUACAAAUUUUGUACA,0.809221238,20.45392229,8.756014287,0.479071636,0
21ur-12042,UUCUCCAAGCCUUUUCACUUU,0,1.382021776,1.000687347,0,0
21ur-14193,UUGGGAAUAUUCAAAGUUUGA,0.269740413,2.211234842,6.379381838,0.838375363,0
21ur-14901,UGAAUCCGUUACUAAUUUAAU,0.269740413,9.397748078,8.130584695,0.958143272,0
21ur-8550,UGCUUAAUCUCUUUGAUCACA,0,5.25168275,3.752577552,0.958143272,0
21ur-7730,UAAAAGCACUGAUAACAUUGA,0.269740413,0,0.625429592,0.119767909,0
21ur-11140,UCUCUUCUAGUUAGUGUGUGA,0.269740413,0.276404355,1.501031021,1.257563044,0
21ur-12430,UAUAUUCAUAAAACGACGAAC,0,0,1.501031021,0,0