21ur-14820,UGCCUUCUGAAUAAAUUUAGA,0,0,0.125085918,0,0
21ur-2712,UCGAUUGUUUGCCUCUAAACC,0.539480825,35.37975747,6.379381838,1.377330953,0
21ur-188,UUACAGCCAAAAAAUGCAUUC,0.269740413,1.658426131,2.001374694,0,0
21ur-3464,UCUAAGUGUUUACAGAUCAAA,0.269740413,4.975278394,2.376632449,0.239535818,0
21ur-1546,UAGCAUGUAAUCAAUACGACA,0,0,0.500343674,0,0
21ur-765,UACUCUACUGAAACGUGAAAA,16.45416517,171.923509,131.3402143,28.38499442,0.273819339
21ur-1465,UACAUAGGAAUCGAAAUAUGC,0.269740413,2.764043552,11.88316225,0.838375363,0
21ur-1693,UCAUUCGAUUGUUUGCCUCUA,0.269740413,1.105617421,0.375257755,0.119767909,0
21ur-2640,UUCACGCAUUAUUUCCAAAGA,0,2.211234842,12.25842,0.598839545,0
21ur-1109,UCACAGAUUCUCCAGAAGUCU,1.618442476,6.080895815,1.375945102,1.916286543,0
21ur-2264,UGUUGCUCUUACAUUCGUGAA,12.00344836,313.7189432,148.664614,31.37919215,0.136909669
21ur-3109,UUUCAAUGCGCUUGUCAAUGA,1.348702063,6.633704526,25.51752735,2.634893997,0
21ur-1789,UAACAUGGUUAUUUCUAAAGA,22.38845425,278.6155901,190.3807678,32.93617496,0
21ur-4657,UCUGGCGUGGUCCCAUAACUU,5.529678459,94.53028949,4.440550103,5.74885963,0.136909669
21ur-1959,UAUUGUAUUCAUGGAACUAUA,0.134870206,7.186513236,3.189690919,0.299419772,0
21ur-474,UGUGUUUAUUUUCGAACAGUA,0.809221238,8.844939368,5.378694491,2.036054452,0
21ur-4527,UGAUGUCCGAUUUAGUUGAAG,6.20402949,114.9842118,66.6707945,9.940736443,0.136909669
21ur-1983,UCAAGCAAGGUUACCGAAAUA,21.4443628,544.4244451,627.1807948,65.2934717,1.095277356
21ur-2266,UGGGUUUUUUAUUGUGGAACU,15.91468434,1693.25308,63.66873246,37.84665923,0.273819339
21ur-842,UGUGAAGAUUUUGAAUACUUU,8.092212378,175.7931699,72.67491858,12.33609462,0.410729008
21ur-430,UCAAUCACCACCCAUCAUCAU,3.236884951,92.31905465,267.6838654,2.874429815,0.205364504
21ur-2905,UUCAAUCAGAUUGAUUUGUCC,0.269740413,29.57526601,24.32921113,10.06050435,0.136909669
21ur-148,UCCGAAAAAUCGAUUAUGGAC,0.809221238,21.006731,48.90859409,0.838375363,0.136909669
21ur-4304,UGUGCAGUAUGCAACUCUCAA,7.282991141,126.040386,34.52371348,5.509323812,0.410729008
21ur-3161,UGUUGAUAUGAGGAAAUCGGG,0.809221238,3.869660973,0.875601429,0.119767909,0
21ur-219,UUCGGGAGUAAAAUGUUGUAU,0.269740413,15.47864389,11.25773266,1.317446999,0.136909669
21ur-1281,UGUUGAUAGCACGAAAAAAGC,0.269740413,14.92583518,4.127835307,0.119767909,0.136909669
21ur-10657,UGGUUUUAUCUAACAAACAGU,0,1.105617421,2.626804286,0.359303727,0
21ur-12938,UUCUGGCGUGGUCCCAUAACU,0.134870206,8.844939368,0.312714796,0,0
21ur-14869,UGAUAGCACGAAAAAAGCGCA,0,0,0,0,0
21ur-10975,UUCCGAAAAAUCGAUUAUGGA,0.269740413,0,0.500343674,0.239535818,0
21ur-15117,UCACCACCCAUCAUCAUAGUU,0,1.658426131,1.438488061,0,0
21ur-10458,UACGUUUUUCACGCAUUUCCC,0,0,0.875601429,0,0
21ur-10853,UUUUGAUUGGUUUUUUAAGUA,0.809221238,11.05617421,4.62817898,1.137795135,0
21ur-9399,UUGUUGCUCUUACAUUCGUGA,0.404610619,4.422469684,14.07216582,5.030252176,0
21ur-14579,UUACAGUAGGCGUUGUAGGCG,0,0,0,0,0
21ur-8432,UUGGAAUCAAUUAUUUUUCAA,0,3.869660973,0,0,0
21ur-9825,UUAAGAGCAACUUGUAUUUUU,2.697404126,18.79549616,13.82199398,5.090136131,0
21ur-6996,UGCGAUUUUUUUAAAAUUAAA,1.07896165,60.44041901,22.76563715,1.19767909,0
21ur-14714,UGUCCGAUUUAGUUGAAGAAA,0,0,0.125085918,0,0
21ur-5584,UGAACAUAAUUUUUGUUUCAC,0,8.292130657,0.500343674,0.119767909,0
21ur-6172,UUCAUCAGAAAAAAAUGAAAG,0,16.0314526,2.751890205,1.796518634,0
21ur-15109,UCACUUUUUCUUGCGUAGCCA,0,0.55280871,0,0,0
21ur-10245,UUUAAGAGCAACUUGUAUUUU,0.269740413,3.316852263,3.439862756,0.658723499,0
21ur-11390,UUGGUUUUUUAAGUAAAGAUA,0,3.869660973,0.625429592,0,0
21ur-5945,UCAUAAACAACUGAUCAUAAA,0.269740413,8.292130657,5.003436736,0.598839545,0
21ur-5849,UUUGAAGAACUAAAAAAAGAA,6.20402949,110.0089334,76.30241022,8.862825263,0.273819339
21ur-9417,UUCUGGGUUUUUUUUUCGAAA,0.539480825,15.47864389,0.75051551,2.754661906,0
21ur-10295,UUCAAUCACCACCCAUCAUCA,0,1.105617421,12.94639255,0.239535818,0.068454835
21ur-8731,UUCCGAUAAUUUUCCAUGUUG,0.269740413,0.55280871,4.378007144,0.598839545,0.273819339