21ur-6327,UUUCUCAUCCGGUCCAAGAGG,5.664548665,19.90111358,44.53058695,2.355435543,0.068454835
21ur-12721,UUUGACAUCAAAGAAAAACAG,0.809221238,1.658426131,2.376632449,0.479071636,0.684548347
21ur-8138,UUAAUCUUCUCAAAAACAAAU,0,0,10.13195939,0.119767909,0
21ur-10671,UGCUGCUGGUCUAUUAAAUGC,0,0,2.751890205,0,0
21ur-6840,UUUGGAUAUUGGUCAACUUUU,5.934289078,80.15726302,48.40825042,6.347699175,0.273819339
21ur-13840,UUUUGAGGCAAGUAAAUGAUU,0,0,0.875601429,0,0
21ur-10088,UGUCACUUUGGGAAUUUUUCU,0,2.211234842,1.375945102,0.119767909,0
21ur-8659,UGGUUGGUUCCUCAUUGAAGA,0.944091444,22.2044832,5.191065613,0.479071636,0
21ur-15520,UAAAGUUUUUUGAAGUUUUCU,1.753312682,11.88538728,16.32371235,7.006422674,0.273819339
21ur-5812,UCAGAAAUUUUUUGGGCUUUU,1.07896165,37.0381836,23.26598082,2.27559027,0.136909669
21ur-11952,UUUACUGGUUUUCAUUUUAAA,3.506625364,108.0741029,20.51409062,6.347699175,0.136909669
21ur-9191,UAAUUUUUUCAUUUGCAGAUU,0.269740413,8.568535013,4.252921225,0.598839545,0
21ur-6762,UUCUUCAAACGCCCAUCAGAU,0,1.658426131,8.630928369,0.119767909,0
21ur-13443,UCAAAGCUAUGUUCAAUAAAC,0,0,3.627491633,0.239535818,0
21ur-12664,UUUUCAAAAUUUUCUGAAAUA,0,0,0,0,0
21ur-15236,UAUUAAGUUUCCAAUAUGAGA,0,0.55280871,1.000687347,0.119767909,0
21ur-11941,UUUAUUAACAAUAUCCUUAGC,0,0.55280871,3.502405715,0,0
21ur-9422,UUCGAUCGAUACGCUAGGUGA,0.089913471,0,0.187628878,0,0
21ur-10770,UAGUGAUAGUGAUAGAACAUA,0,1.934830487,0.250171837,0.059883954,0
21ur-13497,UAUUAAUUAAAUGUCCGGGAA,0,0.829213066,0.687972551,0,0
21ur-10160,UAGUUUAUAUUUUAUUCCCUU,2.427663714,11.60898292,12.63367776,2.036054452,0
21ur-6588,UUUGGUUUGUCAUUAAUGUAG,1.348702063,21.55953971,6.379381838,2.634893997,0.136909669
21ur-10442,UAUAUAUCUGGAAUUUUUAUU,0.539480825,71.86513236,31.77182327,1.676750725,0.136909669
21ur-6338,UUCUCCGUUCAUAUAGAAAGG,1.348702063,4.975278394,3.12714796,0.479071636,0
21ur-8297,UGAGGAUUUUUUAAGAACUGG,0,1.658426131,1.250859184,0.359303727,0.136909669
21ur-11319,UUUUCAAAAAGUUGUUUAAAA,0,6.080895815,0.562886633,0.179651863,0
21ur-6460,UAUCUAAUUGCAAAAACAUCA,0,5.528087105,10.63230306,0.718607454,0.136909669
21ur-11272,UAAAACGUCAAAAUCAUUUUU,0.539480825,12.9910047,29.52027674,0.479071636,0
21ur-10254,UUGGGACAUUAAAAAGUGAUU,0.404610619,9.397748078,6.19175296,0.778491408,0.342274174
21ur-13096,UUAAUGAAUAAUUAACUGUUU,0.269740413,3.316852263,2.751890205,0.119767909,0
21ur-15603,CUCCAAAAAUUCGAAUAUGCU,0,0.55280871,0.75051551,0,0.273819339
21ur-12520,UAAUAGAACGUUUGGAAAAUU,0,1.382021776,0.125085918,0,0
21ur-13698,CGCUGAUAUUUCUACACAGAU,0,1.658426131,0,0.119767909,0
21ur-10888,UUUCUGGCAACACACAAAAAA,0,0.829213066,0.375257755,0.119767909,0
21ur-10170,UACCGGUUGAAUUUUUUUUUU,0,8.292130657,4.252921225,0.598839545,0.136909669
21ur-11501,UUAAUUCAAUGCCAAAAACAA,1.07896165,23.77077455,4.503093062,1.077911181,0
21ur-11687,UAUUCAUCAUGAUUUCCAUCA,0,0,0.250171837,0,0
21ur-12670,UUUUAUCAGUUUCCAUAAUCU,0.539480825,5.528087105,5.253608572,4.790716358,0.136909669
21ur-6369,UUUGUACUUAUUGAAAGUUGC,0,4.975278394,24.01649633,1.077911181,0.136909669
21ur-7450,UUGACAGUUUUUAUACGUGGG,0.539480825,0.55280871,6.754639593,0.239535818,0
21ur-9361,GAGGACCAUGUCAAAUGUUGA,0,1.658426131,0,0,0
21ur-15126,UCAAUGUUUCAAUGUUGGAAC,0,0,0.625429592,0,0
21ur-12955,UUCUACGUUUUGAAUAGAACU,0,0.55280871,0.125085918,0,0
21ur-7602,UAUUCUUGAACGGCUAGGAUC,0,2.53370659,2.189003572,0.718607454,0
21ur-6467,UGAUUUGCAAAAUCAAAUUCA,0,8.292130657,0.375257755,0,0
21ur-9070,CAAUAAAAUUUAAAAGUGCAA,0,8.844939368,3.377319797,0,0.136909669
21ur-9542,UUUUUAUGGGUGGUCAUUGGU,1.888182888,33.44492699,15.76082572,1.137795135,0
21ur-10828,CUAGUGAUUGAGUAGUAAUGC,0.809221238,9.397748078,4.252921225,0.239535818,0.273819339
21ur-10152,UAUGAUUGCUUAGUGGAAGAU,0.404610619,1.658426131,0.875601429,0.119767909,0
21ur-14610,UUAAUAGGAUUCGCAAUAUUG,0,0,0,0,0