21ur-13536,UAGUCUUUACGAUACAUAUGA,0,0,1.626116939,0.119767909,0
21ur-7804,UGACUAUUAAAAAAUCGGGAC,0,1.658426131,5.753952246,0,0
21ur-4617,UACGUACUCCAGAUUUGUUUU,0,1.105617421,1.876288776,0,0
21ur-4773,UAGAAUGCUCGUAGAUCUUGG,0.539480825,0.55280871,6.25429592,0.958143272,0
21ur-5066,UGUGACUAUAUUUACAAUCAA,5.394808252,139.5841994,10.75738898,0,0
21ur-2800,UCAUAGUUCAUUUUGAAAAUA,0.539480825,25.98200939,20.26391878,4.431412631,0
21ur-3037,UAAUCCGAAGCAAUUGAAAGG,0.269740413,1.382021776,35.64948674,1.317446999,0
21ur-330,UUGCAAAGUGGGAAUUGAAAG,10.25013568,328.368374,194.633689,27.42685115,1.232187025
21ur-3303,UAGCACUUAAACAAAUCUCAC,0,3.869660973,9.131272042,1.556982816,0
21ur-540,UGUAGAUAAUAUUUUAGUUGU,0,0,1.501031021,0,0
21ur-828,UGAUCUUUACGGGCUUACGAA,0,4.975278394,3.002062041,0.479071636,0
21ur-4345,UAUGAUCCACUUUUUAUUUUC,0,1.658426131,6.379381838,0.359303727,0
21ur-4007,UGCUCGACUAUUCAUCUUCAA,2.157923301,13.82021776,26.14295694,5.269787994,0
21ur-2836,UAUCGACAAACUCUGAUCGAU,0.539480825,3.869660973,1.375945102,0.479071636,0
21ur-2615,UACCAACAUGCAUUACCAACA,0.269740413,1.658426131,3.627491633,0,0
21ur-3985,UUGUUAACUGCUUUUUGUCUC,4.315846602,51.96401879,96.94158675,35.3914171,0.547638678
21ur-11486,UUAUCUUUAAUCAAAAAAAAA,0,12.71460034,3.502405715,0.119767909,0
21ur-9371,UUUUGAUUGCUACAUCAGUUU,0,3.316852263,1.751202857,0.119767909,0
21ur-8477,UAUUAUACCUUUAUUCCCAAA,0,8.568535013,2.564261327,0.119767909,0
21ur-14513,UUAUACCUUUAUUCCCAAAUU,0,0.55280871,0.062542959,0,0
21ur-6615,UAUCACUUUUUCGUUUUUAGG,0.809221238,2.211234842,3.12714796,0.359303727,0.136909669
21ur-14933,UCUUUACGGGCUUACGAAGUU,0,0.55280871,0.125085918,0,0
21ur-6004,UUGGAUUGCUUCUUUCAACGU,0.809221238,1.105617421,5.628866328,0.479071636,0
21ur-14592,UUAAUUGUUAACUGCUUUUUG,0,0,0,0.059883954,0
21ur-10269,UUCUUCUAGAGUCCAACAAUU,0,0.55280871,0.125085918,0,0
21ur-9172,UAUUGUGACUAUAUUUACAAU,0.809221238,52.79323185,0.500343674,0.239535818,0
21ur-8203,UUCGGAUUUUAGUGUUCGAUU,0,0,0.250171837,0,0.136909669
21ur-13616,UAAUCCUUCUAAAUACUCAUG,0,0,1.501031021,0.119767909,0
21ur-6580,UCGGCUCAACUUUUUAACUUU,0,4.422469684,5.753952246,0.359303727,0
21ur-11767,UAAUAAUCCGAAGCAAUUGAA,0,0.829213066,4.62817898,0,0
21ur-11125,UCUUUUUUGAGACUUAACUGA,0,0,0.375257755,0,0
21ur-6322,UCUUCUAGAGUCCAACAAUUG,0,2.211234842,7.254983267,0.479071636,0
21ur-12562,CGUUUCAAACAAACUCACUUC,0,0.55280871,0,0,0
21ur-9717,UAACUCCUCCUUCAAGUUUUU,0,0,1.375945102,0,0
21ur-14361,UUCCUGUUCGAGGCAUUAAAA,0.269740413,0,1.250859184,0.479071636,0
21ur-11705,UAUACCUUUAUUCCCAAAUUG,0,0,0.687972551,0,0
21ur-5073,UUUGACUUUAUUGAAGAUUCU,2.157923301,12.9910047,16.01099755,4.670948449,0.136909669
21ur-3297,UCGGGAUCAUGCUCGACCUCU,0,1.658426131,4.753264899,0,0
21ur-1274,UGUAAUCCAUCGUUAAUGUUU,2.697404126,32.06290521,89.43643165,7.425610355,0.547638678
21ur-4965,UCGGUUUUUAUUUAUCUCUGU,0,7.186513236,1.751202857,0.479071636,0
21ur-4253,UGGUAUCUGUGAUUUGCGAAU,24.54637755,707.5951494,555.3814777,27.30708324,3.148922398
21ur-665,UAGUUCGUUAUUUCUCAACUU,0.809221238,8.844939368,8.130584695,4.910484267,0.684548347
21ur-1191,UCCUGUUACUAAUUUCAAUUG,0,2.211234842,3.502405715,0.359303727,0
21ur-4181,UAUGUAUAGAUUGGAUUUUGG,3.506625364,49.19997523,165.1134123,40.96062486,1.095277356
21ur-4141,UAUACUUUGACAUUGACGUUC,0.269740413,4.422469684,34.0233698,1.437214907,0
21ur-3799,UUACACAUUCUGUACCACUUU,0,0,0,0,0
21ur-3597,UUUGAUAGACUUCCUUAACGC,0,2.764043552,3.064605001,4.371528677,0
21ur-2571,UCCUAUCAUACUUUCAAAAAC,0.539480825,16.0314526,15.01031021,0.838375363,0
21ur-13558,UAGACUUCCUUAACGCUAGGG,0,0,0.500343674,0,0
21ur-14434,UUCAAUGCAAUAGUAUGUAUG,0,0,0,0,0