21ur-6273,UUUCAAAAAUUUCUUCCAUGA,0.809221238,20.86852882,62.29278736,9.22212899,0.410729008
21ur-12314,UCUGAGGAUUUUUUGUGUCUC,0,1.105617421,0.500343674,0.479071636,0
21ur-7825,UAAGUCAGGGAUCUGCUUUCU,0.269740413,1.105617421,16.76151306,0.359303727,0
21ur-13201,UGGAAAACCGAUCUGACUACA,0,0,1.125773266,0,0
21ur-11138,UCUGUCUUUAGUCCAAAAUGC,0,0,0.250171837,0,0
21ur-10543,UUUCAGUUUGGACUUUGGAGU,0.269740413,2.211234842,1.501031021,0.359303727,0.068454835
21ur-6344,UGAGUUGAUUUUAUCACGAAU,0.539480825,6.633704526,10.8824749,0.718607454,0
21ur-9484,UCACUCCUCUUUUUCUAUUUG,2.157923301,21.83594406,11.63299041,1.317446999,0
21ur-7196,UGACACUUGUUUAAGCCAAUU,0.269740413,4.975278394,3.502405715,0.119767909,0
21ur-10271,UUCUGCAUCAGUAUCUAUUAU,0,5.528087105,1.501031021,0.239535818,0
21ur-15650,CAAGGCAUGUGUAGGAAAGGC,0,0.55280871,0,0,0
21ur-11024,UUACUUCCUUUGUGAUCUCCU,0.269740413,0.36853914,2.126460613,0,0
21ur-12631,UUUUGUCGAACUUCUUGAAUU,0.134870206,0.55280871,0,0,0.068454835
21ur-15041,UCCUACCUUUAAAGUGUUUUU,0,3.869660973,0.625429592,0.059883954,0.068454835
21ur-8274,UUCUUGUUGUGUUUUAUAGUA,1.348702063,37.0381836,28.39450347,1.796518634,0
21ur-11750,UAAUUCUGACAUUUCUUCUGA,0,0,0.125085918,0,0
21ur-10703,UCUGUUGUCAAUGGUAACUUG,0,0,1.125773266,0.119767909,0
21ur-10156,UAUAUAGUUGUAAAUGUAUUU,3.776365777,6.633704526,7.00481143,1.317446999,0
21ur-7263,UCUUUUCAAAUUACAUAAAAA,0.809221238,42.013462,23.51615266,0.838375363,0
21ur-7666,UAUUCAAUUGACAGGGCAUCG,1.888182888,138.7549863,77.17801165,5.269787994,0.136909669
21ur-15628,CCUUGUGAAAGAAUUGAAUUA,0,0,0.125085918,0.119767909,0
21ur-12222,UGGUGUUUUUCGGGACUUUAA,1.888182888,19.34830487,5.253608572,2.994197724,0
21ur-8156,UGACUCAGAAAAAAUUUCAUU,0,1.934830487,0,0.179651863,0.068454835
21ur-13504,UAUUAAAAUUAGGCGUCUCUA,0,0,0.250171837,0,0
21ur-6030,UUUUUGGAAUUUUUCGUGACA,11.19422712,32.06290521,32.39725286,16.7076233,0.205364504
21ur-6354,UUGUGGGGCUAUUCGCGAAAU,3.776365777,63.020193,40.52783756,0.239535818,0
21ur-6334,UCUGAAGUUACAUCAAAAACU,0,0,1.250859184,0.119767909,0
21ur-10423,UAUUCCUAUUGACAUGGACUC,0.809221238,7.186513236,8.756014287,1.916286543,0
21ur-6754,UAUUUUUGUCGAACUUCUUGA,2.292793507,28.46964859,38.50561521,4.251760768,0.068454835
21ur-15571,GUAUUUUUGAACGUCUUUUCC,0.134870206,0,0.625429592,0.119767909,0.136909669
21ur-5707,UUCUGACAUUUCUUCUGAAAG,1.07896165,4.422469684,12.00824817,2.515126088,0
21ur-7931,UAGAAUCGUUUUAAUAACUGA,0,0,0.75051551,0.359303727,0
21ur-12743,UUUCUCGACGGUGUGUUGUCC,0.269740413,0,0.125085918,0.059883954,0.136909669
21ur-6320,UGCAAUGGUAAAUUGCAGUGG,0,21.55953971,8.255670614,0.239535818,0.136909669
21ur-7297,UGAGCUUUCUUUAUUAAUUAA,2.157923301,27.64043552,9.256357961,0.958143272,0
21ur-10100,UGCGAACUUUUCUCUAUUUUC,0,0,0.125085918,0,0
21ur-11477,UUAUUGUAGAAUAGAAUAAAC,0.719307767,0,0.323138623,0.259497136,0
21ur-9362,GAAGAACUAUCAAAACAAUAA,0,0,0.125085918,0,0.136909669
21ur-13846,UUUUGAAAUUUUCAAGCCAGC,0.269740413,0,0.250171837,0,0
21ur-14903,UGAAGUCUCAUCGCACAUUUG,0,0,0,0,0
21ur-15569,GUCUCUUGACGCUUCGGAAGU,3.776365777,0,0.625429592,9.940736443,16.29225067
21ur-15587,GAGUCUCUUGACGCUUCGGAA,2.157923301,2.211234842,0.625429592,5.74885963,16.01843133
21ur-15630,CCGCCGAUUUGUCAUCGUUGA,7.822471966,0,1.000687347,8.743057354,75.98486655
21ur-15588,GAGGGAUGGUAAACGAACGAA,0.269740413,0,0,0.479071636,0.958367686
21ur-15078,UCAUGCACAGUAAACUUUACA,0,0,0,0,0
21ur-11564,UGGAAUAUUAAUUUUAUAAAU,0,0,0,0,0
21ur-8512,UUUCGAUAAAAGUGGCAAAAA,0,2.211234842,1.250859184,0.119767909,0
21ur-12482,UACUAUAAUAAUCGUGUAGAC,0,1.105617421,0.375257755,0,0
21ur-10699,UGAAAAAAUGAUCUCAACAAA,0,0.55280871,0.375257755,0,0
21ur-15589,GAGGAGAGGUGGGGCUCUGCA,0,0,0,0.119767909,0.136909669