21ur-4634,UGUGCCGCUAUGUUCAACAUC,1.07896165,291.8829991,2.876976123,0.359303727,0
21ur-4596,UGAGUCUCACAGUUUUUAGCA,2.157923301,106.1392724,7.442612144,3.293617496,0
21ur-1787,UACAAUAGCACGAAUACGAUU,2.967144539,140.4134125,158.9842023,6.707002901,0.136909669
21ur-493,UCUCAUUUUACCAGUUAUUUA,2.697404126,44.22469684,64.04399022,10.41980808,0.684548347
21ur-1828,UGCAAUUGGCGACUUUCUUGU,0.539480825,9.950556789,6.879725511,0.119767909,0
21ur-3745,UGGCUCUCCAUUCGAGGGUAA,9.710654854,172.4763177,67.92165369,9.461664807,0.684548347
21ur-5200,UAUUCAUUGUUCUUUAAAGGG,3.64149557,39.5258228,51.28522654,12.15644276,0.273819339
21ur-5226,UCUGUGUUCGGUGGACUUUCA,70.13250728,1347.747636,76.05223838,122.0434992,2.190554711
21ur-3207,UCGUUGUGCAGUAUGUAUCAC,1.618442476,6.633704526,22.39037939,1.676750725,0
21ur-3259,UAUCCAUGAUAUAUAAUGACC,9.171174029,69.10108881,46.15670389,7.545378264,0
21ur-2068,UCAGAGUAUUUUAUUCAGAAA,1.07896165,19.07190051,14.66632393,0.688665476,0
21ur-5100,UCUCCGAAAAUAUUCCGCAUU,0.539480825,0,2.751890205,0,0
21ur-4626,UUCAAAGUUUCUCUGUUUGCG,3.506625364,14.92583518,21.13952021,10.53957599,0
21ur-1296,UAACAGCCAUAUUUGCGCGCC,6.743510315,5.528087105,6.25429592,1.796518634,0
21ur-4791,UGAAUUUUGCUUAAUGUGAAG,7.552731553,151.1931823,120.9580831,7.784914082,0
21ur-3931,UGAGAACAUAGCUUUUUUUCA,0.809221238,6.633704526,0.500343674,0.239535818,0
21ur-651,UGCAAGGCCACCCUGUUACCC,0.269740413,12.16179163,1.501031021,0,0
21ur-4403,UUAUUCGAAAUUUUAGUCAGU,1.888182888,19.34830487,76.30241022,13.05470208,0.273819339
21ur-5255,UCACAAGGUAGAAAGCUAUCA,6.20402949,61.36176687,25.39244143,8.383753627,0.136909669
21ur-3135,UUAAUGAGCGUUAAAUAUGUA,5.394808252,33.16852263,42.21649746,10.95876367,0
21ur-1734,UACAUGUUCUCCAUUUUAUCG,2.967144539,3.869660973,7.00481143,7.305842446,0.273819339
21ur-2400,UUGGUGCCUGUUGCUAGAAUC,0.404610619,25.42920068,3.439862756,0.239535818,0
21ur-4219,UGGACUUGUGCUGUUUUCGCG,1.888182888,78.77524125,84.18282308,9.162245035,0.547638678
21ur-5015,UGUAGUACACACACCAUAGAA,2.427663714,4.422469684,24.01649633,0.119767909,0.136909669
21ur-2209,UAGACAGAUUGGCCUGUAAUU,1.618442476,44.96177512,142.535404,17.24657889,0
21ur-1623,UAUGGAAAUGCGGUUAUUUGA,38.572879,410.1840632,79.92990185,12.69539835,1.506006364
21ur-3503,UCUGUGAGUCUUGUUCUGUGA,0.809221238,49.75278394,11.38281857,14.25238117,0.547638678
21ur-4600,UGAAGACAUGCAAAACAGGGG,1.625935265,4.146065329,20.01374694,1.330754544,0.273819339
21ur-3659,UUGAUAGUGUCACAUGGUGUU,0,8.568535013,7.067354389,0.598839545,0
21ur-4411,UGGUAAUGAUAUUUGAACAAU,12.27318877,381.7144146,87.99794359,11.73725508,0
21ur-1105,UGCAUUUUUCCAUUGCAUGAA,4.046106189,97.29433305,28.95739011,2.634893997,0
21ur-832,UGUCGUUGUUUUUGAGCGUUU,5.664548665,6.633704526,30.58350705,9.581432716,1.437551529
21ur-2015,UGCUCCAUUUUUUCCCCAACU,3.236884951,74.62917592,46.2817898,2.994197724,0.136909669
21ur-1891,UCAACAUUUCUCUGUUUCAGC,0.269740413,1.658426131,16.38625531,1.077911181,0
21ur-4489,UUUGUCGACUUCAAAUGACAC,11.19422712,132.6740905,263.55603,27.3669672,0.205364504
21ur-5070,UGACUUACCUGUUUUUUCCUG,0.809221238,7.186513236,51.28522654,2.27559027,0
21ur-2705,UGAGUCAUUAAACAAUAAGUG,0,12.71460034,41.02818123,2.754661906,0.136909669
21ur-3047,UAGCACUUCAAAAAUUAGGAG,3.506625364,8.015726302,14.38488061,2.215706316,0
21ur-1743,UAGUUAAUAUUUUCAGACCAC,0,0,0.500343674,0,0
21ur-3966,UACUAUUGUCAGUCUCACAGG,0.269740413,7.739321947,11.38281857,0.359303727,0
21ur-4322,UCAUGUCGUUAAAUGUAUCGA,0.134870206,3.316852263,16.32371235,0.958143272,0
21ur-3886,UGAAGAUGGCAAAAACUUUCA,1.618442476,76.5640064,8.693471328,0.359303727,0
21ur-4135,UGUGCUUUCAAAAAAAUGCAG,0.539480825,4.422469684,0.250171837,0,0
21ur-4204,UAAGAAUGUUGCAAUUUUCGG,6.743510315,49.75278394,165.3635841,34.7326936,0.410729008
21ur-3974,UAGUGUGAAAAUGAAAAAUAG,0,1.382021776,1.876288776,0.359303727,0
21ur-4098,UAUGAUCGACUAUAAUAGGAU,0,0,1.125773266,0.119767909,0
21ur-7,UAACUUAUGUUUCAUCGUUUU,0,0.55280871,4.127835307,0.359303727,0
21ur-4013,UUGUCCUUUCAUGGGAGAACU,4.046106189,6.080895815,4.878350817,1.317446999,0
21ur-1353,UCAGAACAUCACAUGAUGGUA,1.07896165,3.316852263,16.76151306,6.82677081,0.273819339
21ur-1193,UCAUAACAAACUGGGCAUAAA,46.39535097,2722.03009,1603.351302,54.8537023,0.410729008