21ur-14362,UUCCUCUUUUUUCCCAUACAC,0.269740413,3.593256618,5.003436736,0.359303727,0
21ur-7585,UUGAAUAGGUGUUAUUAUUUG,0,47.5415491,5.753952246,0.359303727,0
21ur-12444,UAGUUGAUUUUCAUUUGUCAG,0,2.764043552,1.375945102,0.299419772,0.068454835
21ur-9699,UAGCUUUGGUUUUAACUAUAA,1.07896165,9.397748078,5.253608572,0.119767909,0
21ur-6717,UAAGUAUUCACAAGGGAAGCU,0,2.211234842,4.62817898,0.359303727,0
21ur-6745,UUGAUUUUCAUUUGUCAGUUA,3.236884951,17.68987874,44.03024327,13.71342558,0.342274174
21ur-13511,UAUGCAGAGAAGGCUUUCUUU,0,0,0.125085918,0.119767909,0
21ur-10500,UUUUUUGGGAAAAUACGAAUG,0.269740413,0.55280871,3.252233878,0.059883954,0
21ur-11242,UAAUUUCUUCAAAAAAAAAUA,1.348702063,21.49241294,13.72817954,1.437214907,0
21ur-14580,UUACACGUUUUUGUCUUGCCU,0,0,0.125085918,0,0
21ur-10065,UUCACUUACACGUUUUUGUCU,0,2.764043552,2.001374694,0.479071636,0
21ur-12753,UUUCCGCAUUCAAAGUGAACU,0,0,0.500343674,0,0.068454835
21ur-8158,UCUGGCCAUUUGCGAAAAAUU,0,7.739321947,1.751202857,0,0.136909669
21ur-7060,UUAUUGCGCUCUUAAAAAAAG,0.809221238,5.528087105,7.380069185,0.359303727,0
21ur-9543,UUUUGGUCGAUUUACCAUAUU,0,0.55280871,0.75051551,0.239535818,0
21ur-9656,UCGAAAUCCUCCCAAUUAUUU,0,3.316852263,1.501031021,0,0
21ur-15594,CUUUAAAUUCACCACUUGAGA,0,0,0,0,0
21ur-8838,UUCCAUUUGUGAUCUUUUGGU,0,1.105617421,0.500343674,0.718607454,0
21ur-6095,UAUUUGCUUUUGUAGAACUGA,1.618442476,23.21796584,36.52508817,9.581432716,0
21ur-10716,UCGACAGGUUUCUGACAAAAU,0,0,0,0.119767909,0
21ur-7913,UCUCUUUCUCGAAAAACUUUC,0,1.658426131,1.000687347,0.239535818,0
21ur-11462,UUCACAAAAUUUCACAAAGGA,0,0,1.250859184,0.239535818,0
21ur-15492,UAACGACACUUUAGCAAAAAA,0.134870206,1.105617421,0.625429592,0.119767909,0
21ur-10127,UCAUUUUUUUUUCCACGUCAA,0,2.764043552,5.128522654,0.958143272,0
21ur-8027,UCCUCAAGGGGAAAGCGUCUC,0,0,3.252233878,0.239535818,0
21ur-12134,UUAAUCUUUCAAAUUUCUCAU,0,0,1.375945102,0.419187681,0
21ur-5996,UGGGUCAUUAUACUGCUGCAA,1.348702063,80.15726302,4.753264899,5.509323812,0
21ur-7258,UGGAUUCUACUAUAUGGUACA,0.404610619,12.53033077,0.500343674,0.838375363,0
21ur-15185,UAUUGGAUUCUACUAUAUGGU,0,0.921347851,0.875601429,0.119767909,0
21ur-8353,UUCUUAUGAUUUUCAGUUUCA,1.348702063,8.292130657,13.82199398,14.25238117,0.136909669
21ur-6134,UUGGCUAGUUGGUCCCUCUUU,0.539480825,3.869660973,4.503093062,0.479071636,0
21ur-10031,UUUAAAUGAAAAAUUAAAAAA,0.269740413,19.90111358,7.75532694,0.119767909,0
21ur-12173,UGUUCUGAAAUCAUUGGGUUG,0,0,0,0.119767909,0.136909669
21ur-15615,CGGGAUUGGUCGACGACGCAG,0,0,0,0,0
21ur-12221,UGGUUGUAUUUUGACCUAUUU,0,0,0,0,0
21ur-9023,UCUGCAUAAGACCUUUUUUUG,0,0,0.625429592,0,0
21ur-11060,UGUUAGAACUUUUUGGUUAAU,0,0,0.125085918,0,0
21ur-10777,UAGAACUUUUUGGUUAAUUGU,0,0,0.375257755,0.119767909,0
21ur-15174,UAUUUCAUAGUCCGUCUAUUA,0.539480825,0,4.378007144,0.359303727,0.136909669
21ur-13184,UGGCUAGUUGGUCCCUCUUUU,0,0,0.125085918,0,0
21ur-14076,UUUAUUCAACUUUCCUAAACU,0,1.658426131,1.000687347,0,0
21ur-14198,UUGGAUUCUACUAUAUGGUAC,0.134870206,2.579773982,0.125085918,0,0
21ur-13031,UUAUUCUCUUCAGAGAUGGCU,0,0,0,0,0
21ur-7819,UAUGAAUUUUGCUCUAUAAGC,0,0,5.628866328,0.838375363,0
21ur-13207,UGCUGCAAUGCACAUUUCCUG,0,0,0.250171837,0,0
21ur-8998,UGUUCAGGCGAAAUUUUUCUA,0,0,0.625429592,0,0
21ur-13743,UUUUUUUUCCACGUCAAACUC,0,0,0,0,0
21ur-11610,UCUUUCAAAUUUCUCAUGGAU,0,0.55280871,0.500343674,0.179651863,0
21ur-7079,UUUAUUCUCUUCAGAGAUGGC,0,0,2.376632449,0.479071636,0
21ur-10290,UUCACUUGACCGAUUUCUUCA,0,0,2.063917653,0,0