21ur-1456,UCAGUGCCACUAUUAUAUAUG,0,6.910108881,0,0,0
21ur-2975,UAGUCCAUCGAUUUUAUAUAG,0,3.316852263,8.255670614,0.838375363,0
21ur-768,UAAGAGGAAGCCAGCCAUUAA,15.10546311,415.1593416,297.6419428,2.575010043,0.205364504
21ur-752,UGGUGAAAAUUUUCACUAUAU,0.269740413,15.47864389,3.87766347,0.359303727,0
21ur-5412,UGCGUGAGUAAGGUUUUUUUG,0.539480825,5.25168275,1.250859184,0.598839545,0
21ur-992,UGCAUUACCGACUCAACAUAA,7.238034405,164.8291305,118.5189077,12.45586253,0.319455895
21ur-2994,UUCGCUCGUGUUGGCAGAUAA,7.417861347,39.5258228,62.73058807,13.29423789,0.273819339
21ur-292,UCGUCAUAAUUUUUUUAAACU,4.990197633,45.79098819,164.9257834,12.63551439,0
21ur-2625,UAAAUAGGUCGAACAAAAAAU,0.809221238,27.08762681,68.92234103,2.994197724,0.136909669
21ur-1920,UUCCGUUUGAAUAUACUCAAC,1.348702063,7.739321947,14.50996653,2.515126088,0
21ur-3010,UAGGUUGUUUGAUGAGGCGCC,1.348702063,56.93929718,236.9752724,5.868627539,0.273819339
21ur-4624,UAAUAUUUUUCAAGAAGGUGA,15.24033331,134.3325167,215.3354085,34.55304173,0.410729008
21ur-5053,UGUUGUAUAUUAAUGGUGUAA,55.566525,570.4985892,643.3168783,88.98755635,1.848280538
21ur-1566,UGUAAGGUUGGACAUCUCUUG,2.967144539,66.88985397,37.65086144,7.48549431,0
21ur-2297,UAGUAUUAGUAUCUAAGGGCU,0.809221238,8.292130657,6.629553675,3.712805178,0.205364504
21ur-4116,UAUAGACACGACAAAAACAUC,0.809221238,11.05617421,37.27560368,0.479071636,0.136909669
21ur-2939,UAAAACAACGGGCUAGUUGGC,0,0,1.375945102,0.359303727,0.136909669
21ur-4599,UUCUUCAUUGGCUGUGCUUGC,10.6547463,136.8201558,281.9436601,57.90778398,0.547638678
21ur-5181,UGAUUAUUCUAUUUUUCACAA,4.046106189,269.217842,42.52921225,5.150020085,0.136909669
21ur-361,UGUCAUAGCGAUACGUUCUUA,5.934289078,14.00448733,91.8130641,5.688975675,0.136909669
21ur-4763,UUGUACGCCAUCGAAUCCAAU,3.236884951,126.040386,201.7010434,0.958143272,0
21ur-663,UACGAUGGCUACAAUAAUAGC,0.269740413,23.4943702,7.817869899,0.598839545,0
21ur-546,UAAAGUUUCCUUGAUUUGAAU,0,0.55280871,0.625429592,0,0
21ur-1177,UGGGUAAGUUAGCAGCAUAUC,0,16.0314526,3.12714796,0,0.136909669
21ur-2688,UUCAGUCGUAGACUCAUCAAC,2.157923301,1.658426131,21.70240684,3.113965633,0
21ur-3441,UAAGCGUUCGCUUGCACACAC,0.269740413,2.211234842,20.76426245,0.119767909,0
21ur-5086,UACCAAUUCGUCAUGUUUAUG,0.809221238,14.37302647,52.91134348,6.108163357,0.410729008
21ur-4291,UCGAAAGGUUGUAAAAUUGAA,6.206354839,68.5482801,94.43986838,10.41980808,0.273819339
21ur-3196,UUACGUUGAUCGACUAGUUCC,0.809221238,7.739321947,21.38969204,1.796518634,0
21ur-1206,UUUAGUCAGUGGUGAGUCACG,2.697404126,33.72133134,189.5051664,16.16866771,0.821458017
21ur-362,UGCCUCGGAUGUACCAUGGUU,0,1.105617421,1.125773266,0.239535818,0
21ur-4971,UGAAUACUGCCUUUGUGAAUC,3.776365777,127.6988121,169.5539624,2.455242134,0
21ur-5029,UGGAUUUGCAAAAAGUAGAAU,1.888182888,18.24268745,0.125085918,0.838375363,0
21ur-3150,UAUUACAAAGUUGCUUCAAUG,0,1.382021776,0.875601429,0,0
21ur-2820,UUCAUUGUCGAUUAUCAUUGC,0.539480825,3.869660973,20.76426245,2.095938407,0
21ur-4436,UCUCAAUGAAGCACAACUUUG,0.674351032,3.593256618,0.75051551,0.838375363,0
21ur-4897,UCGUGAUGUUUAACUCAUGAA,0,5.528087105,1.125773266,0.119767909,0
21ur-1119,UCCAAAAACAAUAUUCGAAUA,1.618442476,19.62470922,34.52371348,3.233733542,0
21ur-492,UAAAUGUUGGACAACGUGUGA,14.56598228,116.3662336,143.4110054,29.88209328,0.273819339
21ur-1503,UACAUGUGUUCUUCUACAUAA,10.11526547,78.77524125,44.53058695,4.670948449,0.342274174
21ur-1525,UACCGUUGACAACUUAAUGGU,1.348702063,20.45392229,15.6357398,2.515126088,0
21ur-4212,UAAAAAUUGGUUCUCCAUGAA,0,21.55953971,16.01099755,1.19767909,0
21ur-1310,UGAUGAAAUCAAAGUAUUGCU,1.888182888,13.26740905,5.128522654,0.119767909,0
21ur-3008,UGAGAUGGUGAUUCUUAAUUU,5.664548665,216.1482058,29.2701049,10.18027226,0.136909669
21ur-2159,UAAGAUUGUAAAAUUUAAUAU,5.394808252,151.4695867,47.15739123,2.036054452,0.273819339
21ur-2920,UCUUGAGUUGUCAUAAUCAAU,0,2.211234842,3.502405715,0.119767909,0
21ur-4410,UUGGUGUCUUUUAUCCAAAAA,13.48702063,654.5255132,35.52440082,13.89307744,0
21ur-5355,UGGUGUACGCCUAUAUCCCAC,3.506625364,323.3930956,11.25773266,1.556982816,0.136909669
21ur-871,UCCUAGCAGAAUUUUCACCAA,0,0.55280871,0.187628878,0.419187681,0.205364504
21ur-4852,UACAUCAGCCGCUCGAAGAGG,7.282991141,38.69660973,282.5690896,5.030252176,0.136909669