21ur-302,UGGAAUGGAGAAAUUUAAUCC,0.269740413,4.422469684,3.252233878,0.119767909,0
21ur-2388,UCAUUUCGUCUUUAGGCUAAA,21.03975218,58.32131896,119.3319661,16.0488998,0.821458017
21ur-1714,UGGGCUUCUUGAAAACUGUAC,21.03975218,897.2085371,295.2027674,7.545378264,0.684548347
21ur-3521,UGGGCUAAACGACUGAGCUAU,2.157923301,19.48650704,16.88659898,0.53895559,0
21ur-99,UAAUUUGACCAUCAUCUUUCC,0.539480825,2.211234842,5.128522654,0.359303727,0
21ur-89,UAGUAUAUUGACCUAGUAAAU,21.71410322,536.5008535,104.0089411,23.83381388,0.410729008
21ur-3380,UGUGAAUAACUGUCCGGUUGG,18.61208847,93.42467207,132.2158157,46.46994867,0.410729008
21ur-218,UUCAACAACGUUUCUUCAUGA,0,0,0.875601429,0.479071636,0
21ur-2405,UACUAGACGAAUGCUAAUAGA,1.07896165,0,7.380069185,2.515126088,0
21ur-3370,UAACGGACAAUUCUUGAGUUA,11.59883774,109.4561247,99.94364879,20.60008034,0.410729008
21ur-131,UUGGUUUGCAACACUUGUUAC,0.809221238,33.72133134,15.6357398,0.479071636,0.136909669
21ur-976,UAGUGUGUUUGUCGAAUUAAA,5.12506784,76.28760205,28.89484715,7.305842446,0
21ur-3038,UAUCUCAGGAUGUUGUGUAUA,5.12506784,69.10108881,54.91271817,9.581432716,0
21ur-1321,UACGCGUAAAUUCGUCAAUAA,1.07896165,2.764043552,9.006186124,1.437214907,0.136909669
21ur-786,UGUGUUGGUAGAGUUUUUACU,1.348702063,25.98200939,19.63848919,1.19767909,0.136909669
21ur-2472,UAAUUCCAGAUUUUCAAAGUG,1.07896165,17.13707003,40.40275164,5.389555903,0
21ur-5096,UAAAAGGGCAUUUGAACUUAA,8.631693204,128.5280252,262.3051709,5.389555903,0.273819339
21ur-4780,UGCACGUAAUGGAUGUGUCGA,5.934289078,23.21796584,4.878350817,16.40820353,0.136909669
21ur-1174,UGGUACAACUUUUCUGUUUUU,0.944091444,27.08762681,25.80939449,5.569207766,0.136909669
21ur-2519,UAAGUUCGAUGCUCGUUUUCA,0.539480825,18.79549616,17.26185674,4.55118054,0.136909669
21ur-2275,UACAGAUUCUGACAAAAAUAA,22.52332445,258.7144765,238.8515612,15.21052444,0.273819339
21ur-1297,UUUCAUAAAACCCAUUUUGAA,4.855327427,241.3010021,40.40275164,4.55118054,0
21ur-2931,UCCAACAAAUGUUGUUUUUUU,0,0.55280871,0.562886633,0.179651863,0
21ur-2484,UGUCAUAAACGUAGAAUCAUC,0.539480825,1.105617421,18.76288776,0.359303727,0
21ur-760,UUCGGCCCAUCAAUUUUAGCA,3.506625364,151.745991,130.0268122,4.311644722,0
21ur-4960,UUAAUGGCACGUUUGAUUUCC,8.631693204,81.72355437,181.8123824,37.90654318,1.095277356
21ur-4560,UGAUUGCAAGGAUUUUGGUGA,0,0.276404355,0.125085918,0,0
21ur-4139,UCGUCGUUCCAGAUUGUAAUU,0.539480825,2.211234842,63.66873246,8.862825263,0.136909669
21ur-4939,UGGGACAGCUUCAAACUUAAA,2.157923301,25.98200939,11.13264674,0.119767909,0
21ur-4385,UAAUAGUAGUAAAAAGCCGGA,0.269740413,2.211234842,2.501718368,0.239535818,0.273819339
21ur-4943,UCGUAGUUGGAAUAUGAUUUC,20.77001177,106.6920811,361.1230464,41.4396965,0.410729008
21ur-5278,UCGUAACUUAUUGUCGUCCUU,5.664548665,18.24268745,76.67766797,23.11520643,0.410729008
21ur-5097,UUGUCUCUGUGUGGGUAUAUC,12.40805898,110.2853377,175.3704576,14.61168489,1.232187025
21ur-4788,UAUUAUUACUUCUUCGCAAAA,0,1.105617421,0,0.119767909,0
21ur-1736,UAUCGAAAGAUCUAAAGGUAA,12.67779939,31.78650085,62.41787328,8.663212081,0.182546226
21ur-112,UCGCAACUGAUUUUGAUUUGA,3.506625364,14.92583518,14.88522429,5.74885963,0
21ur-1967,UAUCUGUUUUAUCCUGUAAAA,2.697404126,17.13707003,22.01512164,1.077911181,0
21ur-4558,UACAUGCUCUUCUCAUUAAAC,1.348702063,9.397748078,7.00481143,1.437214907,0
21ur-5018,UUCGGAUAGUGCUAAAUAUUC,62.71464593,1026.565775,1352.679121,32.69663914,0.479183843
21ur-1407,UAUAUUGAGUACAAAGUUCAG,4.585587014,23.95504412,20.59748123,5.469401176,0.091273113
21ur-3646,UAGAUGAGUGUGUCAGUUCAU,2.427663714,190.7650725,21.26460613,4.072108904,0
21ur-1145,UUUAACAUUUUUGGUGAGCAC,0,46.43593168,117.5807633,11.9767909,0.136909669
21ur-259,UAAUCCGUUUCUGUAUAACAU,4.450716808,12.16179163,85.74639706,6.667080265,0.228182782
21ur-2431,UUGAUCAUUAUUUUGCGGUCC,26.70430085,496.422222,462.1924685,144.3802142,1.437551529
21ur-1364,UGUUUUGAUUUUACAAAAUAU,0.809221238,123.5527468,1.876288776,0,0.273819339
21ur-3118,UGGAGAGAAUAUUAUAGAGAA,10.25013568,56.11008412,1.250859184,1.317446999,0.273819339
21ur-2014,UCACCAAGAAUUCGGUUACUC,0.539480825,2.211234842,10.25704531,1.796518634,0
21ur-2212,UGAGUACCAACUUCAAUUUUG,1.348702063,4.422469684,3.002062041,1.077911181,0.136909669
21ur-839,UCGACAUUUUUUUCUAUGAAU,2.967144539,31.5100965,24.8295548,0.479071636,0
21ur-4416,UUCGAAAGUAUUUCACAAACG,2.157923301,13.82021776,15.323025,1.317446999,0