21ur-11780,UAAAAUGUUGCCAGAGAGCUG,0,0.55280871,2.251546531,0.359303727,0
21ur-10407,UAUUUGGAGCAUGAUCAAAUA,0.089913471,1.704493524,1.876288776,0.479071636,0
21ur-7271,UUUUUUUUCAUGAGUUGACUC,1.618442476,21.006731,17.26185674,5.150020085,0
21ur-14056,UUUCAAAUUCUAGACUAGAGA,0,0,0.250171837,0.239535818,0
21ur-14399,UUCAGUUUUGAAAUGUCACGA,0,4.975278394,9.381443879,0.958143272,0
21ur-6977,UAUUGCAUACUUGAGAAAAAA,0,7.739321947,6.004124083,0.119767909,0
21ur-8995,UGUUUUUUUGAUACAUAAUCG,1.07896165,11.60898292,5.628866328,1.19767909,0
21ur-6538,UUUUAUGACUCGUGAGGAAAA,4.720457221,43.67188813,22.95326602,7.305842446,0
21ur-11137,UCUUAUCAGAGCAGUCACGUG,0,0,2.376632449,0.119767909,0
21ur-11192,UAUUAACCUAUCCAAAAAAGU,7.957342172,4.975278394,4.62817898,12.0965588,0
21ur-8161,UCGUAGCGUAGCAUGAUUUUU,0,0,4.252921225,0.359303727,0
21ur-8305,UCUGAAGGUUUCGAAAUUACC,0,2.211234842,2.251546531,0.119767909,0
21ur-11180,UAUUGUAUUGUAAAGGUUUGA,2.427663714,20.45392229,43.15464184,2.874429815,0.136909669
21ur-15574,GGUUUGAUAAAAAGAAAAAAA,15.77981414,1.934830487,0.437800714,39.76294577,0
21ur-9527,UAAAUUUGUCUUCCAUAAAUG,2.967144539,23.21796584,71.4240594,5.868627539,0.136909669
21ur-8622,UUGGUUCUUCUUUUUAUUCAU,5.664548665,85.13254142,15.13539613,2.994197724,0.136909669
21ur-11187,UAUUAUUCGAAUCGAAAGGAG,0,1.105617421,0.250171837,0.119767909,0.068454835
21ur-6447,UAAUGAAGUGAUCCAGCAACU,0.539480825,7.186513236,16.01099755,0.239535818,0
21ur-14411,UUCAGACGAGCAAAAAACAAA,0.134870206,2.764043552,3.002062041,0,0
21ur-10436,UAUGAUUCUUUUUUUGUGAUA,0.539480825,28.46964859,2.31408949,1.19767909,0
21ur-14130,UUGUUUCAUUAAUUUGUUGCA,0,3.316852263,0.375257755,0.119767909,0
21ur-12384,UAUUUGCCGUCAAGCUUUCUU,0.49452409,0,16.94914194,0.53895559,0
21ur-11280,CUCACUCAAUGAAAAGACACG,0,0.55280871,0.500343674,0,0
21ur-12273,UGAUAUUAUUCGGAUUUCAGA,0,0.276404355,0.062542959,0,0
21ur-13597,UACAAAACUUGUUGAAAAUAG,0.539480825,4.422469684,3.87766347,0.119767909,0
21ur-13916,UUUGUGGGGCUUCAAAUGGCA,0,0,0,0,0
21ur-9217,UUUUUGAAAAUGUGAAAGUUA,0,0,0.75051551,0.239535818,0
21ur-10608,UUAUUUGGAGCAUGAUCAAAU,0.089913471,2.810110945,2.439175409,0.059883954,0
21ur-12923,UUGAAAGCAGAGGUGGGCGGA,0.134870206,4.146065329,5.941581124,0.059883954,0
21ur-9955,UAAUCAAUUUAAAUAGCUAAA,1.618442476,38.69660973,16.38625531,1.077911181,0
21ur-9155,UCUUCGUUGCAAAUUGUGAUU,0,0.55280871,1.501031021,0.958143272,0
21ur-11189,UAUUAUGAGAAAACAAAUAAU,1.07896165,0,1.501031021,0.958143272,0
21ur-12015,UUGAGUGAGGAAUAUUCGUAG,0,2.211234842,0.938144388,0,0
21ur-14709,UGUCUCAAAAAUGAUUUCAGG,0,0.55280871,0,0,0
21ur-12893,UUGAUCACUAUUUUGGCAUAU,0,0.55280871,1.626116939,0,0
21ur-15269,UAUCAUGUAAAUCUAAACUCA,0.269740413,7.186513236,5.628866328,0.838375363,0
21ur-12198,UGUCUUAUUUUAUUGGACUUG,0.539480825,0,0,0,0
21ur-5536,UCGUUUGAACAAAAAAAAGGU,5.12506784,19.90111358,80.43024552,9.461664807,0.136909669
21ur-11227,UACGCCCUGUAGUCUUCAAUA,0,0,0.250171837,0,0
21ur-6863,UUAUGAUUCUUUUUUUGUGAU,13.75676104,238.5369586,57.4769795,12.33609462,0.410729008
21ur-10621,UUAUGAUAACCUGGGAUCAUC,0,0,0.625429592,0,0
21ur-9785,UUGCAAUUACUUCCAGCUACA,1.07896165,7.186513236,74.67629328,0.359303727,0
21ur-14093,UUUAGUAGACCUUAGACCUUC,0,0,0.125085918,0.239535818,0
21ur-12597,UUUUUUUUACUGAAUCUUUUU,2.157923301,85.68535013,26.01787103,2.395358179,0.136909669
21ur-5725,UUACAAAGCUGAUUUCGAGUU,2.967144539,8.844939368,31.02130776,8.443637581,0.136909669
21ur-12181,UGUUAGUACGAUGUCCACUUA,0.134870206,2.487639197,0,0,0
21ur-9488,UAUUUCGGGCAGAUCCAUUUU,0.539480825,6.633704526,9.381443879,2.215706316,0
21ur-9623,UGUUUUUAAAACCAUUAUGAA,0,7.186513236,7.129897348,0.119767909,0
21ur-10683,UGAUCAUAUUCAUUUCAUCAA,0,1.105617421,0.75051551,0,0
21ur-8817,UUUAUGUGUUGAGAAAUAACA,0,1.382021776,0.875601429,0,0