21ur-12108,UUAUCCAUUGAAAUGAAAAAU,0.269740413,0,3.752577552,0.479071636,0
21ur-10105,UGAUUGCCUGACAGCUUAUUA,0,0.55280871,0.125085918,0,0
21ur-10235,UUUCCUUGAAAAAUGAGCUUC,0,0,0.500343674,0,0
21ur-6779,UCACACGGCGACUAUUUUGAG,0.539480825,18.79549616,12.50859184,1.077911181,0
21ur-13631,UAAGUUUUGAAUCUAUUUUAU,0,1.105617421,0.875601429,0.239535818,0
21ur-8549,UGCUUCGAUUUUUGUUUAAAA,0,3.316852263,8.505842451,0.598839545,0
21ur-10656,UGGUUUUAUUGCAGUUGUUUG,0.809221238,4.975278394,5.628866328,0.239535818,0
21ur-8488,UAAUUCUAGUUUCGCUUCGCU,0.269740413,0,4.727205332,0.239535818,0.136909669
21ur-14345,UUCGGUCAAAGUGAGUAGAAC,0.539480825,0.55280871,5.503780409,0.718607454,0
21ur-9938,UACUAUGUCAAAAAUAGAAGU,0,0.55280871,2.376632449,0.119767909,0
21ur-15218,UAUUAGUUAUCUACACUUUCA,0,0,1.375945102,0,0
21ur-10189,UAAAUAGUUGUAACUUCAGCG,0,2.211234842,1.751202857,0,0
21ur-15272,UAUCAACUAUUUCAAGUAAAA,0,0,0.125085918,0,0
21ur-7558,UGAAUCUAUGGGCAACAGAUU,0,1.105617421,2.251546531,1.077911181,0
21ur-14090,UUUAGUGGCAAAAUAAUUUUA,2.157923301,9.397748078,9.256357961,1.077911181,0
21ur-6810,UUUAUGAUUGAGACAGUCGAA,0.539480825,1.658426131,1.501031021,0.718607454,0.136909669
21ur-7377,UGCCCUUCUUGAAAGCAUGAA,0.404610619,4.975278394,2.501718368,0.299419772,0
21ur-6090,UUCCUAGAUUGUUCCCACAUG,0.539480825,9.397748078,48.90859409,7.066306628,0.684548347
21ur-13697,CGCUUUGAAAAGAUCUGUAGU,0,0,0,0,0
21ur-14757,UGGGCUUUAUUGCAGGUGUGU,0,0,0,0,0
21ur-10581,UUGAAACGUCAUUUAAAAGUG,0,0.55280871,0.875601429,0.119767909,0
21ur-7304,UCAGUUGAAACGUCAUUUAAA,0.539480825,17.13707003,2.376632449,0.718607454,0
21ur-12199,UGUCGGAAAAGUCGUUAUAAU,0,0.55280871,0.75051551,0.718607454,0
21ur-10664,UGGAGAGGAAAGUGAGAUAUU,0,0,0.375257755,0,0
21ur-14342,UUCGUCUAAACCAAACAGUUA,0,0,0,0,0
21ur-13689,GAGAGGAAAGUGAGAUAUUGA,0,0,0,0,0
21ur-11751,UAAUUCGUCUAUACCAAACAG,0,0,0.75051551,0.119767909,0
21ur-12717,UUUGAUUCAAAAAUUAUUUCC,0,0,0.500343674,0,0
21ur-9193,UAAUUCGUCUAAACCAAACAG,0,0,1.125773266,0.119767909,0
21ur-2392,UCCGUCGAUUAUUUUUGCAUA,1.07896165,1.105617421,62.79313103,2.27559027,0.136909669
21ur-2386,UUCCAAAGAAACCCAUUCUUU,0.539480825,8.292130657,4.252921225,0.718607454,0
21ur-2883,UACGAAAAAAACACUCUAACU,4.585587014,60.5325538,147.0384971,6.647118947,0
21ur-3287,UGGUCAAUCUGAAAUGUAUUG,0,4.975278394,3.12714796,0.239535818,0
21ur-2870,UUAACGAAAUAGCUAGCUGUU,5.394808252,23.77077455,157.7333431,3.593037269,0.273819339
21ur-5435,UUUAGUGCAUACAAUGGAGAA,1.348702063,55.83367976,59.66598307,0.958143272,0
21ur-4924,UCAACCAGUAACUGAUUGUGA,0.269740413,1.105617421,2.876976123,2.155822361,0
21ur-2487,UGUUGUUCUUUUGCCGCUUGU,9.440914442,106.6920811,349.7402278,14.43203303,0.684548347
21ur-2687,UAUAUUCGUAAUAUUCUCAAG,6.743510315,65.23142784,44.03024327,7.186074537,0
21ur-4994,UUAAUGGCUCAAAGAAAUUUU,2.337750243,70.94378451,62.98075991,0.838375363,0.068454835
21ur-1864,UAUAGCAAGAUGAAUAAUCAU,0,4.422469684,0.250171837,0,0
21ur-1225,UGUAUAUUUCUCAGCAUUUUC,1.618442476,13.82021776,12.25842,3.712805178,0
21ur-2956,UUCAGGAGGUUUACCUUUGCA,2.967144539,11.05617421,14.2597947,2.395358179,0
21ur-4307,UAUACGAUGUUCUCUUAAAAA,52.32964005,1521.88238,134.3422764,25.86986833,0.273819339
21ur-3754,UAUGGAUAUCUAUGUUAUGGA,0.269740413,0.55280871,1.626116939,0.239535818,0
21ur-478,UUCACAGAUCAUUCAGCGUGA,0.269740413,1.658426131,1.751202857,0.179651863,0
21ur-3494,UAGAAAUAUGCAAGUUUCACU,1.348702063,13.26740905,23.89141041,6.347699175,0
21ur-2056,UGGGUACUGUAACUUAUUCGG,0.269740413,3.316852263,2.751890205,0.958143272,0
21ur-2033,UCCAGUGUGCACAAAAUAUGG,0.539480825,7.739321947,14.88522429,0.359303727,0
21ur-3735,UGUGUCAUCUUUGCUAUAAAC,16.99364599,215.0425884,597.2852603,17.72565053,0
21ur-2896,UUCACGGACUACAUAAGUUGC,0.269740413,2.211234842,18.88797368,2.994197724,0