21ur-8212,UUACUUACAAUUAGUCGAUCC,1.618442476,4.975278394,11.00756082,1.73663468,0.068454835
21ur-6581,UCCACGGCUGAACAGGACAAU,0.269740413,13.82021776,15.88591164,2.215706316,0
21ur-14037,UUUCAGCGAAACAUUAUCUUU,0.269740413,1.658426131,0.75051551,0.119767909,0.136909669
21ur-12935,UUCUGUCUGUGUGUUUGAACA,0.134870206,3.869660973,2.845704643,0.598839545,0.068454835
21ur-10291,UUCACUUAAACAUUAUCGAGU,0,3.593256618,1.688659898,0.299419772,0
21ur-8106,CAAGUAAAAUAGAACGGAACU,0,0,0.125085918,0.239535818,0
21ur-5579,UUCUUCGUUUGGGUGAAAAAA,4.180976396,86.79096755,53.09897236,6.946538719,0.068454835
21ur-7510,UCUGAUCCAUUUUUAAUCGAC,0.539480825,0,1.751202857,1.916286543,0
21ur-5748,UGUUGUUUUUAAGUAACAGAA,7.822471966,297.4110862,99.88110583,5.090136131,0.136909669
21ur-9782,UUGCGCAGUGAAAUAGUAUGC,0.134870206,0.829213066,0.187628878,0,0.068454835
21ur-6691,UGGAUUUCCGCAUUUCCGUAA,2.967144539,22.66515713,0.875601429,4.670948449,0
21ur-11476,UUAUUGUUCAAAUCAUUCAAA,0,3.869660973,1.605269286,0.239535818,0
21ur-6940,UUUGAAAAACAAAACCAAAAC,1.011526547,53.89884927,20.20137582,1.73663468,0.136909669
21ur-6485,UUUUCUGUUCGUGGACACAAU,3.506625364,39.24941845,53.32829654,16.20859035,0.319455895
21ur-11875,UUUUAGAAUUUUAGUCGGUAU,0,0,0,0.059883954,0.136909669
21ur-6310,UGAAAGAAAUAUCGAAAAUUC,1.07896165,16.0314526,20.13883286,1.676750725,0.136909669
21ur-7055,UUUAACUCAGUCUAACUCAUA,8.76656341,32.89211827,68.29691144,1.556982816,0
21ur-10324,UGUUGAAACGGUAUGAAAUUG,0.134870206,0.55280871,1.855441123,0.658723499,0.342274174
21ur-14678,UGUUGAGGUAAAGCCAAGUGA,1.07896165,0,0,0.119767909,0
21ur-6425,UUUCGCACUUGUUCUCUGUCA,0.809221238,2.211234842,12.50859184,2.27559027,0.136909669
21ur-6954,UGAAUUCCAGUGAAUUACACU,3.776365777,6.633704526,2.376632449,4.311644722,0.273819339
21ur-6003,CGAAAAUAAAAUGUGCAAACU,0.539480825,7.739321947,1.125773266,0,0
21ur-13693,CUCUACAAGGGUUUGGGGUUU,0,2.211234842,1.250859184,0,0
21ur-10851,UUUUGUAUUCGUAUUCAUUGU,10.25013568,8.844939368,14.00962286,7.904681991,1.369096695
21ur-11526,UGUUUUCACUGUUUCAGAAAA,0,1.658426131,1.626116939,0,0
21ur-10285,UUCAUCAUUCAUUGCGUGGGU,0.539480825,3.040447908,9.506529798,0.958143272,0.342274174
21ur-5936,UUCAUCUGUGAUCCCCUCAAU,0.134870206,14.92583518,25.07972664,0.119767909,0
21ur-15267,UAUCCUCGAGCCAUCAUUGAC,0,0,0.125085918,0,0
21ur-10740,UAUUUUUUCUUGGUGUAUAGG,0.539480825,40.90784458,55.66323368,4.55118054,0
21ur-13700,CGAUCGGAUUAAUUUUUGAAA,0,0,0.125085918,0,0
21ur-10210,UUUUGAAAAACAAAACCAAAA,0.741786135,14.64943083,4.815807858,0.179651863,0
21ur-6407,UUGGCGUUCCAUUCAGACUUU,0.539480825,4.975278394,9.506529798,0.718607454,0.136909669
21ur-11440,UUCGUGUUCUUGAUAAGAAUG,0.269740413,0.55280871,1.751202857,0.359303727,0
21ur-5515,UUUCCACUCCAGAAGAAAAGA,25.6253392,243.7886413,904.4962759,21.19891989,0.136909669
21ur-5684,UACAUAAGAAAUAAAAAAAAA,1.348702063,74.13164808,53.91203083,0.119767909,0.136909669
21ur-9041,UAUUGUUCAAAUCAUUCAAAA,4.990197633,46.15952733,23.30767613,2.994197724,0
21ur-8260,UUUUCACAUAAAUUGCUUUCG,0.269740413,0.829213066,0.875601429,0.119767909,0.136909669
21ur-9994,UUUUAACUCAGUCUAACUCAU,1.483572269,2.487639197,22.14020756,0.359303727,0
21ur-14132,UUGUUGUUUUUAAGUAACAGA,0.539480825,11.60898292,3.815120511,1.018027226,0
21ur-8880,UCUCAGCCUAAUAGUAGUUUU,0,3.316852263,0.75051551,0,0
21ur-15326,UAGUAACUUCCGCAUUUGUGA,0,0,0.81305847,0.479071636,0
21ur-15676,ACUAGAGAAGUAGAAGUCAUU,0,0,0,0.718607454,0
21ur-7238,UAUCUAAAACUCAUUAUUUCC,0.269740413,1.658426131,6.629553675,0,0
21ur-10712,UCGGGUCUCAAAAAUUUUAUU,0,48.64716652,4.62817898,0.479071636,0
21ur-7850,UCUUUCGAAUGUUUUCAGUUU,0.269740413,1.105617421,2.376632449,0.718607454,0
21ur-14379,UUCCAGGGGAAAAGUUGCUGA,0.134870206,0.829213066,2.189003572,0.239535818,0.068454835
21ur-10545,UUUCAGAAACGCUAUGAAUAU,0,0,0.250171837,0.119767909,0
21ur-14546,UUAGCACUUCAAAAAUUAGGA,0,0,0.250171837,0.059883954,0
21ur-6278,UUAUGUUCCAUCAAUUUGAGA,9.171174029,47.5415491,65.79519307,13.89307744,0
21ur-7001,UCCACUAUUUUCAAUUUCGAA,1.348702063,10.5033655,11.88316225,1.556982816,0