21ur-7162,UCCAAUGUAGGUAUUUGUUUU,0.269740413,1.658426131,2.751890205,2.036054452,0.136909669
21ur-13944,UUUGCUUCCCAUUUUUUUGUU,0.539480825,2.764043552,1.501031021,0.479071636,0
21ur-11822,UUUUUCGAUCAAUCAAAUUCG,1.551007373,2.625841375,0.875601429,0.479071636,0.136909669
21ur-6468,UGAAAAGUAACGGAGUAUGCA,0.809221238,33.72133134,9.631615716,1.856402589,0
21ur-6660,UCAAUCAUCAUUAACUAUAUA,0.809221238,17.13707003,21.38969204,0.479071636,0
21ur-10745,UAUUGGAAAAAUGGGAAUUAC,1.07896165,9.397748078,2.376632449,0.718607454,0
21ur-8224,UGCGAGUUUUUUGCCCAAUAA,0.809221238,19.34830487,3.377319797,0.359303727,0
21ur-7748,UUCUAAUUGUUACGCAUUAUA,0.809221238,16.58426131,16.01099755,2.036054452,0
21ur-14306,UUCUUCUUCGUGUAAACAUUU,0,1.658426131,0.125085918,0,0
21ur-8144,UGUGUUUCUAUCGUUUCGUAG,0,0.55280871,2.626804286,0.838375363,0.136909669
21ur-14465,UUAUUGUGCUUCUUUCGAAUG,0.269740413,1.474156561,1.167468572,0.239535818,0
21ur-6434,UGGUUUGGUUUUCCAUUGCUU,0,0.55280871,0.500343674,0.239535818,0
21ur-14031,UUUCAUUGAAUUCUUGCGAUG,0.539480825,0,0.125085918,0,0
21ur-8805,UUUUGUAUUUAAUCAAUUUGG,2.967144539,24.87639197,19.13814551,9.102361081,0
21ur-13841,UUUUGAGAGCAAGGUUUUUUU,0,0.276404355,0.458648367,0.239535818,0
21ur-6461,UAUAUUUCUUUGUGAGCGAUU,7.822471966,38.14380102,40.65292348,16.0488998,0.958367686
21ur-7101,UCCGUAAUGAUGCAAGACUAA,1.348702063,12.16179163,5.378694491,0.479071636,0
21ur-7844,UGUUUUUGGAUCUUUUUGUUU,1.07896165,4.975278394,2.626804286,0.718607454,0.273819339
21ur-6162,UUCGAUAUCUUGACAAGUCAC,0,2.211234842,16.19862643,1.317446999,0
21ur-8944,UUUCACCCAUUUUUCAGUUUG,0.539480825,1.658426131,16.88659898,2.395358179,0.136909669
21ur-14851,UGAUGUUACUCGUAAUUUUAC,0,3.501121833,0.062542959,0,0
21ur-7947,UUCCUUUGAUAUUUAUUCCGG,0.269740413,2.211234842,3.752577552,1.437214907,0
21ur-8853,UGUUUUUCUUGCUGAAAAAGG,0,1.105617421,0.312714796,0.119767909,0
21ur-5950,UUCUCCAGUUGACUCUAUUUC,0.269740413,9.397748078,63.29347471,4.311644722,0.273819339
21ur-7033,UUUUCCCACGAACCUCCACAA,0.269740413,2.211234842,3.87766347,0,0
21ur-13974,UUUGACCAAAUUGAAAACAAA,0.539480825,2.764043552,2.126460613,0.718607454,0
21ur-6537,UUUUAUUGUUCUGGAAUACUC,9.710654854,200.6695619,275.0639345,18.08495425,0.273819339
21ur-11150,UCGAGACAUCGUGGAAAAAUA,0.134870206,1.105617421,3.439862756,0.299419772,0.068454835
21ur-9742,UUUUAUUGAAAUCUUUAAAAA,0,10.5033655,0.250171837,0,0
21ur-10933,UUGGUCUCAAUUGGCCAUUGA,0.269740413,0,0.625429592,0.119767909,0
21ur-15157,UAUUUUGUAGAUGGAUACACA,0,3.316852263,0.875601429,0.359303727,0
21ur-12402,UAUUGAAACUUGCCGACUUUA,0,1.658426131,1.250859184,0.119767909,0
21ur-12946,UUCUCCUCCUUUAAGAAUAUA,0,0.55280871,0,0,0
21ur-11634,UCGAGUCAAUGAGUGUAGUGG,0,0,0.375257755,0,0
21ur-10187,UAAAUUCGGCAUUUUAUUGAG,0.269740413,0,0.125085918,0,0
21ur-14570,UUACGAUGACAGAUCGGUUUG,0,0,0,0,0
21ur-9006,UGGGAGACUCUUGGCUAACAC,0,4.422469684,0.250171837,0,0
21ur-9189,UACAGUGUUGAAAUUUCGUUC,0,1.658426131,2.876976123,0.958143272,0
21ur-11037,UUAAUAGAUUCUGUGCAAUUU,0,1.105617421,0.75051551,0.119767909,0
21ur-12339,UCCGAUUUUCGCAAAACUCGG,0,0.55280871,0.375257755,0,0
21ur-9787,UUGAAUGUUUUACUCCAGAUA,0,0.55280871,1.375945102,0,0
21ur-12928,UUCUUUUUCUGAAAUUCACAG,0,0,0.125085918,0.119767909,0
21ur-13111,UUAAAAUGGAGUGAAAAGGUA,0,0,0,0,0
21ur-14358,UUCCUUUGGUAUUCCAAGUAG,0,0,0,0,0
21ur-12335,UCCUGAUUGUAUUUUAGAUGC,0,0,0.125085918,0,0
21ur-14024,UUUCCCAAAAAUGUAUGAAUU,0,0,0,0,0
21ur-764,UAAAACUAUUGAGCUAUCAAA,0.809221238,27.64043552,22.89072307,2.515126088,0
21ur-4151,UAUACUGUGUAGUAACUGUGU,0.269740413,0.55280871,1.751202857,0.479071636,0
21ur-1627,UAACGCUUUCUCAGGGAAAAC,0,0,0,0,0.136909669
21ur-38,UCAUAAUAUAGUUGGGACCUA,74.17861347,1560.57899,1048.345082,96.89223834,0.821458017