21ur-15086,UCAUACAUUGCAAUUACCAGC,0,0,0.687972551,0.239535818,0.068454835
21ur-7987,UUUUGUUCAGAUACUGGUCCU,2.157923301,101.4403984,29.70790562,4.01222495,0.136909669
21ur-12583,AUAGCGACGUCUUUUUGUAAU,0,0,0,0.119767909,0
21ur-10823,UAAAAAAACAUUUUUUUAAAA,0,28.74605295,1.250859184,0.119767909,0
21ur-7927,UAUGAGAAGUUCAUGCGUAUG,0.269740413,1.105617421,2.001374694,0.359303727,0
21ur-12087,UUAUUGCCACGUAGUUCUCAA,0,0.36853914,0.125085918,0,0
21ur-6768,UUAGGCAUUGGUGUACUUGCG,0.269740413,0.18426957,4.62817898,0.598839545,0
21ur-11421,UUCUUUGCAUUCUUCGCAAGA,0.269740413,0.55280871,0,0,0
21ur-15274,UAUCAAAACACAAAACGUAUA,0,0,0.125085918,0,0
21ur-15621,CGAUCAAGUAGACAGAAACAA,0,0,0.125085918,0,0
21ur-12117,UUAGUAUUAGUAUCUAAGGGC,0,1.105617421,0.625429592,0,0.068454835
21ur-7185,UUGACUUUUCGUUUCUAAAUA,4.855327427,52.24042314,21.01443429,15.03087257,0.205364504
21ur-11144,UCGUUUGUCGUCAGCGAAAGG,0,0,0.437800714,0,0
21ur-13340,UCGUCGUGUGUAGUUUCGCCA,0,0.276404355,0.629896946,0.617304861,0
21ur-6732,UGAUUCUUUGCAUUCUUCGCA,0,0,0.75051551,0.479071636,0
21ur-6606,UAUGUUUUUCUCCCAACAAUA,2.157923301,17.41347438,13.75945102,1.19767909,0
21ur-6100,UGCAGAACGAUUUUUAAUGUU,0,0.55280871,0,0,0
21ur-11374,UUUACCAAAGCCGAUGAAUGC,0,0.55280871,0.875601429,0.119767909,0
21ur-14436,UUCAAUCGUAAAUUUGAAGUG,0.269740413,0,1.313402143,0.119767909,0.205364504
21ur-14641,UUAAAAAUUGUUACUGUUUCU,0,0,0.125085918,0,0
21ur-8050,UUUUCCAGUCCCAUUCUUUUA,0,0,0.938144388,0.119767909,0
21ur-7686,UUCGACAUGAAAUAUCAAAAC,0.809221238,25.42920068,45.53127429,2.395358179,0
21ur-8934,UUUUGAACAUUUAAUUUAAAA,11.59883774,640.4288911,25.1422696,1.916286543,0
21ur-9871,UGAACUGGCUAUUUUAAAUCC,0,4.422469684,4.878350817,0.119767909,0
21ur-8347,UUGUUCCAUUAAAAAUUUUCC,4.450716808,40.07863151,74.11340665,5.509323812,0.068454835
21ur-13136,UGUUCCAUUAAAAAUUUUCCC,0.404610619,0.829213066,2.189003572,0.479071636,0.068454835
21ur-10868,UUUGUUCAGAUACUGGUCCUU,1.618442476,40.35503587,25.51752735,3.113965633,0
21ur-12392,UAUUGUUUUCGAACGCAAUUC,0,1.658426131,3.752577552,0,0
21ur-10789,UACAGUAGUAUGAUAUAUGUG,0,2.211234842,1.626116939,0.838375363,0
21ur-8942,UUUCCAACUUUCUCUAAGGCA,0.809221238,5.528087105,5.628866328,8.144217809,0.136909669
21ur-6111,UCUGCUUGCAACUUAAGUAGC,0.809221238,15.47864389,0.625429592,0.239535818,0
21ur-7329,UGUUUUGGCAAUUUUUUGUUC,2.157923301,6.080895815,12.13333408,3.353501451,0.547638678
21ur-11285,CAUAGCGAUACGUUCUUAUUU,0,0.18426957,0,0,0
21ur-5787,UUGGAUCCAAUUGUUGAAUUU,3.776365777,72.97074979,9.631615716,11.13841553,0
21ur-11805,CAAAAAAACUACUUUCUCUUU,0,0,0,0,0
21ur-8867,UGCCGUUGUUUCACCUGCUUG,0.539480825,0.55280871,7.75532694,0.119767909,0
21ur-12023,UUGAAGCUUUUGCAAAAACAC,0.539480825,0.829213066,0.562886633,0.179651863,0.136909669
21ur-6728,UUCCUACUGAUUUGGCAUUAC,1.07896165,37.0381836,11.25773266,0.359303727,0
21ur-13967,UUUGAUAUUUACUCACUGGAA,0.269740413,6.633704526,5.128522654,0.838375363,0
21ur-8232,UCCUCACCGUUUAUCAUUCCA,0,4.975278394,3.12714796,0.119767909,0
21ur-14597,UUAAUUACAAGAACAUCGAAC,0,0,0,0.119767909,0
21ur-11498,UUAAUUUGGAUUUUUUUGAUA,0,8.844939368,5.753952246,0.958143272,0
21ur-15217,UAUUAUAAGAACUCAUAAAAA,0.134870206,3.316852263,0.125085918,0,0
21ur-14092,UUUAGUAUCAAGAAAAAUACG,0,0.55280871,0.562886633,0,0
21ur-8641,UUCAAAAUUGCAAAACAAAUC,0.269740413,4.975278394,11.32027561,0.958143272,0
21ur-10926,UUGUGAACAGAUAGUCAACAU,0.089913471,0.276404355,1.313402143,0.359303727,0
21ur-8376,UGAGGAGUGGAUUCGUUCAGU,0.539480825,2.764043552,4.252921225,1.796518634,0
21ur-10955,UUGAAAUGGAAAAAGUGCAAG,0,0,1.125773266,0,0
21ur-6366,UAGGUUAGAUAAUUAGGUAGA,2.427663714,71.31232365,118.8316225,9.461664807,0.273819339
21ur-6017,UUCUUCUAUGAUUCCACAAAC,0.539480825,16.0314526,14.2597947,0.479071636,0