21ur-6410,UUAGAGAAAUAUCAAACGCUA,0.269740413,19.34830487,44.40550103,1.556982816,0
21ur-14924,UGAAACAUUCACGGUUUUAAA,0,0,0,0,0
21ur-8870,UGAUUCUUAGAGCCUUCACAA,3.776365777,127.6988121,27.14364429,4.191876813,0
21ur-7565,UCCCAUUUCGAAUUGUGGAAU,0,0.55280871,0.500343674,0.359303727,0
21ur-7170,UAAAUUUGAUCGUUCACAAUU,0,0,4.252921225,0.718607454,0
21ur-13016,UUCAAAGCGCUGAUCUUAGAU,0,0,0,0,0
21ur-11513,UUAACUUGAUAGAACUUGCAU,0,1.105617421,1.876288776,0.119767909,0
21ur-10052,UUCUGUCCUUGAAUAGCUCAU,1.888182888,1.658426131,10.25704531,0.838375363,0
21ur-14987,UCUAAAAUGAAGAGAAAACGG,0,0,0.250171837,0,0
21ur-15542,UAAAACUCAAAAAGCAAGCUC,0,0,0,0,0
21ur-12272,UGAUCUCGCAAUCUCUUGCCU,0,0,0.125085918,0,0
21ur-13586,UACAUUGCGUAGCUUGUAGGG,0,0,0,0,0
21ur-7751,UUAGUUCAAGUAGUGCUUUCU,0.809221238,28.19324424,26.64330062,2.155822361,0
21ur-11014,UUAUAGCUGAUAAUCACAAUG,0,3.869660973,3.377319797,0.479071636,0
21ur-13661,UAAAGACUGCGAAAAAAUAAU,0,0,1.751202857,0,0
21ur-10691,UGAAUCUCAGACUUGAAAAAU,0,0.55280871,0.125085918,0,0
21ur-11618,UCUGAAUUUGAUUAAAAAUGA,0,0,0.375257755,0,0
21ur-10450,UAGUUCAAGUAGUGCUUUCUU,0,2.211234842,1.250859184,0.239535818,0
21ur-15229,UAUUACAUGCUUUCUGACUGC,0,0,2.126460613,0.359303727,0
21ur-13216,UGCCAGAAACUGUUCCUUGUC,0,0,0.125085918,0.119767909,0
21ur-12347,UCCACAGAGAAAGAAAAAACU,0,0,0,0,0
21ur-13193,UGGACGAUGCCAGGAGGGACC,0,0,0.375257755,0,0
21ur-14159,UUGUCGACAACACGGAAACGA,0,0,0,0,0
21ur-14818,UGCGAACAACGGCUCACUUCA,0,0,0,0,0
21ur-15639,CAGGCUUUGCAGAAAGUGGUG,0.269740413,0,0,0.239535818,0
21ur-11682,UAUUGCGAACAACGGCUCACU,0,0,0.375257755,0,0
21ur-6266,UCCAUGGAUUUAUAGCGAAAU,0.809221238,17.68987874,14.63505245,0.239535818,0
21ur-14719,UGUCAACUUUUCAAUAACUUU,0,0,0,0,0
21ur-11085,UGGGAACCUCGAUAUUUGAAG,0,0,0,0,0
21ur-3996,UUGGAUCAAAAAACAAAAACU,0.539480825,9.397748078,1.250859184,0.239535818,0
21ur-4550,UGACAGUGUUUUUCCUAUUGU,0,0,0.250171837,0,0
21ur-178,UGCAUGUCUUUCUCCGUUUGG,2.967144539,7.739321947,37.52577552,12.81516626,0.273819339
21ur-906,UGUUAUUAUACCAUUGUUUCA,14.83572269,141.5190299,233.035066,44.31412631,0.821458017
21ur-1042,UUGCAAAUCUUGAUGAGUGAA,2.697404126,39.24941845,16.63642715,1.317446999,0.136909669
21ur-2162,UUCUAACAACUAGAGAGGGAU,0.269740413,2.211234842,4.62817898,0,0
21ur-5016,UGCUUACAUUAUUCUUAUGGC,1.07896165,51.96401879,138.2199398,7.066306628,0.136909669
21ur-1948,UACUACUUUUAUUUCAAUUAU,0,3.316852263,1.626116939,0.119767909,0
21ur-224,UGUAUAACUCUUGAAUCCCAU,1.07896165,7.739321947,13.50927919,0.119767909,0.136909669
21ur-3003,UAGAUAGAAUGGAACUUUACC,1.07896165,21.006731,16.51134123,5.509323812,0
21ur-3600,UUGAAUGUCGCUAUGGGUGAA,1.888182888,13.26740905,13.07147847,0.359303727,0
21ur-5196,UGACAAUAACAUGUGUGUAUC,2.697404126,23.21796584,30.02062041,5.269787994,0.410729008
21ur-5187,UGUAAUAAUGCAUCUUUGCUC,0.269740413,1.105617421,1.626116939,0.359303727,0
21ur-3585,UCUGAACAACUUUCUCAUUGG,0,0.55280871,3.752577552,1.796518634,0
21ur-855,UCUGGACAUUUCUCCAUUUCU,0.269740413,8.844939368,1.626116939,2.994197724,0
21ur-4042,UCAAAAGGAAUCCUCUACAGA,0.269740413,12.16179163,34.27354164,5.988395448,0
21ur-2174,UCCGACGUAUGUACACUGUCC,0,2.764043552,13.88453694,0.718607454,0.136909669
21ur-2199,UGGGUAACAAUUCUAAAGUGA,26.43456044,299.6223211,272.5622162,69.70492301,0.889912852
21ur-4178,UAAUGGGUAACAAUUCUAAAG,0,2.764043552,4.127835307,0.239535818,0.068454835
21ur-4352,UAUUGCAUGUCUUUCUCCGUU,0,0,0.250171837,0.119767909,0
21ur-2895,UGCGUAUUCUACCAUCAGAUA,1.618442476,14.37302647,25.39244143,2.754661906,0.136909669