21ur-6831,UAUUAGAUGAGUGUGUCAGUU,5.799418871,213.9830384,93.75189583,1.676750725,0
21ur-6202,UAGUUUUUAUCCGGACAACCU,6.473769903,29.85167037,104.4467419,14.37214907,0
21ur-13423,UCACGAAAAACAGGUGGUUUU,0,0,0.312714796,0.53895559,0.205364504
21ur-6796,UGAUUGAUUUGAAAUCCUUCU,0,0,0.125085918,0,0
21ur-6314,UAAACUUAGACUCAAAUAUCU,1.07896165,7.739321947,6.004124083,1.437214907,0.136909669
21ur-14099,UUUACUUCUGACAUUUAACGG,0.269740413,0,1.501031021,0.119767909,0
21ur-13621,UAAUAGUUCGUUUGUAUGUGU,0,0.55280871,0.81305847,0,0
21ur-11857,UUUUCUCCUUUUACGCAGUGA,0,0.55280871,0.375257755,0.598839545,0
21ur-10660,UGGUUAGGCUUUAGAAGUUUG,0,0,2.001374694,0.119767909,0
21ur-5841,UCUUUAAACUUUAAUUUUCAA,7.68760176,290.224573,63.79381838,10.89887971,0.410729008
21ur-13009,UUCAAUGAUCAAAGCUUGCAA,0,1.658426131,2.501718368,0.299419772,0.205364504
21ur-7521,UAAUAUGUAUUCCUCGAGUAU,0.539480825,3.316852263,9.256357961,0.958143272,0
21ur-11869,UUUUAUGGAACAGUUUCCAAU,0,6.910108881,7.942955818,0.718607454,0
21ur-8559,UGAAAAAUAUUUAUCUGAGAA,0.539480825,14.37302647,16.38625531,0.718607454,0
21ur-11496,UUACUACCAAAAAUCGCUUUC,0,3.869660973,24.74616419,0.518994272,0.136909669
21ur-10669,UGCUUUGUCUUCUAAAGUAUC,0,1.105617421,0.375257755,0.119767909,0
21ur-10082,UGUUUAUUUUCACUGCCAAAU,0,13.82021776,31.89690919,0.838375363,0
21ur-9530,UAAACAGUUUCCCGUGAUUCG,0,0.55280871,0.562886633,0,0
21ur-10393,UCAGAUUUAAGAUACUCGGGU,0,0,0.75051551,0,0
21ur-13298,UCUUUGGACGUUAUAGGCCGA,0.539480825,0,0.250171837,0.119767909,0
21ur-10400,UCAACUGGAUAAGUUUUGUUU,1.07896165,4.422469684,6.129210001,4.55118054,0
21ur-8359,UUCAAUUCUUACUACAUUACU,1.618442476,132.1212818,47.90790674,2.994197724,0
21ur-12844,UUGGUUAUAGAGUAUGUAUGC,0,1.382021776,0.500343674,0,0
21ur-7313,UUUUAGCAGGAAAUUGAAAAA,0.944091444,8.844939368,6.25429592,2.215706316,0
21ur-12423,UAUGUAUUCCUCGAGUAUGUC,0.269740413,0,0,0.239535818,0
21ur-13419,UCACUCGCAGCUGAAAGAUGU,0.539480825,2.211234842,2.501718368,0.119767909,0.136909669
21ur-13574,UACUAAUAACGAAAAAUUAUU,0,0,0,0,0
21ur-6882,UUCUUCUCUUUUUUAAAUCCU,2.023053095,20.45392229,16.51134123,4.431412631,0.273819339
21ur-7063,UUACAAUGUUCCAAAAAAAAG,13.48702063,172.2920481,168.9702281,6.946538719,0.136909669
21ur-7708,UCUACCUUUUUUUCUUUUAAA,1.07896165,40.35503587,15.01031021,1.796518634,0
21ur-11483,UUAUUAAGAAAAAGGGGAAUU,0,0,1.250859184,0,0
21ur-6893,UGUUAAAAAAAAUAGGAGAAC,0,13.91235255,23.64123858,0.838375363,0
21ur-7829,UUUUUAUGUUCGUGGGACUAU,0.539480825,6.080895815,12.5711348,1.556982816,0.205364504
21ur-8070,UGGUAGGGAGGCAAACUAGUU,2.112966565,44.13256205,9.8609399,1.257563044,0.068454835
21ur-10969,UUCGUCCUUCAUGGCUGGAGU,0,1.105617421,0.500343674,0,0.136909669
21ur-5706,UCUUACUGAAUUAGAAAACGG,1.07896165,2.764043552,18.01237225,5.629091721,0
21ur-12157,UGUUUGUUCCUACAACAAAAA,0.539480825,8.292130657,0.687972551,0.359303727,0
21ur-6511,UGAUGAUGAUAAAAAACACCA,0,19.90111358,0.375257755,0.119767909,0
21ur-12859,UUGCUUUGUAUGAGACUUUUG,0,0,0.125085918,0.119767909,0
21ur-11531,UGUUUAUAAAAUAAUAUGCGA,0,0,0.375257755,0,0
21ur-9571,UUUAGUACUCCAUUUGUUUUG,0.269740413,0,2.501718368,1.077911181,0
21ur-6567,UCGAAUGAGUACUUUAUGAUU,0.539480825,5.528087105,7.00481143,0,0
21ur-14655,UGUUUGUGACAGAACGCAUUU,0,1.105617421,0,0,0
21ur-9706,UACUGUUACGAGAAAAGUUCG,0,0,0.500343674,0.119767909,0
21ur-9526,UAACUUAUUGGAAAGAAAACA,1.618442476,37.0381836,21.7649498,3.353501451,0.136909669
21ur-8999,UGUUAGAAGGUUUUUCAAUUG,0.269740413,3.316852263,3.12714796,0.479071636,0
21ur-6036,UUAUGCACGGUCUUGUACAUU,0.539480825,15.75504825,3.564948674,3.054081678,0.068454835
21ur-12073,UUCAUACGAUGGAACUGAGAU,0.134870206,6.265165386,0.917296735,0.059883954,0
21ur-12957,UUCGUUGUCUCAUGUCACAGA,0.269740413,2.211234842,2.626804286,0.119767909,0
21ur-9745,UUUUAAUAUCAGUAUUUUACC,1.348702063,15.47864389,7.880412859,4.910484267,0.273819339