21ur-7448,UUGAUGAAUGGUUGGCCCGAU,2.697404126,29.85167037,21.01443429,0.838375363,0
21ur-6910,UAAUUUCGUCAGCAUGGCUAG,0.269740413,0,32.70996766,0.419187681,0.136909669
21ur-11073,UGUCGAAUAUAAAAGUUGGCU,0,0,0.625429592,0.359303727,0
21ur-10159,UAUAAGAAGAAAAACAAAGUU,0,0,1.626116939,0.119767909,0
21ur-7906,UGAUUAAUGAUCAUGAUAAAA,0,0.55280871,0.250171837,0.119767909,0
21ur-11457,UUCAGAAACCAAUAAUUGUUU,0,0.55280871,0.375257755,0,0
21ur-9892,UCGAGGAAAUUUUUUGACUUU,0,1.289886991,0.208476531,0,0
21ur-11803,CAAGACGUUAAGAUUAAAGGU,0,0,0,0,0
21ur-8673,UCGGGCUAAUCCAUAAUCUAC,0,1.658426131,4.378007144,0.119767909,0
21ur-6440,UCAGAAUUGGAAUCGACAACG,0.269740413,0.55280871,4.002749388,0.479071636,0
21ur-15530,UAAACCUUUAAAACUAUUUUU,0.269740413,1.105617421,2.126460613,0.658723499,0
21ur-13881,UUUUCACACAUAGUUAGUUGA,0,0,0.875601429,0.119767909,0
21ur-7396,UACUGAAUUCACUCUCAACAA,0,0,0.250171837,0.598839545,0
21ur-7550,UGGUUGACACAUUAGGAUUCU,0.269740413,7.739321947,4.878350817,0.119767909,0
21ur-15681,AAUUUCGUCAGCAUGGCUAGU,0,0,0.062542959,0.059883954,0
21ur-6254,UUAUGGAACUGGAAGUGCUUC,2.697404126,49.19997523,30.39587817,5.74885963,0
21ur-15279,UAUAUCUCUAACUGACGAUAU,0,0,0.250171837,0,0
21ur-14534,UUAGUCUCUUGUCCCGCAAAA,0,0,0.250171837,0,0
21ur-6747,UGGUAAACAUUUUUGAAUCCA,0,3.316852263,1.813745817,0.119767909,0
21ur-13469,UAUUGAUUAAUGAUCAUGAUA,0,0,0,0.119767909,0
21ur-11992,UUGCUUUGGUGGAACUUAAAA,0,1.105617421,1.688659898,0.239535818,0
21ur-15186,UAUUGCUUUGGUGGAACUUAA,0.809221238,0,2.626804286,0.598839545,0
21ur-14320,UUCUGAUGCAGUGAAUAACGU,0,0,0.375257755,0.479071636,0
21ur-14100,UUUACUUAUGCUAAUUUAACG,0,0,0,0,0
21ur-13245,UGAUGACCACGAAUAUUAUCA,0,0,0,0,0
21ur-10452,UAGUCUCUUGUCCCGCAAAAA,0,0,0.125085918,0,0
21ur-7664,UCAACCACCAUUUUUUGGAAG,0.269740413,1.105617421,2.126460613,0.119767909,0
21ur-14958,UCUGUCAAGAAACAACGCCAA,0,0,1.000687347,0.119767909,0
21ur-10174,UACAUAAUCUGCAUUUUUGGU,0,3.316852263,10.38213123,1.916286543,0
21ur-10883,UUUGACCAGCGUUAAAAUUUA,0,0,11.25773266,0.239535818,0
21ur-11274,UAAAAAUCAGAAAUUGGAGUU,0,0,0.75051551,0.359303727,0
21ur-12625,UUUUUACAAACUCCGCGCACA,0,0,0.250171837,0,0
21ur-7360,UUUUACAAACUCCGCGCACAA,0.269740413,14.92583518,24.51684,0.119767909,0
21ur-5904,UCCACAAUCUGUAGCCUUUUU,0.809221238,39.24941845,36.90034593,2.036054452,0.273819339
21ur-6986,UUUCAUUAAAUUUUGUGAAGA,0.809221238,6.633704526,6.129210001,1.556982816,0
21ur-9597,UUCUAUUGGAAAAGAGGGACU,0,1.105617421,0.938144388,0.059883954,0
21ur-10980,UUCAUUGUUUCUUCGUUUUUG,0,0,1.000687347,0.239535818,0
21ur-9879,UCUCUUGUCCCGCAAAAAAGU,0.269740413,0,0.500343674,0,0
21ur-7400,UAAACUCGGAAGUAUUAUAGA,0.269740413,1.105617421,5.753952246,1.077911181,0
21ur-7357,UAAGAUCACUGUCGUUGAAAA,0,0,2.001374694,0.359303727,0
21ur-9379,UUUGUUCGUGGCUUUCAUACC,0.269740413,4.422469684,1.876288776,0.240323765,0.001955852
21ur-8078,UGACUACUUUUUUGUUUUGUC,0.539480825,14.92583518,15.88591164,0.958143272,0
21ur-11413,UUGACACAUUAGGAUUCUGCU,0,0,1.125773266,0,0
21ur-9688,UAUUACAGUAAAAACAGUAAA,0,1.658426131,1.250859184,0,0
21ur-9214,UUUUUUUCGUUUCAAUGCAAU,0,1.105617421,2.751890205,0.119767909,0
21ur-12109,UUAUCAAAUCGCUGGUCACAA,0,0.55280871,1.250859184,0.119767909,0
21ur-10197,AUUCGAGGAAAUUUUUUGACU,0,0.18426957,0.145933571,0.119767909,0
21ur-6605,UAUUCGAGGAAAUUUUUUGAC,0.539480825,14.55729604,18.28339174,4.55118054,0.136909669
21ur-14764,UGGGAAAUUGUUUGAAAACAC,0,0,0.125085918,0,0
21ur-11165,UCACUAAGAAAUUCUGAGUCA,0,0,0,0,0