21ur-1542,UGAAAUCAAAGUAUUGCUAGU,0.539480825,0,1.250859184,0,0
21ur-829,UGUGAACUUAGCUUUGCUCAU,0.809221238,7.186513236,3.752577552,0.958143272,0
21ur-5155,UACUCCUGUCCUCUCCAACAU,1.07896165,60.5325538,20.20137582,0.598839545,0
21ur-1748,UGUCGAAAAACUUUUCGGGAA,4.585587014,49.75278394,7.129897348,8.144217809,0.410729008
21ur-2346,UAUGCGAAGUGUAAGUAUUAA,1.618442476,36.48537489,10.50721714,0.958143272,0
21ur-2873,UCGUUCAUAUUAGCUAUUAUC,1.07896165,6.080895815,62.66804511,1.556982816,0
21ur-4901,UCGUAUCGUUUUACUUACAAU,5.934289078,52.79323185,65.67010715,22.39659897,0.273819339
21ur-675,UAGUUUGUUGAUAUGUUUUUU,0,2.211234842,2.876976123,1.676750725,0.136909669
21ur-3145,UGGUUACUCACUAUUGCUUCC,2.967144539,380.3323928,115.4543027,4.790716358,0.958367686
21ur-1752,UGAAGUGUGUUUCGAUAAUAC,5.12506784,76.84041076,45.28110246,4.670948449,0
21ur-1609,UAACUGGUAUUGCCGUUUGAU,3.236884951,90.10781981,44.65567287,24.0733497,0.273819339
21ur-343,UAAGAAGUGAUACUUUUUCUU,2.967144539,59.70334073,12.50859184,1.796518634,0.136909669
21ur-4547,UUCUUCAUUGGGGGGUCGAAA,0.539480825,34.27414005,31.77182327,0.838375363,0
21ur-2842,UGAAAUAAAUUGGUCAAGAAA,3.776365777,102.8224202,88.4357443,1.796518634,0.410729008
21ur-2194,UGCGAGUCUGGUCUCUUUUGU,2.697404126,29.85167037,26.76838654,15.09075653,0.136909669
21ur-3970,UCCGCGUGCAGACUUCUUAUU,0.539480825,87.89658497,3.252233878,1.437214907,0.136909669
21ur-3167,UCCAUGGAAAUAUAUGCUGAC,2.157923301,33.72133134,34.21099868,2.095938407,0
21ur-1348,UAACGCUUGGUUAUGGUUAUA,14.9705929,135.7145384,245.0433141,8.503521536,0.205364504
21ur-4942,UAGGGUUUUGAAAUCUUGAAU,1.07896165,10.5033655,7.75532694,0.838375363,0.136909669
21ur-4498,UGUAUUUAUUAAAAUUGAACA,6.473769903,262.0313288,116.0797323,2.27559027,0.273819339
21ur-2067,UUCCAACUAACUUUUUACGAA,0,1.105617421,0.250171837,0.239535818,0
21ur-559,UACGGAAUCCUCUUAAUUCAU,0.539480825,2.764043552,1.626116939,0.119767909,0.136909669
21ur-3885,UAAUUGGUCGGCUGCUUCAAU,1.07896165,41.18424893,18.01237225,0.479071636,0
21ur-392,UACUUCAGUAGUAACCCCCAG,1.348702063,16.58426131,31.52165143,1.317446999,0.136909669
21ur-2690,UGAUUGCCUUGCUUUUUUCAU,24.54637755,216.1482058,3.252233878,0.479071636,0
21ur-4039,UCACUCAGAAUACUCCCAUUA,1.348702063,3.869660973,2.001374694,0.479071636,0
21ur-4029,UGCAUUUCCUUCUAGGUCGUU,0,4.975278394,15.26048204,7.545378264,0.273819339
21ur-2331,UACUCCAGUCAUUUCGCCUUU,0,0,31.02130776,0.239535818,0
21ur-1335,UUACAAUUUUCAACUCACACU,0.269740413,4.975278394,4.002749388,1.19767909,0
21ur-1385,UAUCCAUAUGAUGUUAAAAGG,3.776365777,35.37975747,31.89690919,6.587234993,0
21ur-3448,UGUGACUCAUCCUGUGGAAAC,1.07896165,23.21796584,12.50859184,1.077911181,0
21ur-1254,UUUUCGCGUGUUUAGGUUAAA,4.585587014,44.22469684,13.6343651,5.150020085,0.410729008
21ur-4515,UCCACGCCUUGAUAAUUUUUG,1.618442476,263.6897549,151.4790472,0.119767909,0
21ur-911,UAAGAUUUUGGUCCCAAUGAA,145.120342,3436.811753,1602.350615,108.3899576,0.273819339
21ur-2813,UCAAUGUUUCAAAUCCUUCAU,5.12506784,29.0224573,46.15670389,7.006422674,0.410729008
21ur-2593,UUUAUCUAUUAAAUGAUUGGC,7.148120934,174.4111482,210.2694288,10.53957599,0.342274174
21ur-4652,UGCCAGGUUCGAAUUAGUUGA,2.697404126,21.006731,22.64055123,0.359303727,0.410729008
21ur-1796,UGUCAUUGGAUUAGACGCUAA,1.888182888,4.422469684,4.002749388,0.958143272,0
21ur-2536,UAAAAUUGGGACAUGGGAUGA,2.157923301,34.82694876,21.89003572,1.916286543,0.136909669
21ur-1009,UGGUGUUAAAAUCGGACGACC,2.983280796,45.33031426,14.88522429,1.444058788,0.136909669
21ur-549,UCAAUAUGACAAGAACACUUA,0,0,0,0,0
21ur-5189,UCACGGCAUUUAACACCGAAU,0.269740413,0,0.375257755,0.119767909,0
21ur-1642,UGUAGUAGCAUCUUAUUUCAA,24.81611796,190.1661964,89.8116894,24.91172506,0.958367686
21ur-2629,UAGUUUGCCGUCUUUCAUAAU,18.34234806,1154.356722,509.9544416,7.066306628,0.136909669
21ur-4022,UCUCCAUUCAUUACUUGCUAC,5.934289078,118.301064,241.2907366,21.55822361,0.273819339
21ur-1107,UCACGCAAUAAAUUUUAUCGG,0.269740413,6.633704526,13.00893551,0.958143272,0
21ur-4286,UAGAGUGUUGAGAUUGUGUUU,1.483572269,20.17751793,6.567010715,3.892457041,0.205364504
21ur-4639,UCAACAGAUUUACCAAAACCA,0.269740413,5.528087105,8.630928369,5.030252176,0
21ur-1655,UACUCCAAAAGAAUGUACAAA,0.809221238,13.82021776,11.13264674,0.958143272,0
21ur-2359,UUCAUGCGCUAUGCCUUCGAC,1.348702063,0,15.6357398,0.239535818,0