21ur-10256,UUGGAAUGGCGAAAAUACAUU,0.089913471,1.520223954,0.104238265,0,0.068454835
21ur-6972,UGCUCCUCUUUUCCCUUUGUU,0.539480825,1.105617421,8.756014287,0.239535818,0
21ur-6056,UUUGACUUUCGUUGAAGUUCC,0,8.844939368,6.004124083,1.437214907,0.136909669
21ur-13408,UCAGUGUUUUCGAAUUGAUCC,0,3.316852263,0.500343674,0,0
21ur-9411,UUGCAACGUAAGGUUAACUAC,0.404610619,6.357300171,2.126460613,0.059883954,0
21ur-12307,UCUUGGAAUAUUGUUAACUUU,0,1.658426131,0.375257755,0,0
21ur-9297,UGAUUCAAUUUCCAUUGAUUG,1.348702063,3.869660973,0.500343674,2.27559027,0
21ur-15187,UAUUGCUUCUUUUAGAUGCUG,0,0,0,0.239535818,0
21ur-7534,UUUCCGAUUCCGACUAGAAGG,0.809221238,1.382021776,11.13264674,1.616866771,0
21ur-6631,UUCAGUUGAACAUCUGGUUUU,0.809221238,1.658426131,2.376632449,0.598839545,0.136909669
21ur-7479,UAAUCAACAAAAAAAAUCAAC,3.524608058,50.96896311,97.36687887,1.437214907,0
21ur-5596,UCUGUACGGAUUUUUUCGAAU,0.269740413,6.633704526,22.51546531,1.556982816,0
21ur-7820,UAUGAAAAAAAGGAACAGUUA,2.967144539,6.080895815,13.6343651,1.556982816,0.342274174
21ur-14288,UUGAAAAUAUAGAAAGUGGGU,0,0,0.500343674,0,0
21ur-11115,UGAGAUCCAAAAUCCAAAAAU,1.07896165,1.658426131,2.04307,0.838375363,0.136909669
21ur-15391,UACAGUGGAAUUCAAAAAAAA,0.269740413,10.77976985,6.817182552,0.239535818,0
21ur-15426,UAAUGUUUCAAAUAAACAAAA,0,0,0.062542959,0,0
21ur-6633,UGUUUUUGAUUCAUAAAAAAC,1.888182888,9.397748078,1.000687347,0,0
21ur-12356,UCAGUCCCAUCUUUUAUUAGU,0,0.55280871,4.753264899,0.119767909,0
21ur-5905,UAUGCAUAUUUUUAAUGUUUC,0.269740413,22.66515713,1.626116939,0.119767909,0
21ur-9555,UUUGAUGUACGUUCCAACCAC,0.539480825,20.45392229,1.125773266,0,0
21ur-8720,UUGUGUAGCAUUAUAAUUUAA,1.888182888,33.16852263,2.251546531,1.676750725,0.136909669
21ur-8189,UUUGGCCUCAAAAUAAGUUUC,0.539480825,4.422469684,1.375945102,0,0
21ur-11556,UGUAAAUUUGCCUUUAUGAUU,0.539480825,7.186513236,9.756701634,5.928511493,0
21ur-14555,UUACUUGCCUUUUUCACCACU,0,5.80449146,4.378007144,0.119767909,0
21ur-6776,UGACCAGAUUUUAAAGAGAUU,0.539480825,16.58426131,5.503780409,2.036054452,0
21ur-8219,UGGUAAAAAUAUUAGCUACUU,1.618442476,38.14380102,5.628866328,1.19767909,0.136909669
21ur-8715,UUUACGUAGAAAACAAUUAAA,0.269740413,3.869660973,11.50790449,0.239535818,0
21ur-8988,UUAGGAGUGUUCGAAAUGUUG,0,4.975278394,8.255670614,1.317446999,0.136909669
21ur-7368,UUCAUAUCGAAGAUUAAAUUA,0.269740413,3.593256618,10.50721714,1.856402589,0
21ur-13659,UAAAGGUCCCCGUUUAAUUGC,0.269740413,1.658426131,3.252233878,0.119767909,0
21ur-11282,CGGGUUUGCUUUGAUGUUAGA,0,1.105617421,1.250859184,0.119767909,0.136909669
21ur-6299,UUCAGAUGUUAGAUAGGUGAA,3.506625364,44.22469684,39.77732205,2.515126088,0
21ur-13370,UCCUCUUUUCCCUUUGUUCAA,0,0.55280871,0.625429592,0.239535818,0
21ur-7034,UUUGAUCAAUUUUCUAGUAGU,0.269740413,2.211234842,9.256357961,0.598839545,0
21ur-12026,UUGAACUUUUUGGAAACAUUA,0,1.105617421,0.81305847,0,0
21ur-9977,UUUUUUGAAACUACCCAAAAA,0,9.397748078,3.002062041,0.838375363,0
21ur-13899,UUUUAAUUCUAUCAGAAAUCU,0,6.357300171,0,0,0
21ur-8346,UUUAUACGUUUGUUUCUUGAA,0.269740413,7.186513236,4.753264899,0.598839545,0
21ur-13516,UAUCUCAGUAGGGAAUCAUAA,0.269740413,0.829213066,0,0,0
21ur-10971,UUCGGUAGCUAAUUUUCGUAC,0,6.080895815,2.376632449,0.059883954,0
21ur-11184,UAUUCCCCUUAUUUUUAAUUC,0.539480825,6.633704526,8.630928369,0.479071636,0
21ur-12410,UAUUAUUCCCCUUAUUUUUAA,0,2.764043552,1.375945102,0,0
21ur-9830,UGUUGGAAUGGCGAAAAUACA,0.899134709,4.560671862,1.542726327,0.838375363,0.068454835
21ur-13069,UUAGAAAAGGAAUUGCCUAAC,0,0.829213066,5.879038164,0.479071636,0.068454835
21ur-11738,UACCUUGUUAUGAUCGAAGAU,0,0.276404355,0.375257755,0.119767909,0
21ur-11449,UUCAUUGAUUCAAUUUCCAUU,0.539480825,4.422469684,3.12714796,0.359303727,0
21ur-5501,UCAUUCAAUCUUUUAAUGAUU,1.348702063,67.99547139,16.01099755,1.19767909,0
21ur-5626,UGUUUCAAAUAAACAAAAAAG,0,49.75278394,16.44879827,0.359303727,0
21ur-6376,UUUAGAAAAGGAAUUGCCUAA,12.13831857,208.6852882,198.8866102,16.16866771,0.205364504