21ur-9231,UUUUAAAAAAUUUGUUGACUU,0,4.422469684,2.501718368,0.239535818,0
21ur-15612,CGUGGUCUUUUUAAUUUCAAA,0.224783677,1.289886991,0,0.159690545,0
21ur-13622,UAAUAGUGAGUUGUUAAAACA,0,0,0,0.119767909,0
21ur-10834,CAAAUUUUGAAGAACUUUUGC,0,0,0,0,0.136909669
21ur-9468,UCGUCUCUUAGCCAUAAUUGU,0.539480825,3.869660973,79.17938634,7.48549431,0.136909669
21ur-11671,UCAACCCUUUUUUUCUAUUGG,0.539480825,2.211234842,6.25429592,1.077911181,0
21ur-9682,UAUUCUGCUCAUAUCUUGUAA,2.967144539,11.79325249,7.630241022,1.796518634,0
21ur-12684,UUUGUUUUUCAACAUCUAAUU,0,1.658426131,0.75051551,0,0
21ur-7328,UUAAAUUUAUUGAUCUCAGAG,1.348702063,89.5550111,96.69141492,8.383753627,0
21ur-9671,UCACUCAUUUAUCAGCAAUCA,0,0,1.000687347,0.598839545,0
21ur-9314,UCGUGUUUUUUUUCCAAAUAC,0.269740413,0.55280871,0.625429592,0.119767909,0
21ur-12462,UAGAUUGCCCGGUACAUGUAC,0.809221238,27.45616595,9.027033777,0.279458454,0
21ur-8819,UUUAGUUUUUUUUCGAAUUAA,1.07896165,27.08762681,1.125773266,0.419187681,0
21ur-12916,UUGAACGAAAAUGAUAUUUUU,0,0,0,0,0
21ur-6970,UUCGCUGUAUAUUAGGCUCCG,1.07896165,1.658426131,39.90240797,3.173849587,0
21ur-13722,AGUGACCCAUAAUCGCCAAAA,0,0,0.062542959,0,0
21ur-8739,UUAGGAGGAAGCAUUGUGCAU,0.269740413,6.357300171,13.88453694,0.419187681,0
21ur-14347,UUCGGAAUGGGUUCAAGUCAG,0,1.105617421,6.19175296,0.179651863,0.068454835
21ur-7195,UGACUAUCCAACAAAAUCUUC,0.269740413,1.658426131,27.64398796,0.479071636,0
21ur-11179,UAUUUAAUCGAUAUCCAUUUU,0,3.869660973,2.751890205,0.838375363,0
21ur-6276,UUGGUAAAAUAUAUCUAAAAC,0.539480825,18.79549616,4.878350817,0.239535818,0
21ur-15600,CUCUUUUCCGGAUUCGAUUUU,0,0,0.250171837,0.359303727,0
21ur-5744,UCGAUACCAAAUUAUCAGUUC,0.269740413,10.5033655,24.14158225,6.227931266,0
21ur-7772,UAGAAACAGUCGGAAAAAAGU,0.269740413,1.658426131,9.756701634,0.598839545,0
21ur-7334,UGAAAUUGUAUUGUAUUGUAU,4.051759804,120.6627857,182.2557425,14.29871513,0.410729008
21ur-7507,UGAAUUGAAUUGAAAAAUGUG,0,12.16179163,10.25704531,2.754661906,0
21ur-14560,UUACUCUUCCAAUGGUGUGUG,0,0,0.625429592,0,0
21ur-10384,UCAUUUCUUUCAAACACAUAU,0.809221238,7.739321947,205.0158202,1.916286543,0
21ur-12063,UUCCGACCGUUGUUACAGCUA,0.269740413,6.080895815,38.83917766,2.095938407,0.479183843
21ur-15142,UCAAAGAUAUUGUAAGGAUGA,0.539480825,6.357300171,8.380756532,0.479071636,0.205364504
21ur-9330,UAUCUUGAUUAAUAUAUAUAU,0.540226974,14.37375145,2.126460613,0.958204407,0.136909669
21ur-14316,UUCUGGCAAAAAAAAAACUGU,0,0,0.375257755,0,0
21ur-12979,UUCCUCGUUCCUACUGAUUGG,0,0.55280871,0.250171837,0.239535818,0
21ur-6708,UUAAUCGUUGAUUGUAUAAAA,0,5.528087105,10.00687347,0.958143272,0
21ur-13566,UACUUACAUUAAGUCGGUGUG,0,0,0,0.059883954,0
21ur-9739,UUUUUCAAACUGGCCGGGUAA,0,10.5033655,0.875601429,1.317446999,0.136909669
21ur-11847,UUUUGACAGUUGCUAGGUUUU,0.674351032,20.45392229,15.51065388,1.796518634,0.479183843
21ur-6478,UAGUGAGAGUGUUUUCACUUG,0,2.211234842,0.125085918,0.119767909,0
21ur-14117,UUUAACGUCUGAAUCAUGCGA,0,0,0.125085918,0,0
21ur-14607,UUAAUAUCCUGUUUAAAUACG,0,1.105617421,2.876976123,0.119767909,0
21ur-14609,UUAAUAGUUACAGUUAAAAAA,0,12.71460034,1.250859184,0.239535818,0
21ur-13775,UUUUUGAUGAUGAUCCAGCUA,0,3.869660973,0.500343674,0,0
21ur-11763,UAAUAUUGUAUCGAAUGAAAU,0.269740413,0.55280871,2.564261327,0.119767909,0
21ur-9529,UAAAUCCUCUAAUCCUAUUAA,1.348702063,15.20223954,19.0130596,1.796518634,0
21ur-6230,UUUCACGACUUGAAGGACUCG,0.539480825,4.698874039,8.557961583,1.976170498,0.079863974
21ur-13409,UCAGUCAGCGAUCGAGAAAUU,0,0,1.375945102,0,0
21ur-12613,UUUUUGGAGUGUGGUCAUCAA,1.57348574,11.79325249,0.729667857,0.239535818,0.068454835
21ur-9850,UGGACUCACGCUGAGUUAUUC,0.539480825,2.764043552,0.75051551,0,0
21ur-12090,UUAUUCUGCUCAUAUCUUGUA,0,0,0.125085918,0.119767909,0
21ur-13071,UUACUUACUUGUUUGUUGAAA,0,0.55280871,1.188316225,0.479071636,0