21ur-5689,UCGACGAAUAUUUUUACUUGA,0.809221238,12.16179163,33.27285429,1.676750725,0.136909669
21ur-10030,UUUAACAAAUAUAGAUUAAUA,2.967144539,152.5752041,45.90653205,4.311644722,0.410729008
21ur-10574,UUGAUUCAAAACUUUUGUUGG,0,0,0.250171837,0.239535818,0
21ur-15700,AAAAAUGAAUUUAUGAAUGCA,0,0,0.875601429,0,0
21ur-10951,UUGAGUAGCAUCCGAAGAAAA,0,1.105617421,1.250859184,0.179651863,0
21ur-13070,UUACUUUAACUGAGAUGAAAA,0,0.829213066,1.375945102,0.119767909,0
21ur-13195,UGGAAGCAAAUUGUAGGUGUG,0,0,0,0,0
21ur-10927,UUGUCGUCUCGAUGCUGUAGC,0,0,0,0,0
21ur-13859,UUUUCUGAGAUCUAGUUCUGA,0,0,0,0,0
21ur-13956,UUUGCAAAUUCUACAAAAAAC,0,0,0,0,0
21ur-14792,UGGAAACUAACUAGACAUUCA,0,0,0.375257755,0,0
21ur-13444,UCAAACAAUAUUCGGAGUUUU,0,0,0,0.119767909,0
21ur-14094,UUUAGUACUGUAGGGAACUUU,0,0,0,0,0
21ur-13405,UCAUUACAAUGAUGAUGAUGA,0,0,0,0,0
21ur-15400,UACAAUGAUGAUGAUGAGGAU,0,0,0,0,0
21ur-12219,UGGUUUUGAAUAAUGUGUCUU,0,2.211234842,0.500343674,0,0
21ur-14941,UCUUGAAACUUGCCUAUAAGA,0,0,0.250171837,0,0
21ur-14575,UUACCCUUGACUGCUCAUAUC,0,0,0.250171837,0.019961318,0
21ur-13297,UCUUUGUUGAGCAUUUCGGCC,0,0,0,0,0
21ur-14108,UUUAAUUGGUUCAGAAGAACG,0,0,0,0,0
21ur-13851,UUUUCUUUGUGUCAAGCUCUU,0,0,0,0,0
21ur-3069,UAAUUUGAUUCAAGGUGGUCG,0,2.211234842,1.56357398,0.479071636,0
21ur-1539,UAUUCCACGCUGGGUUAAAUA,0.269740413,3.685391403,5.420389797,0.598839545,0.136909669
21ur-281,UGUUUGAUUUGACAUUCAAUA,0,0,0.625429592,0.119767909,0
21ur-2999,UUGAAAUCGUUUUCUGUGUGC,0,1.934830487,11.63299041,0.598839545,0.136909669
21ur-4664,UGCCAUUUUCCAUAGACGCAG,0,5.528087105,3.87766347,0.479071636,0
21ur-2404,UAUGACUCACGAAAUUCCAAA,5.12506784,121.8943207,156.1072262,20.95938407,0
21ur-2966,UCAUAUUUUAGGCUCGAUUCG,0.134870206,0.55280871,5.628866328,1.437214907,0.273819339
21ur-1596,UAUUAACCACGAUCAGUACUG,0,1.105617421,3.502405715,0.958143272,0
21ur-1232,UUUCGAAUCGAUCUACGAACC,1.618442476,6.080895815,49.78419552,7.48549431,0.205364504
21ur-3947,UUGUUCCACUGAUUAGUCAUU,1.348702063,18.24268745,24.76701184,8.743057354,0.684548347
21ur-1479,UAUGUACGUAACAACACACUG,0.269740413,0,0.875601429,0.119767909,0
21ur-3128,UGAUCAUAUUUUAGGCUCGAU,7.68760176,353.7975747,530.1141221,42.27807186,0.410729008
21ur-1722,UUAGUCUCACUCUUUUUCCCA,1.618442476,7.739321947,6.629553675,5.74885963,0.273819339
21ur-1012,UUGAUAAUUUGAUUCAAGGUG,0,0.55280871,0.250171837,0,0
21ur-3326,UGAAAUCGUUUUCUGUGUGCA,0.809221238,1.382021776,5.378694491,0.479071636,0
21ur-1247,UGGACUGCCAAGAUGUUUUUU,6.473769903,118.301064,108.3244053,2.036054452,0.273819339
21ur-4087,UGGUGUCUUUUUUUCAUAAGU,2.157923301,18.24268745,0.875601429,1.317446999,0
21ur-3660,UGCGGCGUAGAUAUGACAUGA,0.809221238,9.397748078,19.88866102,0.838375363,0.136909669
21ur-385,UGAUAAUUUGAUUCAAGGUGG,2.967144539,37.59099231,110.5759519,8.0244499,0.410729008
21ur-2972,UGUGUUUCGAGUACUUUUGGG,0,2.211234842,2.876976123,0.718607454,0
21ur-2781,UGGAAUUGGAAAUUGGACAGA,0.269740413,4.975278394,8.881100206,2.27559027,0
21ur-1890,UAUCAUUACAUGUUCAGAAUC,0.539480825,0.55280871,3.502405715,0.359303727,0
21ur-6337,UUUACCGUUUACUGUACCCUC,0,0.55280871,8.005498777,0.479071636,0
21ur-10862,UUUUACUCAAGGAAAAUGUUC,0,1.105617421,4.378007144,0.359303727,0
21ur-8278,UUCCUUGAAUGGUACAGGCAU,0,2.764043552,8.756014287,0.359303727,0
21ur-10931,UUGUAACAGGACGUUUAGCGA,0,0,0.125085918,0,0
21ur-11528,UGUUUGGUCAUGAUAAAAAUG,0.404610619,0.737078281,5.816495205,0.359303727,0.068454835
21ur-15464,UAAUAAUUGAUUGUCUCCGGU,0,0.276404355,0.312714796,0,0
21ur-7250,UUGUUCCAAUCUUCAUGGAAU,0.539480825,22.66515713,21.89003572,10.06050435,0.136909669