21ur-3077,UAGCUUAUGAAAAUAUGGCAC,4.585587014,40.90784458,13.00893551,2.634893997,0.136909669
21ur-1453,UACAGCUUCUCUGUCAUCUGC,5.664548665,30.40447908,90.68729083,10.6593439,0
21ur-2052,UUGGGAUAAUUGUAGACUACU,0,0,2.251546531,0,0
21ur-3180,UCGGAACAUAAAGAAUGAACA,5.394808252,244.8942587,374.3821537,19.04309752,0.136909669
21ur-3802,UGGACCAAGGAUAAUGUCAGC,7.013250728,39.80222716,165.8639278,5.269787994,0.410729008
21ur-685,UCAUUUAUCAGCAAUCAGAGU,20.77001177,57.49210589,212.8962331,51.26066503,0.136909669
21ur-929,UGCAUUUGCUGUCACCUGAAA,0.539480825,32.06290521,39.15189246,1.676750725,0
21ur-1083,UCUGUGCGGAACUCAGAAACA,1.618442476,13.82021776,12.38350592,7.305842446,0
21ur-2383,UGUGUAAGUUCGAUGGUUUGA,30.07605601,133.7797079,331.7903985,44.55366213,0.958367686
21ur-2952,UGAAUCUGACUCAUUGAACAA,18.88182888,96.74152434,70.67354389,46.23041286,0.136909669
21ur-1567,UGGGAGAUCGAUGCUCAAGAG,2.427663714,4.975278394,24.51684,2.874429815,0.410729008
21ur-4532,UGGGACAUUAAAAAGUGAUUU,6.069159284,139.307795,180.936781,8.204101763,1.437551529
21ur-781,UUUCUUGAAUCUCCUCUACUC,4.585587014,64.67861913,39.15189246,5.389555903,0
21ur-779,UGCAACGAAGCCUUGACUUCA,0.539480825,2.211234842,3.627491633,0.239535818,0
21ur-1708,UGAUGUGAUUAUUUCCUGGAA,25.08585837,521.5750184,204.3278477,44.31412631,6.5032093
21ur-2283,UGGUGCAAUCAUUGUUUUGUU,0.134870206,12.16179163,0.375257755,0.119767909,0
21ur-1240,UCCUUUCUUAUGACGGUUUGA,2.157923301,23.77077455,85.05842451,24.19311761,0
21ur-5241,UCUCGUCCCUCACGGAUAAGA,2.697404126,60.5325538,156.7013843,4.790716358,0
21ur-2881,UGCUAUGGCUAUGCCCACAUU,1.618442476,22.11234842,13.00893551,0.838375363,0
21ur-2491,UGGGAACCAUUUAAAAAAGAA,25.35559879,969.0736695,343.1106741,36.1699085,0.821458017
21ur-3895,UUCAUAAUGAUAACGGAUCUA,0,0,0.375257755,0,0
21ur-3564,UUCAUCACUUCUACAAAUUAA,2.967144539,122.170725,151.9793908,13.4140058,0.136909669
21ur-2845,UAGGUUGAAUGGAAAUAUGUC,14.02650146,538.435684,254.5498439,32.45710333,0.410729008
21ur-2632,UCAAACUAUUUUGCACGAUUU,2.967144539,29.85167037,94.06461063,20.36054452,0.136909669
21ur-3093,UGGUGAUCGUGUAAAUUCUUG,2.697404126,23.21796584,18.63780184,0.598839545,0
21ur-5305,UUGAGUAGAAAUGCAAGGUUG,1.618442476,8.844939368,27.39381613,4.790716358,0
21ur-2075,UCUCGUUUUCGGGUUGUGCUG,1.348702063,7.186513236,22.64055123,0.958143272,0
21ur-2443,UAGAUAGAUCCUUCGACCUUU,1.07896165,44.77750555,76.1773243,8.144217809,0.136909669
21ur-2221,UGCAUUAGUUACCGUGAAAUG,0.269740413,32.61571392,17.63711449,0.239535818,0
21ur-3403,UGAUAAUUUUGGGCAAUUUUU,1.618442476,202.6043924,118.6439936,5.509323812,0
21ur-1889,UAAUAAUAAAUUUCACCCAAA,11.86857816,309.5728779,152.6048204,14.7314528,0.136909669
21ur-2376,UAGUAUUAAUAAUUCUGCAGG,8.361952791,67.99547139,87.93540063,17.12681098,0
21ur-3200,UGGUUCCUCAUUGAAGAUUGA,5.394808252,31.87863564,8.130584695,5.868627539,0
21ur-4377,UUUCGGAGAUUCAAACACGAG,2.967144539,13.26740905,27.39381613,5.030252176,0
21ur-4050,UUUGAGUGUUGAUUUUGUCCA,10.11526547,182.1504701,87.372514,22.27683107,0.547638678
21ur-2605,UUUCAUUACACUUAUGGAAAC,0,2.211234842,2.251546531,0.119767909,0
21ur-3937,UAAUGACGUUUUUUCCUCUGA,0.269740413,0.55280871,1.501031021,0.598839545,0
21ur-4843,UAUGAAACUACUUGCAUUACC,1.07896165,13.82021776,4.002749388,0.359303727,0
21ur-2904,UACUGUUUGCUUCUUUUUUGA,11.86857816,116.9190423,83.36976461,37.96642714,0.547638678
21ur-2170,UUCAACGUUCAAAUUCAAAGG,2.967144539,11.05617421,73.55052001,8.623289445,0
21ur-5332,UACACCGGAGCACUAAGGUAG,0.269740413,0,1.501031021,0,0
21ur-3766,UGGAAGCUUGAUGGAAAAUGC,0.809221238,9.121343723,8.130584695,0.838375363,0
21ur-3669,UAGGCCUAAAAUAUCAACACA,53.67834211,2369.890942,543.2481436,16.16866771,0.273819339
21ur-1036,UCAUCUGUAGGACAACAUUUA,1.618442476,25.42920068,73.92577777,17.12681098,0.410729008
21ur-2082,UAGUACCAAUGUAAGGUUCAC,0,4.975278394,3.377319797,0.239535818,0
21ur-104,UUAGUCAUUAAUUACGGUUCC,29.13196456,770.0625337,985.551951,113.3004419,0.821458017
21ur-1669,UAUUUUUUCUUCAAUAUCAUC,5.12506784,37.0381836,89.68660349,11.85702299,0
21ur-2305,UAGCACUCGGCAUGUUUUUCU,3.236884951,14.37302647,107.323718,6.108163357,0.136909669
21ur-658,UAAUCCUUGAGCUCUUCCAAG,1.07896165,11.60898292,13.88453694,1.317446999,0
21ur-3901,UGUAAGAGUUGAAAAGGAGAA,33.17807075,267.0066072,638.9388711,28.0256907,1.232187025