21ur-11608,UGAAAGAGCUUCAGAUAAUGA,0,0,0,0.119767909,0
21ur-14269,UUGACCAUGCCCACACAGUAG,0,0,0,0.299419772,0.136909669
21ur-12490,UACCAAAAAAUAAUCCGUUAG,0,0,21.63986388,0.239535818,0
21ur-15398,UACACAAGUACCAGUUUUUUC,0,0,0,0,0
21ur-5229,UAUAAUCAUCUUCAAUUUUCC,0,0,2.626804286,0.239535818,0
21ur-3836,UGAGUCUUUGGUAUUUUUCCU,1.348702063,5.528087105,27.26873021,2.036054452,0
21ur-2935,UUAGUAUGGAAUUAAUGUAUU,12.13831857,372.0402622,253.2989847,22.39659897,0.273819339
21ur-4973,UAAAGAUAGCUUUUCAAAACA,0,0.55280871,0.125085918,0.119767909,0
21ur-83,UUAAUUGAGCUGUGAUGUGAU,3.776365777,91.76624594,159.2343741,21.19891989,0.273819339
21ur-2403,UGAGCAAAUGCGAAAAACAUU,0,2.764043552,0.250171837,0,0
21ur-664,UGUGUUUUUUGUUUGAUGGCC,0.269740413,0,1.000687347,0.598839545,0.136909669
21ur-1749,UACAUGCCAUCGACGGCCAUC,0,2.764043552,46.9072194,3.233733542,0.136909669
21ur-3216,UCGUAUGAUGCUUUGAAUACU,0,0.276404355,3.314776837,0.838375363,0
21ur-3043,UGAGUGGCUAGUUGCAAAGAC,0.269740413,4.422469684,6.004124083,0.359303727,0.136909669
21ur-401,UCCGCUCUAAAUAUCCCCCAA,0,2.211234842,13.50927919,0,0
21ur-4891,UCAUCUAAGGUUCCAAUGCAA,1.618442476,40.90784458,46.65704756,1.676750725,0
21ur-356,UAUAAAAUUUGUGUAUUUAGA,0,1.105617421,2.876976123,0.239535818,0
21ur-184,UAGUCAUGCUUAACUUCAAAA,1.618442476,9.397748078,17.51202857,0.479071636,0
21ur-830,UAAUUUGUACGACAGUAAAAA,1.07896165,14.92583518,8.380756532,1.077911181,0
21ur-4928,UCGUAUUCGUUAAUAGUUCCG,0.269740413,0,2.126460613,0.119767909,0
21ur-3556,UGAGCAUGUAUUUAAUGAACC,0.269740413,0,1.751202857,0.119767909,0
21ur-3689,UGGAUCUUUCAAAAGUUUGUG,0.269740413,1.658426131,0.125085918,0.958143272,0.136909669
21ur-3429,UAAUAUUAUGUGGAUCUGAAU,0,10.5033655,7.880412859,1.377330953,0
21ur-3496,UCGGCAUAUUGCCUCCUUUCC,0,0,0.125085918,0.119767909,0
21ur-4665,UAAGGUGAUGAACCCCAAAAA,0.269740413,1.658426131,1.501031021,0,0
21ur-3644,UACAUAAGCGGUAAGAGUCCA,1.07896165,5.528087105,6.379381838,0.598839545,0
21ur-5083,UAUUAUGUGGAUCUGAAUGUC,3.236884951,50.85840137,47.65773491,11.55760321,0.273819339
21ur-10409,UAUUUAUUAUGUUGGCCAAUU,0,25.42920068,23.64123858,0.359303727,0.136909669
21ur-15003,UCGUGGCGUGUGAAAGCUAUU,0,0,0,0,0
21ur-8016,UGGAAAGAGUUUAAAAUAGUU,0.269740413,2.764043552,0.250171837,1.19767909,0
21ur-6969,UUGUAUUUUAUUCUGGUAAGA,5.12506784,45.60671862,113.3278421,19.88147289,0.410729008
21ur-7252,UUCGUAGAGCCAACGUACUUU,0.539480825,2.211234842,23.26598082,1.976170498,0
21ur-9686,UAUUAGAUCUUGAAGAAUAUC,0,0,0.375257755,0.479071636,0
21ur-11269,UAAAUAGCAACCCAUUGUUUU,0.044956735,0,0.75051551,0.479071636,0
21ur-9134,UGUUGUUUUUAUAUCGGAAUC,0.269740413,2.211234842,7.505155103,1.916286543,0
21ur-8785,UAGAUCUUGAAGAAUAUCCUU,0.539480825,4.975278394,9.881787553,1.077911181,0
21ur-9797,UUCGUGGCGUGUGAAAGCUAU,0,1.105617421,0.250171837,0.239535818,0
21ur-6533,UAUUGUGCCUAGUUUGUCGUA,0.539480825,1.658426131,1.626116939,0.239535818,0
21ur-8164,UCAUGAUUCGCCUCCAAGUUU,0,4.422469684,3.502405715,0,0
21ur-12493,UACAAUGUUUUUUUUUGCAGA,0,2.764043552,4.002749388,0.479071636,0
21ur-5896,UAUAUGCGCAUCAAGGGUUGC,0,1.658426131,13.13402143,1.437214907,0
21ur-14011,UUUCGUAGAGCCAACGUACUU,0,0,3.002062041,0.179651863,0
21ur-8632,UUCUAACCUUUUCUGUCAUUU,0,0.55280871,13.25910735,0.958143272,0
21ur-5573,UGGAUUUGGAAUUUGUAGACU,2.427663714,15.47864389,2.251546531,13.17446999,0.136909669
21ur-12990,UUCCAAAAUGUUCACUGUUUC,0,0,1.751202857,0.119767909,0
21ur-15396,UACACGAAGUUGUCCUUCAAC,0,0,0,0,0.273819339
21ur-14748,UGGUCGUAUUCGUUAAUAGUU,0,0,0,0,0
21ur-15190,UAUUGAGUCUUUGGUAUUUUU,0,0,0,0.239535818,0
21ur-11359,UUUCCACUUGAAAUAUUUUUU,0.269740413,14.92583518,16.01099755,0.479071636,0
21ur-10742,UAUUUGGCCUAAAUCGAAUCA,0,2.211234842,2.376632449,0.958143272,0