21ur-693,UGACCACUGUUUCCUAUGCUC,4.046106189,51.41121008,34.0233698,4.191876813,0.136909669
21ur-1882,UUACAGUAUUGGUAAGGUGGA,85.91232142,299.3459167,109.3250927,83.71776836,1.095277356
21ur-174,UAAUAGGCGUCUUUCAAUUCA,1.348702063,45.05390991,37.4006896,2.694777951,0
21ur-412,UAGUUUGCAUUGUUGUAUUGA,1.07896165,2.211234842,9.256357961,2.155822361,0
21ur-2198,UUGGUGGAUCGUCAUUUGGUG,0.269740413,0,0.187628878,0.479071636,0
21ur-565,UGUGAAGCGAACAACAAAUUG,0,8.015726302,6.379381838,0.059883954,0
21ur-4444,UAGACAUAUUUGCAAUGUGAC,1.348702063,8.844939368,19.51340327,3.233733542,0
21ur-4602,UAAUAGAUUGAGUGAAUCGAA,2.023053095,29.29886166,27.39381613,4.431412631,0
21ur-4635,UAUUAAAUCUUCCCCACCAAU,3.506625364,61.63817122,108.6996631,3.113965633,0.136909669
21ur-1843,UGGGAUGUUCAGCUCAUAUAC,1.618442476,18.5190918,10.75738898,2.215706316,0
21ur-1059,UGCAACGUAUUGACCUGAAUA,9.440914442,275.8515465,33.64811205,1.317446999,0
21ur-5272,UACCAAGUACGCAUUUUUCCA,4.990197633,43.94829248,47.09484827,11.37795135,0.342274174
21ur-5408,UCAGCAAUGCAUAAGUCAAAG,5.394808252,52.5168275,65.2948494,2.634893997,0.410729008
21ur-2197,UGACAUUGGCAUAUGAUUAUA,0.539480825,11.05617421,5.879038164,0.359303727,0
21ur-2761,UGGAUUUUGUCUCUCGUAGGA,0.539480825,6.080895815,2.626804286,0.598839545,0
21ur-4165,UCACCUCAUAAUUCCAUAAUU,0.809221238,7.186513236,8.005498777,0.598839545,0
21ur-3787,UCUGGGUUGGAGUCACACGUU,5.394808252,53.06963621,4.62817898,4.790716358,0.136909669
21ur-3334,UCCUGUUACAUGAUUUGUCCC,0,8.844939368,7.630241022,2.754661906,0
21ur-1848,UAAAGGCAGAAUUUUAUCAAC,7.822471966,242.3144848,59.1656394,41.67923232,0.547638678
21ur-402,UAGAAACUCUAUCUCAGAUAA,1.088595237,3.593256618,3.011327665,0.487056163,0.005476387
21ur-4187,UCCUUUCUUCGAUUUGAUCUG,22.38845425,75.18198463,167.9903884,33.29547869,2.190554711
21ur-2477,UACAGUAUUGGUAAGGUGGAA,0.944091444,12.43819599,9.881787553,2.27559027,0
21ur-3308,UCGUUGACUGACUAUAGGGUU,0,0,1.626116939,1.556982816,0
21ur-4782,UCGAAAAAUUGGAAUUGGACA,8.901433616,77.39321947,151.2288753,18.20472216,0.273819339
21ur-910,UAAUUUCAACAGGUGAUCUUC,7.148120934,144.2830734,154.2309374,5.389555903,0.136909669
21ur-997,UUCGGUCCACGAGAUGAUUCU,5.664548665,639.0468693,91.56289226,0.359303727,0
21ur-5060,UACUUACUCUUCAAUUUUUGC,0.809221238,23.77077455,120.9580831,35.45130105,0.273819339
21ur-812,UUACAACUGUGUAUGCUAUGA,8.361952791,60.25614944,49.6591096,18.20472216,0
21ur-4822,UUUCAGCAAUAUUGUGAUCUA,9.440914442,5.80449146,27.70653092,6.227931266,0.410729008
21ur-2936,UAUAUGUUCAUUUAUUAAGAA,16.45416517,366.5121751,112.4522406,27.54661906,0.136909669
21ur-3930,UCAAUGCUUACAGUUUAUAAG,0,14.37302647,1.501031021,0.119767909,0
21ur-2497,UCAUCCAAUAAUUUCAUUUAU,0.809221238,12.71460034,12.50859184,1.077911181,0.273819339
21ur-1622,UUCAGUUUCUAUGAAAUCAAU,5.394808252,188.5077703,131.3402143,10.06050435,0
21ur-472,UCAUUGGUAAAAGGUACUUCA,22.11871383,168.8830611,183.0006986,7.126190583,0.205364504
21ur-1923,UCACGUAAAGUUUUUUUUAAC,0,3.316852263,1.438488061,0.239535818,0.136909669
21ur-4365,UAUUGAAGUCCAAUUGGGAAU,3.236884951,37.95953145,48.65842225,9.341896899,0.136909669
21ur-5390,UGCGUUUUUUUAUGCAGUUGG,9.440914442,251.5279633,247.1697747,19.28263334,0.684548347
21ur-5270,UACAGUCGUUUUUCUUUCAAU,11.32909733,106.6920811,140.3464004,52.45834412,1.779825703
21ur-2178,UGUAGAGAUUCCAGUUCCCAA,0,0.414606533,0.406529235,0,0.034227417
21ur-2565,UAACGUAUUGAUUACUAGGUU,5.12506784,59.15053202,86.68454144,23.95358179,0.273819339
21ur-9698,UAGGCGUCUUUCAAUUCAAAG,0,3.593256618,6.004124083,0.059883954,0
21ur-10780,UACUGCAGUCGUUGAAUGGUG,0,0.36853914,0.125085918,0.059883954,0
21ur-10381,UCCUAGUCUCUUAAUUAGCUC,0,0,0.500343674,0.239535818,0
21ur-9824,UUAAUAAUAAACAAUAUGCGG,0.269740413,0.55280871,3.002062041,0,0
21ur-8229,UCUGAGGGUUUUGCAAUUGCA,1.07896165,3.316852263,1.813745817,0.179651863,0
21ur-6752,UCUCGGCGACGAUUUUUAACU,0.539480825,0.55280871,1.313402143,0.239535818,0
21ur-6107,UUUAAAAAACUUGAGCAUUGA,1.07896165,25.98200939,28.01924572,2.934313769,0
21ur-10193,GAAUCAGAACAAUGGUACCCU,0.404610619,7.462917592,2.814433164,0.479071636,0.410729008
21ur-5669,UAACAACGGUUUUCAAAAUUC,1.348702063,111.1145508,71.4240594,3.952340996,1.369096695
21ur-10414,UAUUGGAGGCCUGGUUGUUUG,0,37.31458796,11.44536153,0.119767909,0