21ur-7668,UAGUGAAACUCUUUUCUGAUC,0,1.105617421,0.500343674,0.239535818,0
21ur-8712,UUUAUUGGGUGAAGUUUGGUC,1.07896165,12.62246556,9.360596226,0.718607454,0
21ur-12848,UUGGGUGGUGGAUGUGUACAA,1.348702063,25.15279633,0.500343674,0,0
21ur-10938,UUGGCUCAGGAAAUUAGUUAU,0,0.36853914,0.125085918,0.119767909,0
21ur-13903,UUUUAACAAAAGCGUUGUUUA,0,0,0.125085918,0,0.410729008
21ur-13055,UUAGUGGAUAGUUUUUUUGGA,0.269740413,0.55280871,0,0.359303727,0
21ur-11973,UUGUGGAUUUUGACUUUCAAG,0,0,0.625429592,0.119767909,0
21ur-5473,UGAAUGAUGAAUUUUAAUCAA,4.585587014,71.31232365,17.13677082,1.676750725,0
21ur-13085,UUAAUUUAAGUUUGAAUAGAA,0,0,0.250171837,0,0
21ur-15055,UCCCAUAGCAACCUGCCAAGC,0,0,0,0,0
21ur-12599,UUUUUUUCUUCAACUUGAGAU,3.506625364,0,0,0.958143272,0
21ur-11275,UAAAAAAUUUCGGUAACAAGC,0,0,0,0,0
21ur-3313,UCUACCGUUUUUGUCACAGUC,0,6.633704526,31.02130776,0.838375363,0
21ur-3683,UACGAUUUGUCCAUUUUUUGG,0.809221238,19.07190051,19.76357511,9.701200625,0
21ur-4930,UGCCUCAUUCACCAACGGAAG,2.427663714,1026.012967,579.5230599,37.72689132,0
21ur-2649,UGUGUAGUUCAUUGCUCCCGC,109.7843479,7.739321947,3.12714796,150.6680295,1.095277356
21ur-3106,UAUGUAGUAAUAUGGGGAUGG,25.6253392,274.7459291,339.1079248,52.2188083,1.916735373
21ur-4033,UGAUCAUAACGUUUUGAUUUC,9.710654854,11.60898292,2.876976123,18.32449007,0.136909669
21ur-4067,UUCCACAGUAGCGUACAAAUA,0.809221238,38.97301409,9.694158675,0.778491408,0
21ur-2495,UGUUAUUGUUCUUCAAGGAUA,0.269740413,2.211234842,5.316151532,1.19767909,0
21ur-480,UGUUGCAACUGAAGAAUCAAA,0.539480825,14.37302647,10.00687347,1.556982816,0
21ur-888,UUGUCGGAUAACCACAUUGGA,10.11526547,10.5033655,108.9498349,28.00572938,0
21ur-51,UAAUUAGAAGGCCCGGUGGAA,14.70085249,375.3571144,86.68454144,8.263985718,0
21ur-4426,UCAGUUGGUUAAUAAAGAUAG,24.54637755,721.4153672,970.3540119,77.78925687,1.779825703
21ur-311,UUGUUUCCUGCGAAUAUCGAC,55.43165479,11.05617421,8.818557247,83.59800045,1.095277356
21ur-1702,UGGGUUGUCGAUAUUCGCAGG,0.809221238,3.869660973,0.125085918,2.27559027,0
21ur-397,UCCACAGUAGCGUACAAAUAC,1.348702063,34.55054441,8.693471328,2.575010043,0.410729008
21ur-4150,UGAUGAUUUAUUCUACAAGGA,0,2.211234842,0.75051551,0,0
21ur-4277,UUAUUCUUGCUUUCUGUUUUG,1.618442476,15.47864389,24.26666817,4.191876813,0.547638678
21ur-1887,UGAUUUAUUCUACAAGGACAC,1.618442476,32.61571392,63.04330287,2.27559027,0
21ur-428,UGCAUCUCUGCCUGUUUUUUC,6.473769903,59.15053202,25.39244143,7.545378264,0
21ur-775,UUCCAGAAAUAUUUGUACUCC,3.776365777,21.83594406,32.20962399,6.647118947,0
21ur-3973,UAAGGGACCUCUAAUAUUUCU,8.586736468,620.1592384,81.30584695,1.616866771,0.410729008
21ur-2909,UGAAGCAUGCAUAUCGGUCUG,0.809221238,3.869660973,10.63230306,0.598839545,0
21ur-3462,UUGAUGAAUUGGCCUUGAUAU,4.315846602,22.11234842,3.502405715,0.119767909,0
21ur-387,UCAUUUUAUCGGUUGGUUGCA,2.967144539,89.00220239,78.55395675,6.587234993,0.136909669
21ur-551,UUGGACAGAUAUUGGAACAAA,7.552731553,101.9932071,175.1202857,19.10298148,0
21ur-176,UGUGAGUUGUACCUGCACAUC,0,3.316852263,1.250859184,0,0
21ur-477,UUAACCCUUCAUACAUUGAAA,17.26338641,133.7797079,273.3127317,35.21176523,0.821458017
21ur-4298,UCCGUUCAGAGAUUUUUGGAU,2.157923301,6.080895815,24.89209776,0.838375363,0.273819339
21ur-2912,UCAAUCCGAAUGUUUUUGGAA,0,0.55280871,1.501031021,1.437214907,0
21ur-4632,UCUUAGUAUUGUGAGAAGGGU,11.32909733,48.09435781,39.40206429,30.66058469,0
21ur-4586,UAAGUACCUAAAGGACAAAGC,3.236884951,7.739321947,16.88659898,4.191876813,0
21ur-4933,UCACAUAGGUGUUUCUUUUUU,27.7832625,60.25614944,32.52233878,22.39659897,0
21ur-4808,UUUUCCUUCACCCAUCCUGAC,5.394808252,2.211234842,6.879725511,7.665146173,0.068454835
21ur-44,UACAUUGAACUUUUUCGAAAA,7.930368131,19.34830487,14.00962286,12.33609462,0.136909669
21ur-318,UGCCUUUCUCGUCUCUCUUAC,1.07896165,34.82694876,19.26323143,1.796518634,0.136909669
21ur-1088,UUAAUCUGAAUGUCGUGAUGA,2.967144539,13.82021776,21.89003572,16.16866771,0.684548347
21ur-2738,UAGCUCAUUUCGAUUUAUUAU,7.013250728,116.6426379,68.42199736,20.1210087,0.136909669
21ur-2627,UGGUUGUACAUUACCCACCAA,8.361952791,106.6920811,3.752577552,5.868627539,0.273819339