21ur-10970,UUCGUAUCGUUUUACUUACAA,0,3.593256618,1.125773266,0.479071636,0.136909669
21ur-6621,UGCUACGCUAGUUCCAAUAUA,0.269740413,21.28313535,75.67698063,0.718607454,0
21ur-12961,UUCGCAUUACGCAGAAAAAAA,0,1.105617421,0.75051551,0.239535818,0
21ur-10183,UAAGUUUACAAAAUUUCACAA,4.315846602,68.5482801,29.77044858,1.916286543,0
21ur-14940,UCUUGAUUCGGUCCAUGACAA,0,1.105617421,2.751890205,0.239535818,0.136909669
21ur-6022,UUUAACAGUUAGUAAGCGGCA,0.539480825,11.05617421,19.76357511,1.556982816,0
21ur-9230,UUUUACUAGCAAAUGCUAUGA,0,1.105617421,0.375257755,0.119767909,0
21ur-7704,UCUUUUACAGAAUGUUUGAAA,1.348702063,12.16179163,8.881100206,0.958143272,0
21ur-7596,UCUUGUGUUUCCGGUUUCAAA,0,7.186513236,4.127835307,0,0
21ur-7872,UUUUAUACACCGACUCUGAAG,0,2.764043552,69.86048542,1.437214907,0
21ur-5895,UCAAAAUGAAGACACAAUUUU,0.539480825,16.0314526,29.52027674,0.838375363,0
21ur-11865,UUUUCACCUUAACUUUAGACC,0.269740413,0.55280871,0.687972551,0,0
21ur-9290,UGGGAUGCUCUAUAUCAGUUC,0,5.528087105,1.626116939,0,0
21ur-5558,UUGUACAUCUCUAUGAAGGGU,5.394808252,19.34830487,44.28041511,5.449439857,0.136909669
21ur-14898,UGAAUGCAACAACAGGAGGAA,0,0.55280871,0.250171837,0.119767909,0
21ur-9374,UUUUCCUUUUCUGUCCCUCUU,0,1.105617421,2.126460613,0,0
21ur-5457,UCUACGAUACGUAAAAAACUG,7.822471966,135.4381341,336.9814641,15.3901763,0.821458017
21ur-9574,UUGUUCAAAAAUAGUAAAAUA,3.506625364,66.33704526,48.09553562,2.754661906,0.136909669
21ur-6603,UCGAAUUUUAAAUGUGUUUUA,0.539480825,9.950556789,8.005498777,0.359303727,0
21ur-8935,UUUUCUUUCUAGCUUCAAACA,1.57348574,10.04269157,14.55166184,2.71473927,0.251001061
21ur-6837,UUUUUCUUCAACAUUCGUACC,1.888182888,22.66515713,41.40343899,3.353501451,0.273819339
21ur-12929,UUCUUUGGAUCUUAUUCUUGG,0,0.55280871,0,0,0
21ur-13829,UUUUGCGUACAUAUUGCCAGU,0.269740413,0,11.00756082,0.119767909,0
21ur-11932,UUUAUUUUGUUUUUCUUACGU,0.539480825,3.316852263,2.876976123,0.239535818,0
21ur-5681,UUUGCUUGGAAUCGUCACUUU,0.269740413,2.764043552,17.26185674,2.515126088,0.136909669
21ur-6457,UCUUGAGAUCGCAACGAUUCU,0.269740413,4.975278394,7.505155103,0.479071636,0.136909669
21ur-9475,UCCUGUGAAAACAAAUUUAUU,0,0,0.875601429,0.119767909,0
21ur-8974,UUCCGAAUUCCGAAUUGAAAC,1.483572269,2.764043552,9.694158675,0.119767909,0.205364504
21ur-13768,UUUUUGUAAAAGUAGUGGCAU,0,0,0,0,0
21ur-6832,UAUAAAUACGUUCAUUGAGAU,1.618442476,11.60898292,40.52783756,0.479071636,0.136909669
21ur-7465,UGAUUUCUUCUUUUUUUAAAA,1.07896165,22.75729192,6.379381838,0.958143272,0
21ur-11171,UCAACGAGUACAUUUGAUAUC,0.269740413,0.55280871,0.125085918,2.155822361,0.136909669
21ur-13279,UGAAGCUCUGGAUUGAAAAAA,0,1.105617421,0,0.059883954,0
21ur-9848,UGGGAUGUUCAUUCAUGAAAU,0,0,0.375257755,0,0
21ur-6985,UUUCGAUAUCACUCUCGAAUU,0,6.633704526,3.502405715,0.359303727,0
21ur-6470,UCGACCUGAACUCAGAAAUCU,0.269740413,0.55280871,2.251546531,0.239535818,0
21ur-12139,UUAAGCGUUCGCUUGCACACA,0,0,0.125085918,0,0
21ur-13335,UCGUUUCUUCAUUGGCUGUGC,0,1.658426131,0.875601429,0.239535818,0
21ur-11524,UGUUUUCGAACGCAAUUCUUG,0,0,0.625429592,0.119767909,0
21ur-14783,UGGAGCAACUUCGGUUUUAAC,0,0.276404355,0,0.059883954,0
21ur-7963,UCUGGCUGAAUUUAAGAUUCU,0,0.55280871,1.250859184,0,0.136909669
21ur-13007,UUCAAUGUUUCAAAUCCUUCA,0,1.382021776,1.751202857,0.299419772,0.273819339
21ur-6667,UUUCCAAUUAAAUUGAUUUGG,1.888182888,16.58426131,10.38213123,6.347699175,0.136909669
21ur-6790,UUCAGUUUGAACCGCCGUGUA,0.809221238,2.487639197,42.90447001,0.778491408,0
21ur-14086,UUUAUAGGAUAAUACCGGAUU,0,0,0.437800714,0.059883954,0
21ur-10411,UAUUGUGAUCUGCCAUCGUUC,0.269740413,0,2.501718368,0.479071636,0.273819339
21ur-12790,UUUACUUUUGAUCAAUGUCCA,0,0.55280871,4.315464184,0.359303727,0
21ur-11787,GUCAUAGCGAUACGUUCUUAU,0,0.18426957,0.250171837,0.059883954,0
21ur-7891,UUCUCGACCAUGGCCCACUUA,0,3.316852263,0.375257755,0,0
21ur-11293,UUUUUUCCUCAAAGAUAUUCA,0.269740413,1.658426131,1.125773266,0.239535818,0