21ur-7679,UUUGAAUUCGGAAUUCGCCAC,0,0.55280871,4.62817898,0.359303727,0
21ur-6900,UCUAUCGAUCAAAACAUAUCA,0.269740413,0,8.693471328,0.838375363,0.136909669
21ur-15233,UAUUAAUUUUACGAAACGGUG,0,0,0,0,0
21ur-13830,UUUUGCGCCUCUUUUUCUAAA,0.269740413,9.950556789,1.501031021,0.239535818,0
21ur-14203,UUGGAGUUGUUUCAGUCAGGU,0,0,1.188316225,0.479071636,0
21ur-6503,UUUGUAACCAGUGUGAACAGA,0.269740413,2.764043552,3.502405715,0.479071636,0
21ur-10753,UAUCUAGCAAUGAUUCUUUAC,0,3.316852263,4.002749388,0.479071636,0
21ur-8315,UCAAUCCGUUUUGUAUUCUUA,0,1.105617421,2.251546531,0.239535818,0
21ur-12687,UUUGUUAUUUAUUGAUGAGCA,0,0,1.125773266,0.239535818,0
21ur-11111,UGAUACUGUCUCUCAGUUUUG,0,1.105617421,0.375257755,0.179651863,0
21ur-7194,UGAUUGGAUUUUUGUUAAAAA,0.809221238,8.292130657,2.939519082,1.676750725,0.068454835
21ur-7642,UUAGCAUUUAAUUUGAGGAAA,0,13.82021776,13.75945102,2.036054452,0
21ur-13548,UAGCAACAUUGAAAAUAUUAU,0,0,0.125085918,0,0
21ur-6424,UUUGAAUGUCGGCAACGUUUC,4.855327427,13.82021776,60.5415845,12.51574649,4.654928762
21ur-14305,UUCUUGAAGUUUUAGAUUAAA,0,0,0,0.119767909,0
21ur-9818,UUACUUUAAUUUGAAAGGCUC,0,0,2.126460613,0.119767909,0
21ur-10779,UACUGUCUCUCAGUUUUGAAU,0,0.55280871,0.250171837,0.059883954,0
21ur-13604,UAAUUCUGAUCGUAAAAAUAU,0,0.55280871,3.627491633,0.239535818,0
21ur-9756,UUUGCCGAUUGGAGUGUUUUU,0.269740413,2.764043552,15.38556796,0.239535818,0
21ur-7339,UCGGUACGUAUUAUAGUUAUU,0,3.869660973,2.876976123,0,0
21ur-9820,UUACGCUUUUUUAAUCGAGAA,0,0,0.250171837,0,0
21ur-6887,UUCAUUAGCUGUACUUCUAUA,0.539480825,2.764043552,7.630241022,2.27559027,0.273819339
21ur-13579,UACGAUCAGUUUCGUGUCAAC,0,0,0.125085918,0,0
21ur-9504,UAUCAGUAAACGUUUGCCUAU,0,1.105617421,1.501031021,0,0
21ur-14688,UGUUCCACCUGAUGCGGGAGU,0,0,0,0,0
21ur-9473,UCGAGAGAUCCAUUUGGCAGU,0.269740413,0,1.876288776,0,0
21ur-5721,UGAGAAAUCCAUUCACAGUCU,4.990197633,30.12807472,91.25017747,9.042477126,1.779825703
21ur-10292,UUCACCACGCACCAUACUUCC,0,0.55280871,5.003436736,0,0
21ur-7407,UUGUUUGGGUUCCUGAUCUUC,0.539480825,13.82021776,20.76426245,1.916286543,0
21ur-15027,UCGACUGUUACAUCUACGGAU,0,0,0,0,0
21ur-5691,UUUGCAACGAACUUAUAGUUC,0.269740413,14.92583518,6.504467756,0.479071636,0
21ur-5754,UGCGUUAAACGUUCUAUCAAA,3.236884951,42.56627071,27.51890205,2.634893997,0
21ur-9429,UUCAAAGGAAAAACACUCACU,0,0,0.250171837,0,0
21ur-10484,UAAAUCGUAAAGGAAAAUGUU,0,0,0.250171837,0,0
21ur-12695,UUUGUACUUGGGUUCCUAUAA,0.269740413,10.5033655,6.629553675,0.718607454,0
21ur-8069,UGUUGCUGGCAAGUCCGUUAA,1.07896165,8.292130657,9.881787553,2.27559027,0.273819339
21ur-8801,UUUUUUACCUGUAUGACUGAU,0,0.55280871,0.500343674,0.119767909,0
21ur-15437,UAAUCGUCCCGUACCUAUUAU,0,0,1.501031021,0,0.068454835
21ur-15693,AACUUUAUCAAUCUCGCGAAU,0,0,0.250171837,0,0
21ur-9136,UGUGAUUGUUAAUUCCACAGA,0,0,0.75051551,0,0
21ur-9038,UAUUUCAAGCUCUUGUUUUUC,2.427663714,4.422469684,38.27629103,7.305842446,0.136909669
21ur-13140,UGUUAAGAUUUUAGUUCCCUG,0,0,0.375257755,0,0
21ur-14314,UUCUGUUACAACACGUAAGGU,0,1.658426131,1.000687347,0.598839545,0
21ur-14891,UGAAUUCAUUAAACACCGGCG,0.809221238,0,1.125773266,0.838375363,0
21ur-9777,UUGGGUUCCUGAUCUUCUUAC,0.269740413,0,0.375257755,0.359303727,0
21ur-9559,UUUCUUUUCUUUUCUUUGAAA,0.269740413,0.55280871,0.875601429,0.958143272,0
21ur-9712,UAAUUCAACAUGGUGCUCCUU,0,1.105617421,1.501031021,0.239535818,0
21ur-11503,UUAAUUCAACAUGGUGCUCCU,0,0,0,0,0
21ur-13878,UUUUCAGUAAACAAAGAGAAG,0,0,0.125085918,0,0
21ur-8592,UACGCUUUUUUAAUCGAGAAA,0,0,1.876288776,0.239535818,0