21ur-2203,UCUAUGGUUCAGUCAAUCUUA,3.236884951,39.80222716,26.89347245,1.556982816,0
21ur-5361,UGCGCUUCAGUUUUAUGUAUU,0,19.34830487,2.626804286,0.479071636,0
21ur-462,UGACAUUCGACAUCUUUAAAA,19.2864395,168.1459828,387.82889,23.89369784,0.730184904
21ur-973,UGCCAAGAAAACAUAUUUUCG,0.269740413,21.006731,5.753952246,0.838375363,0
21ur-2811,UUCGAUGGGAACAUUGUUUUA,0.269740413,8.292130657,9.506529798,0.239535818,0.136909669
21ur-4860,UCGUUCAGUUUUUGUUGGAAA,44.77690849,499.6008721,752.9546857,277.3824771,2.532828885
21ur-2470,UCUGACCAUGCCACUGCCAGA,0,4.422469684,18.63780184,0,0
21ur-3578,UGCAAAGUUUAAAUAAAUUAA,0.269740413,13.82021776,1.626116939,0,0
21ur-3681,UCUAAUGCAGAAAUUUUGUUC,1.618442476,24.32358326,20.63917653,12.69539835,0.410729008
21ur-969,UUCUGUAUUUCCAAUCCCAGC,1.348702063,11.60898292,41.15326715,2.634893997,0.136909669
21ur-1342,UGAUAUUCCUAUUGACAUGGA,5.664548665,53.06963621,32.6474247,20.36054452,0.547638678
21ur-2831,UAUGAUCAAGCCUUAUGAUGG,0,8.844939368,33.77319797,1.19767909,0
21ur-557,UUAACCAUUUUCAAUUGACUG,1.618442476,4.422469684,11.50790449,7.545378264,0.136909669
21ur-1477,UUGCUUUACGUCCUUCAGGAA,0,0.55280871,0.187628878,0,0
21ur-4391,UUGAUAUGCCUAAGCAUAUGG,0.269740413,4.422469684,2.189003572,0.299419772,0.068454835
21ur-5432,UUCUUCUUCCUGAUCGUUUGA,0.809221238,3.316852263,21.13952021,39.52340996,3.012012728
21ur-3833,UAAAUGAAUUCCUUUAACAUC,0,7.739321947,2.126460613,0.359303727,0
21ur-496,UGCGAGUAUUCGUUGCUGUAG,0.269740413,14.37302647,21.51477796,2.395358179,0
21ur-3353,UGAGACUAUAAUGUCCGCGCU,0.809221238,0.55280871,3.502405715,0.838375363,0
21ur-1268,UGAAUAUUGUACGUUAUUUUA,5.799418871,148.1527344,112.9525843,16.40820353,1.437551529
21ur-1879,UCGGUGAUUUGGUUAUUGAUU,0,0,1.250859184,0.359303727,0
21ur-465,UGCUGAAGAUACUUGGUUCUU,0.674351032,4.422469684,2.876976123,0.119767909,0
21ur-2766,UUCACGAAAAGUUUUGGAGAA,1.348702063,38.69660973,42.90447001,6.587234993,0
21ur-2042,UGAUUUUAAUUUUUUCGUCGC,0.269740413,13.26740905,29.2701049,3.47326936,0
21ur-3744,UGACUUGAUUUUUAUCAAAUU,5.664548665,155.3392476,17.38694266,0.958143272,0.273819339
21ur-181,UGUUCACAAUAAUUUCAGUCA,0.269740413,0.55280871,6.441924797,0.958143272,0
21ur-2253,UUUGAAAGUUCAGAUUUUCAA,36.68469612,1636.037379,195.9470912,90.78407499,0.410729008
21ur-2741,UAUGUUCAACAAACUAACAUC,0.809221238,44.22469684,11.13264674,0.718607454,0
21ur-49,UCGGUGUUCUCUAAGGCUUUA,6.473769903,251.2515589,181.7498394,5.329671949,0.205364504
21ur-4370,UAUUGACAUUCGACAUCUUUA,2.697404126,76.65614119,55.53814777,6.227931266,0.182546226
21ur-4201,UGCCGUCUUUGUUUUGGCUUU,0.809221238,4.975278394,23.01580898,4.670948449,0
21ur-2865,UUCUUCGAAGUCUUUGUUGUG,2.832274332,49.75278394,164.5505256,19.40240125,0.547638678
21ur-975,UAAAACCGUAGAAUAGAAUCA,24.27663714,138.2021776,509.3498597,29.58267351,0.136909669
21ur-656,UGGGAUGUUAGUUUGUUGAAC,0.539480825,5.528087105,1.626116939,1.916286543,0.136909669
21ur-2447,UCUGUGCUUAGCCGCGUUAUC,11.59883774,49.19997523,197.2604933,29.22336979,0.273819339
21ur-1175,UGUUCCUCUGUUUUCCAUCUG,1.483572269,21.55953971,56.60137807,3.593037269,0.205364504
21ur-4787,UUCCACUAUAAUACUCCCUAC,0,3.316852263,11.38281857,0.838375363,0
21ur-199,UCGAACUUGAUUUCCAGUGAG,0.269740413,1.658426131,17.13677082,1.437214907,0
21ur-1778,UCUUGAAAUUUUACUGUUUAG,0.269740413,30.40447908,27.64398796,2.754661906,0
21ur-1876,UAUGGAGUCGGUAUAUUUUGA,7.552731553,159.7617173,21.01443429,27.06754742,0
21ur-1182,UCAGUCUAUUUUAAUCAUCCU,2.697404126,49.19997523,93.81443879,12.0965588,0.410729008
21ur-2841,UCUGACUUUCGCCUGCCUGGA,0,5.528087105,3.377319797,0.119767909,0
21ur-3331,UACAUCUUUUCUGUUUGGAAA,13.62189084,67.99547139,337.4818078,28.1454586,0.410729008
21ur-2838,UAGUGCAGGCAUUCGAAAAUC,0.269740413,2.764043552,4.002749388,0.239535818,0
21ur-4308,UAGAGAUGUGUUUAAUGCAAA,0.539480825,6.633704526,19.76357511,2.395358179,0.136909669
21ur-3869,UGAAGUUACAUAACCUGUUGA,5.394808252,18.79549616,45.53127429,5.150020085,0
21ur-2949,UAUAGUUUCUCGACGGUGUGU,31.02014745,556.1255628,543.2481436,37.4873555,0.684548347
21ur-989,UUCGUGCAGUUUCAUGAUUCC,0,3.869660973,3.502405715,0.479071636,0
21ur-3687,UGCUGAUUCUUUUGCUCUCUG,0,7.186513236,3.502405715,0.838375363,0
21ur-637,UACGUGUUGAGAACUGUUGUG,0.809221238,3.316852263,17.63711449,6.886654765,0