21ur-14948,UCUUCAUGUGGGAGUUUUUGG,0,0.55280871,1.751202857,0.239535818,0
21ur-12559,GAAAAUGUCUGAUAUUUCAAG,0,0,0,0,0
21ur-6953,UGGAUGGUUGAAGAAGGAGUA,5.002458561,93.97748078,2.939519082,2.760105902,0.136909669
21ur-5862,UAAUUCAUCUAAUCGAGAUUU,2.697404126,104.4808463,91.8130641,20.0012408,0.273819339
21ur-8964,UUGAUUCAUGUUGACUUGUCA,0.134870206,9.674152434,8.255670614,3.173849587,0.045636556
21ur-14734,UGUACUCGUUGGUUUCUACCC,0,0,0.500343674,0.239535818,0
21ur-12003,UUGAUUCAUCGCCAUUAAAAA,0.134870206,15.20223954,7.922108165,0.53895559,0
21ur-13255,UGAGCCCUAAUUUUUUGGAAA,0,1.105617421,1.000687347,0,0.068454835
21ur-12783,UUUAGUGCUUUGAUCAAUUCC,0,0,0.250171837,0,0
21ur-14947,UCUUCCAACGCCCCCCUCAUU,0,1.105617421,0.375257755,0.119767909,0
21ur-9533,UAAAAAACAAAAACAGGAUUG,0,0.55280871,8.505842451,0,0
21ur-13913,UUUGUUCCAUUCCUGGUUGCA,0,2.211234842,0.75051551,0,0
21ur-8945,UUUCAAAUAGUUUAAAAAUUU,0.269740413,1.105617421,2.126460613,0.119767909,0.136909669
21ur-6592,UUCUUAGUUGGCUGUUCUAUU,0.539480825,16.0314526,20.88934837,3.233733542,0.136909669
21ur-8108,UUUUUUCACAAUCGAGUCUUU,0,0,3.87766347,0.359303727,0
21ur-5922,UUUUCUCUCAACAGUUGCUGA,0.539480825,3.869660973,16.19862643,1.916286543,0.136909669
21ur-9246,UUUCCCAUCUCAAAUUAGCCA,1.348702063,14.92583518,6.817182552,1.796518634,0
21ur-5518,UCUGUAAAAACACUAGUUUUU,0,32.61571392,4.252921225,0.239535818,0
21ur-8515,UUUCAAGAUAUUGGCGGAAUA,0,1.105617421,6.25429592,0.359303727,0
21ur-7075,UAACGUGUCGAAAAAAUAUGA,0.269740413,3.316852263,4.002749388,0.479071636,0
21ur-7726,UACAAUAAUAAAUCAAACUCA,0.269740413,0,9.631615716,0,0
21ur-14802,UGCUGGUUUGUUACGUCGAUU,0,0.829213066,0,0,0
21ur-14528,UUAGUGCUUUGAUCAAUUCCC,0,0.55280871,0.437800714,0,0
21ur-11011,UUAUCGAUGUUAGAAAUUGUG,0,0,0.062542959,0,0
21ur-11071,UGUCUACCUUCUGAACCGGUA,0.269740413,0,0.625429592,0.119767909,0
21ur-12936,UUCUGUAAAAACACUAGUUUU,0,0,0.375257755,0,0
21ur-3726,UACUUCGUGAACAGUUGUUAA,5.934289078,86.23815884,55.16289001,11.9767909,0.273819339
21ur-2337,UCAACAAACAUUUGGCAACUA,2.427663714,11.05617421,32.39725286,6.946538719,0.136909669
21ur-4858,UGGUUUGAGUCGAUUUUAUUA,1.168875121,34.08987048,0.833906123,0.958143272,0
21ur-780,UUAGUUCAGCUAAUGCUAUCC,0,0,0.437800714,0.179651863,0
21ur-5427,UUUGGAGACAUCUGGUAGGUG,0.269740413,3.501121833,14.9686149,0.479071636,0.136909669
21ur-1612,UCAUUUUUAGUCAUUUCACGG,2.967144539,42.56627071,138.4701117,29.34313769,0.958367686
21ur-133,UCGUUCGAUAAUGGUUUUAUC,2.157923301,17.68987874,81.05567512,10.53957599,1.095277356
21ur-520,UUAAUUUAUUUAUUUAAUGGG,15.10546311,197.9055184,155.8570543,3.47326936,0.410729008
21ur-5413,UAAGACAUCGGAACACAAAUC,0.269740413,16.58426131,38.27629103,1.676750725,0
21ur-1502,UUCUGUCUUUUCGGAACUUAA,2.967144539,28.19324424,16.01099755,8.982593172,0.410729008
21ur-5261,UGUAUAGAUUCAUUUAUCAAU,4.585587014,197.3527096,50.03436736,4.431412631,0.136909669
21ur-2034,UGGACUAUUGAGAGUUGUAUU,2.967144539,66.88985397,78.99175746,4.072108904,0.342274174
21ur-436,UUCUGAGUUGCAACUAGUUGA,22.38845425,128.2516208,167.8653025,42.15830395,0.410729008
21ur-4340,UGACUGCUAGAGAUAAGACAU,0.269740413,14.92583518,42.65429817,0.838375363,0.136909669
21ur-2957,UGACAAAUCCGUUCGGCUAUG,0.539480825,0.55280871,126.4618635,0.958143272,0
21ur-1092,UACAAUCAACAAUUGUUGAGA,2.427663714,27.08762681,46.9072194,12.0965588,0
21ur-2421,UACCAUUAGGCUUCAUUUUGG,0.809221238,0,3.12714796,2.036054452,0
21ur-727,UCCAAAUAUUUUCAAUAGAAG,11.05935692,275.9436813,228.2192581,13.05470208,0.136909669
21ur-4521,UGAGCAUUUGCACCCCAUUGU,0,3.869660973,11.88316225,0.119767909,0
21ur-653,UAGUAUCAUCCUAAAACAAUA,15.37520352,300.7279385,178.1223478,12.0965588,0
21ur-745,UCGAUCAAUCAUAACAUUUUC,0,2.764043552,79.17938634,0.718607454,0
21ur-3788,UGCGACACCGAUAAGAGAACA,16.45416517,642.3637216,1448.870193,25.98963624,0.867094573
21ur-4644,UAUUCCUACCUUUAAAGUGUU,1.888182888,49.75278394,40.7780094,7.126190583,0.205364504
21ur-4399,UACCUUUGGAAUCGAUUACAA,0.269740413,0.55280871,2.001374694,1.317446999,0