21ur-13050,UUAGUUUGCCGUCUUUCAUAA,0.269740413,24.96852676,10.73654133,0.598839545,0
21ur-6329,UUUACACGAUUUUCUGCCUGA,0,1.105617421,3.752577552,0.359303727,0
21ur-10708,UCUAAAUUCUAAAACUCUUUC,0,0,0.625429592,0,0
21ur-6429,UUCGCAUUUUCUUCAGCUCUU,0.809221238,6.080895815,28.76976123,3.712805178,0.136909669
21ur-10837,AGCGUAUUUAAGAUUGUUAAA,0,0,0.375257755,0.119767909,0
21ur-12767,UUUCAAUAGCGCAUUUUGUGC,0,0,0.375257755,0.119767909,0
21ur-14462,UUAUUUCUCGUACUCAAAAGU,0,0.55280871,0.687972551,0,0
21ur-6939,CAAAAAAGAGUAGAAGGAAUC,0,1.105617421,8.380756532,1.437214907,0.136909669
21ur-7607,UACUUUUGUAUUUCUUAAAAU,4.315846602,140.6898168,56.1010344,13.77330953,0
21ur-13350,UCGAUGCUGCUGACUUUUUAG,0,1.105617421,1.000687347,0,0
21ur-6575,UUAUUCCCAGGACCGAUAAUA,0,27.64043552,32.52233878,1.137795135,0
21ur-7832,UUUCAAUAUCAUUUUUAGUCA,13.48702063,13.26740905,13.75945102,16.0488998,0.136909669
21ur-9985,UUUUGAUGUAUAAUGUCCAAU,1.753312682,3.593256618,6.379381838,0.359303727,0
21ur-7085,UUCUGUUGUGGAUGCUAAUUU,8.361952791,142.6246473,97.44193043,6.347699175,0.136909669
21ur-15275,UAUAUUUUAAACUUCUAGGCU,0,0,4.753264899,0.958143272,0
21ur-12755,UUUCCAGUUUCAAACAGUUUU,0,0.55280871,7.129897348,1.676750725,0.136909669
21ur-12316,UCUGACAAGCUAUGCCCGUGU,0,0.55280871,0.250171837,0,0
21ur-6502,UUUUGAUGGGAAUGUCAUGCU,0.539480825,13.82021776,43.65498552,0.598839545,0
21ur-12910,UUGAAUGUGCAAAGUAAGUAC,0,12.43819599,0.437800714,0.119767909,0
21ur-11083,UGGGCUUCUCGAUUUUAGCGU,0,1.105617421,2.501718368,0,0
21ur-6317,UUCUGAUUGAUCAUAUUAAGA,1.07896165,29.29886166,14.76013837,3.233733542,0
21ur-7260,UGAGAGGGACGAGUUUAUUUU,0.539480825,12.16179163,4.753264899,0.359303727,0.136909669
21ur-11133,UCUUCUUGUUGAAACGUAUUC,0,0.55280871,8.756014287,0.958143272,0
21ur-10749,UAUUAAAAUUCUUCCAUUGUU,1.888182888,1.934830487,19.76357511,0.479071636,0
21ur-12422,UAUGUCAGAUGAAAAAAAAAU,0,0,2.626804286,0.179651863,0.068454835
21ur-10891,UUUCGUAGAAAGAUUUUAGUU,0.539480825,0,0.125085918,0.119767909,0
21ur-10688,UGAAUUUUCUGUCAGACAAAA,1.618442476,6.080895815,21.26460613,3.113965633,3.559651406
21ur-10889,UUUCGUUAUCAUUAUCUUCAU,7.822471966,13.82021776,53.28660123,8.743057354,0.273819339
21ur-10692,UGAACUGGUCGCUGUGAUGGA,0.674351032,1.382021776,3.189690919,4.311644722,0.342274174
21ur-15224,UAUUACUCCUGUCCUCUCCAA,0,1.934830487,0.062542959,0,0
21ur-15124,UCAAUUCUCAGAAUUCCAGAU,0,0.276404355,0.03127148,0,0
21ur-7870,UUUUGCCUGUAAAAAAUUUUC,6.743510315,143.4538604,239.2893619,2.874429815,0.273819339
21ur-8868,UGCCAGUCCUCUCCAAAUUUU,0,2.211234842,0.125085918,0,0
21ur-5508,UUGCGAAUUGAUUUUUGCAAG,0.269740413,6.080895815,0.250171837,0,0
21ur-13685,GGCUUCUCCUUUCAUGAGCAA,0,0,0,0,0
21ur-8363,UUAUAGGAUAAUACCGGAUUU,2.427663714,4.422469684,6.316838879,3.413385405,0
21ur-8947,UUUAUGCAGUUCUCUAACCGA,0,1.105617421,0.500343674,0,0
21ur-7062,UUAUAACUCAAUUCAAUAUCC,0.539480825,9.397748078,69.04742695,0.359303727,0
21ur-8063,UUCGUCUUACUUACUUCAAAU,0,4.975278394,26.76838654,2.395358179,0
21ur-10893,UUUCGACUGCAGUUUACUCGC,0,0.276404355,0.312714796,0,0
21ur-7802,UGGAAGCUGAUAAUGAUGAAA,0,4.422469684,1.000687347,0.119767909,0
21ur-11046,UUAAAAUUCAACAAUUGGAUC,0.269740413,1.658426131,0.75051551,0.119767909,0
21ur-8038,UAGGGGGUGUUCACCAAAAUU,0,8.292130657,3.252233878,0.119767909,0
21ur-14866,UGAUAGGUAAAUAAAAAAAAA,1.132909733,1.934830487,0,0,0
21ur-8041,UACCAAUUUUUCGAAUAUUUU,2.157923301,11.05617421,11.82061929,4.311644722,0.136909669
21ur-7615,UUUUGAUGGGAACAAUAUUGA,0.809221238,15.47864389,35.27422899,0.598839545,0
21ur-13996,UUUCUCGUACUCAAAAGUCAA,0,0,0.375257755,0,0
21ur-6963,UUUUUUUCAGAGAAAAGUAAA,6.20402949,145.8032974,27.70653092,11.37795135,0.068454835
21ur-7420,UGUCAUAUUCAUUAAAAAAAU,0.809221238,2.211234842,7.00481143,0,0
21ur-6330,UUCUUCUUGCGUGUCAUGUAA,0.539480825,6.080895815,4.315464184,0.119767909,0