21ur-2961,UGAACAAAACUGGUAAAUGAA,0,0,0.125085918,0,0.136909669
21ur-3475,UGCUCGCCUUGUUUAAUAUAC,0,13.82021776,13.75945102,0,0
21ur-5113,UAUAACAUCUGACUCAGUUCU,0,0,5.128522654,0.479071636,0
21ur-3896,UGCAAGCGAUUUUCAAACAAU,0.269740413,46.15952733,3.752577552,0.359303727,0.205364504
21ur-5198,UCAUGAUCAGAUAUGCUCAUC,0,6.080895815,1.125773266,0.718607454,0
21ur-2859,UCAGCGUGUUUUUGCAUAAAU,3.236884951,48.64716652,19.82611806,3.892457041,0.136909669
21ur-3373,UUGCACAUCUGCUUUAGUUAA,0.809221238,5.528087105,18.51271592,1.676750725,0.136909669
21ur-1934,UACGAGGCACGAAUUGUUGUU,11.32909733,105.5864637,267.1835217,42.09842,0.136909669
21ur-1918,UACCGUAAGCAAAUGUAAAAA,36.95443653,174.6875525,2255.299109,14.25238117,0.273819339
21ur-146,UCGUGAGUAACAGUAGUUUUU,0.269740413,0,0.125085918,0,0
21ur-4236,UUAAAGUUUGAAAACAUAGGU,5.394808252,97.29433305,127.7127227,12.69539835,0
21ur-2131,UAGCUUUUUCGAAGUUGUCGA,6.20402949,22.66515713,29.01993307,20.0012408,0.547638678
21ur-4185,UUUGUCAUCGUCGUCAUGUUU,2.427663714,0.55280871,24.39175409,2.27559027,0.273819339
21ur-4712,UAAACAGCUACUUUUCACAGU,2.697404126,48.64716652,5.003436736,2.634893997,0.273819339
21ur-4341,UCAUGGUAGGCCUUUCGAUAA,57.99418871,1329.504949,151.8543049,22.51636688,0.273819339
21ur-4986,UGAAUAUUUACGCUGUAUCCU,11.32909733,43.67188813,73.17526226,20.83961616,0.684548347
21ur-4349,UAGGAUAAUAAUAGGAUGAUA,1.348702063,18.24268745,20.26391878,1.19767909,0
21ur-583,UGAAACUGGUGCUUCUUAUUC,0,7.186513236,10.8824749,0,0
21ur-2040,UAGAAGAAUAUAAUUUUUGGA,1.888182888,9.397748078,16.63642715,4.311644722,0
21ur-4443,UGGAGUCUCGCUAACGAUUCA,0,15.47864389,0.125085918,0,0
21ur-3481,UGCUGUCAUGAAAUUGAACAG,2.427663714,18.24268745,2.876976123,0.359303727,0
21ur-3653,UCCAUUUUGAUUUUGGCAUAA,2.157923301,58.0449146,9.881787553,6.467467084,0
21ur-4524,UGUUCAUUGUAAAUAUCGAAA,0.809221238,19.34830487,15.76082572,0.718607454,0
21ur-469,UAUAUAUUCCCGCGUCAAGAA,1.888182888,18.24268745,86.18419777,2.155822361,0
21ur-571,UAUUUUCGUUUUGCACCAAGA,0.269740413,3.869660973,4.878350817,1.556982816,0
21ur-2005,UAAAAAAUCAAAAACUCUGGG,6.20402949,65.23142784,568.0151554,8.144217809,0.273819339
21ur-1603,UCGACAUUUUCAGGUUUUGUA,0,4.975278394,4.878350817,1.077911181,0
21ur-1943,UCAAGUCAGACAAAUGUGCUU,5.664548665,39.24941845,132.9663312,19.64193707,0.684548347
21ur-2465,UAACACUUGUGCUAAACGAAA,2.157923301,57.49210589,36.0247445,0.838375363,0.136909669
21ur-5292,UUCAGCGUGUUUUUGCAUAAA,0,1.658426131,0.938144388,0.179651863,0.136909669
21ur-2146,UCCAUCUUUCUGCGACCAGAA,0.809221238,6.357300171,25.1422696,2.395358179,0
21ur-2889,UUAGUUGAUGUGAUUGUUCCA,50.17171675,798.255778,418.9127407,50.66182549,0.958367686
21ur-4967,UGCUGUAGUUGAUAUAAUGAA,9.171174029,210.06731,116.45499,20.71984825,0.479183843
21ur-2827,UAUAAUUUGAAACGCUAGGGA,3.236884951,105.3100593,360.6852457,30.60070074,0.479183843
21ur-682,UGAAAUGUUUGACCACACAUU,1.618442476,42.56627071,22.76563715,1.317446999,0
21ur-3456,UGCUCAUUCAUUUUUACAUUC,0.809221238,0,8.380756532,1.317446999,0.136909669
21ur-1777,UGCUUGCCUGAAACAGUUUUA,1.888182888,19.34830487,4.878350817,0.119767909,0
21ur-2646,UCUGUCUCCCAUCACAAUAUC,1.07896165,5.528087105,74.67629328,2.634893997,0.136909669
21ur-3243,UAGUGUUAUUCAAAUUUCAAG,1.07896165,18.24268745,9.256357961,1.317446999,0.136909669
21ur-489,UAACAAUAACUAUGGAAAAAA,30.88527724,659.5007916,468.1340496,10.30004017,0.273819339
21ur-1473,UCUAAACUGUUUCACAACCUU,1.348702063,12.71460034,72.29966083,11.01864762,0.273819339
21ur-800,UAAUAGUGCAAUUGGUCCUCA,0.809221238,3.869660973,9.506529798,0.838375363,0
21ur-5333,UGUCAAUGUUUACAGAUAAGU,0.539480825,18.79549616,4.503093062,0.958143272,0
21ur-3364,UUAAAUUAUGAAAUGAGAAAA,9.845525061,406.5908066,155.7945114,7.305842446,0.273819339
21ur-635,UGUAGCAAUCUAGUGAAGCAA,23.4674159,148.7055431,254.2996721,14.49191698,0.410729008
21ur-865,UGAUUUCGGUUUGUAACUUUG,5.394808252,8.568535013,33.02268246,17.48611471,0.068454835
21ur-414,UAGUAUUACUCACUAUUAUGU,0.539480825,37.0381836,12.13333408,1.916286543,0
21ur-3694,UGAACCGUUAAUUUUUGGGAG,0.269740413,8.844939368,14.50996653,1.077911181,0
21ur-3064,UCGAACGUUUUUUUUGCACAU,0.269740413,1.658426131,5.003436736,0.958143272,0
21ur-151,UACGAGGGACGAAAUUUGCUU,27.37865188,723.9030064,427.7938409,33.77455033,0.068454835