21ur-11661,UCAGGUUCAAUCCUUUAACAU,1.348702063,1.105617421,1.250859184,1.676750725,0.136909669
21ur-12250,UGCUAAAAAGUCCAGGUUUUG,11.59883774,1.658426131,0.125085918,17.96518634,0
21ur-5935,UUCUACUUUACUCUGAUGUAA,22.25358404,569.9457805,57.07045027,4.251760768,0.136909669
21ur-12344,UCCAGUCCACGUAUGGUAUUU,0,0,0.562886633,0.179651863,0
21ur-12836,UUGUACAUUACCCACCAAUUU,1.07896165,0,0.375257755,0.479071636,0
21ur-11360,UUUCAUUUAAGUUUUAAUUAA,1.348702063,14.92583518,3.87766347,0.718607454,0
21ur-6085,UAAGAUUGUUAGAGAAAUUGG,2.157923301,23.77077455,55.7883196,9.581432716,0
21ur-10592,UUCCUUGGGAAAUUUAUCGUC,3.506625364,1.105617421,0.81305847,4.491296586,0.136909669
21ur-15585,GAUGCUAAAAAGUCCAGGUUU,12.94753981,0.55280871,0.500343674,11.49771926,0.136909669
21ur-13135,UGUUCGGGCACAAAGUAGGAA,0,0,0.125085918,0,0
21ur-11770,UAAGAAUUUUGAAAAAAAAAU,0,0,0,0,0
21ur-8876,UCUGUAAUCGGAAAAGCAUUU,0,1.105617421,2.251546531,0.479071636,0
21ur-5740,UUAACAGGAUUAACAGGAUUC,0.539480825,1.105617421,23.26598082,1.19767909,0.273819339
21ur-13670,UAAAAGUGUCGAAAUUCUACU,0,0,0,0,0
21ur-10788,UACCAAUCAAACUUUAUUGAA,1.07896165,0.55280871,4.503093062,0.479071636,0
21ur-8740,UUAGAAAAACUCUUUUUGAGA,0,3.316852263,2.751890205,0.718607454,0
21ur-12084,UUAUUUUUCACUGAAAAAAGC,0,0,1.250859184,0.239535818,0
21ur-8272,UUGAAUAUUGAAAAAUUGAAU,0.134870206,9.535950256,4.857503164,0.239535818,0
21ur-6153,UAUUUUUCGAAAUCAUUGAAA,30.75040704,203.4336055,92.81375145,13.17446999,0
21ur-9126,UUAGAAGGCCCGGUGGAACUG,1.483572269,24.32358326,2.001374694,0,0
21ur-8531,UUCAGAUGUGGAUCAAACGCA,0.809221238,0.55280871,1.250859184,1.676750725,0
21ur-7506,UGAUUUUCUGGAAUUUUAAAU,1.07896165,27.36403117,13.9470799,0.479071636,0
21ur-9288,UGUCGGAUAACCACAUUGGAU,0.134870206,0,4.378007144,1.177717771,0.136909669
21ur-13695,CGUUGAAUACUUUGAUUGAUU,0,0,0.312714796,0.119767909,0
21ur-6126,UUAUGUUGACGUAGAGCGAAU,0.269740413,3.869660973,11.13264674,0.718607454,0.136909669
21ur-14439,UUCAAUAAUCAAAUAAUGAAC,11.19422712,1.658426131,0.562886633,13.11458603,0.410729008
21ur-9173,UAUUGGAGAUAUAUAGUGGUU,1.348702063,21.83594406,8.068041736,0.838375363,0
21ur-11464,UUCAAGAAUUGAUAGCGCUUG,0.539480825,1.105617421,5.566323368,0.838375363,0.136909669
21ur-15087,UCAUAACGUUUUGAUUUCAUC,6.20402949,0,0.375257755,9.820968534,0.136909669
21ur-10059,UUCCUGCGAAUAUCGACAACC,1.213831857,0,0.312714796,3.353501451,0
21ur-9971,CGGAUAACCACAUUGGAUAGA,0.269740413,0.55280871,0.75051551,0.159690545,0
21ur-9441,UUAAAAAAAGUUAAAGUAGUU,21.57923301,12.53033077,12.63367776,53.65602321,0.273819339
21ur-9323,UCAAAAAACAAGCGUAAUGAU,0.539480825,0,0.875601429,0.359303727,0
21ur-7326,UUCAGAGGUAAAAAAAAAACG,0.269740413,12.71460034,18.76288776,0.239535818,0
21ur-7522,UAAAUUUACAAUUAAAUUUUA,0.269740413,66.33704526,4.002749388,0.239535818,0
21ur-10514,UUUUCGCGGUGAAUCCUGUUA,0.269740413,0.55280871,0.375257755,0,0
21ur-14632,UUAAAGGAGAAAAUGUUUUUA,0.539480825,8.292130657,2.501718368,0.239535818,0
21ur-8235,UCCAGAAAUAUUUGUACUCCA,0.539480825,1.382021776,3.439862756,0.778491408,0
21ur-13570,UACUCUACCGUUUUUGUCACA,0,1.105617421,0,0,0
21ur-7611,GCAUUUAAAAAUUUAACGACU,53.4086017,10.5033655,2.063917653,60.60256193,1.095277356
21ur-10437,UAUGAGAAGUUAUCGUGUUUU,1.07896165,0,0.250171837,1.19767909,0.136909669
21ur-11191,UAUUACGAUUUGUCCAUUUUU,0,4.146065329,6.379381838,1.437214907,0
21ur-6596,UGGACAGAUAUUGGAACAAAA,2.427663714,12.43819599,14.88522429,3.652921223,0
21ur-6191,UCGUUGAAUACUUUGAUUGAU,1.348702063,37.59099231,47.84536378,3.832573087,0.136909669
21ur-11333,UUUGUUCAGAAAUGCGUGUUA,0.134870206,2.211234842,0.75051551,0.299419772,0.068454835
21ur-7335,UCUUCCGUAUUUGCUACAAAU,0,8.844939368,10.75738898,0.359303727,0
21ur-12234,UGGAAUGCAUGUAGUAGGCCU,0.269740413,0,0.125085918,0.119767909,0
21ur-7219,UUAGAACAUAAAGGGAAAUGU,0,0,0,0,0
21ur-10744,UAUUGGCUUUUUUUCUAAUAA,0.269740413,23.4943702,1.125773266,0.718607454,0
21ur-9147,UGCAACUGAAGAAUCAAAAUA,0,1.105617421,0.75051551,0,0