21ur-8654,UGUGAUCUCGAAUUCCUAACC,0,0,0.500343674,0,0
21ur-7888,UUGGUUCUUUACUUCUGGAUU,0,2.764043552,5.253608572,0.598839545,0.136909669
21ur-8005,UUCAUUUGACGUUUAUGAAAA,0,7.186513236,3.12714796,0.838375363,0
21ur-13906,UUUUAAACUCUCUUGAUGUUU,0,0.55280871,0.250171837,0.119767909,0
21ur-8214,UUAAUAAUUUUGUGCUUCGAA,0.269740413,20.45392229,12.13333408,0.598839545,0
21ur-7984,UAAAAUCUAUCCGUCGAAAAA,0.269740413,1.658426131,30.02062041,4.431412631,0
21ur-7221,UGUUGAAUUAUCUUCCACCAC,0,1.658426131,0.75051551,0,0.136909669
21ur-8468,UCCGUAGUGUUUCAAGAAAUU,0,1.658426131,3.87766347,0,0
21ur-11539,UGUUAGACACUUAACGACUUA,0,0,0.250171837,0,0
21ur-12804,UUUAAACUCUCUUGAUGUUUU,0,0,0.75051551,0.119767909,0
21ur-7048,UACGAUCUUCGGCAAGCUUUC,0,0,6.25429592,0.239535818,0
21ur-7337,UCUCCUAGGGGCUUUAAACAC,0,5.528087105,1.000687347,0,0
21ur-7858,UCAGAUUCUCGAAAUUAAAAU,0.539480825,2.211234842,1.250859184,0,0
21ur-13194,UGGACCAUCAUGUGAUCUUAC,0,0,0.125085918,0,0
21ur-14052,UUUCAAGUAUUGUCAAUAAGG,0,0,0,0,0
21ur-15431,UAAUGAUUAUGUCAAAAGGAG,0,0,0.250171837,0,0
21ur-12920,UUGAAAGUUGGAUUUUUUCAU,0,0,0.125085918,0.119767909,0
21ur-13434,UCAAUCACUCAGCUCAGCUCC,0,0,0.250171837,0,0
21ur-2502,UGAAAUUGUAGUAGACUGCUG,2.967144539,39.80222716,133.0914172,5.988395448,0.547638678
21ur-4859,UCAACAUGUACACCUUUUGAA,0.269740413,1.105617421,7.505155103,0,0
21ur-3283,UAUCGAAAUUUACGUUGUCCA,22.92793507,101.4403984,186.6281902,37.60712341,0.889912852
21ur-5440,UGGAAGCAAGUAAGUUGUCUA,0.809221238,0,2.126460613,0.479071636,0
21ur-5393,UAGAAUAUCGAAAUUUUCAAA,0.269740413,1.105617421,3.752577552,0.119767909,0
21ur-4121,UGCGGCUUCUCCUUUCAUGAG,0,0.55280871,0.250171837,0,0
21ur-2932,UAUGUGAACGUUUCAUGAGGU,9.982470193,108.3505073,101.9450235,21.07915198,1.09939494
21ur-3951,UGCCAGUUUCGAGCAAGCCCA,0.269740413,2.211234842,0.625429592,0,0
21ur-3440,UCUCAGAAUUCCAGAUGUGUU,0,15.47864389,2.751890205,0.778491408,0.068454835
21ur-2195,UGCUAUAUGGCAGCAAUAUAA,0.809221238,118.301064,172.6185674,5.389555903,1.232187025
21ur-629,UGAAUUUUUGAAUGACUUUUU,11.59883774,202.6043924,124.210317,14.37214907,0.410729008
21ur-3810,UAAAAUUCUUCCAUUGUUCCA,5.664548665,59.15053202,149.9780161,21.19891989,0.410729008
21ur-2772,UACUUCUUCGACUAAACCCAA,0.269740413,6.080895815,12.75876368,3.712805178,0.136909669
21ur-2547,UCUGGCACAUGAUUUAAAAAA,21.57923301,504.990757,135.2178778,45.63157331,0.753003182
21ur-4637,UCUAUUAGUUUGUCUUUGUGA,4.855327427,115.5370205,107.6989757,29.10360188,0.684548347
21ur-5403,UUGAUCAACAGAUUUACCAAA,6.608640109,81.26288044,144.098978,26.82801161,0.273819339
21ur-5214,UCAUUCCUAGCAGAAUUUUCA,4.046106189,44.22469684,16.57388419,26.40882392,0.479183843
21ur-5291,UCGUAGUACGAUCAAUCACCA,2.697404126,14.92583518,96.69141492,14.25238117,0
21ur-163,UUUCGCGUCGUCAUCACAAAC,9.171174029,5.528087105,191.3814551,22.87567061,0.547638678
21ur-2188,UAAUAAGUGUGAGGGUAUUUC,8.361952791,258.4380722,62.10515848,8.902747899,0.136909669
21ur-895,UACCUGAUGUACUGACUCGAA,21.57923301,535.3952361,111.826811,59.28511493,0.136909669
21ur-1318,UGACGCCACGUUUUUUUCCAU,0,3.593256618,0.625429592,0,0
21ur-2613,UAAUGUUGUUUCCAUCAUAAU,0,5.528087105,2.751890205,0.598839545,0
21ur-4898,UUCGUUAGUGAGAAGGUAAUC,7.282991141,136.5437515,426.167724,25.27102879,0.136909669
21ur-4765,UCAUUAAAGGCUUGAAUCAAC,14.83572269,509.9660354,685.2206609,28.98383397,0.821458017
21ur-3112,UGAUGUGCAGGUCGCUUAUGA,60.28698222,309.0200692,140.7842011,3.353501451,0.136909669
21ur-4300,UGGUACAACGGUAUUUCAAGU,4.450716808,134.608921,110.5134089,1.317446999,0.136909669
21ur-1550,UGCCACUAUUAUAUAUGUUUA,18.61208847,1707.349702,522.734053,4.072108904,0.136909669
21ur-1413,UUGAAUCUGAUUCAGGCUGUU,1.348702063,5.528087105,8.505842451,1.676750725,0
21ur-2250,UCAACGUGUAUGUUCGGGUUG,0.269740413,1.382021776,1.751202857,1.976170498,0
21ur-73,UUCGUCGUGUGUAGUUUCGCC,2.157923301,5.528087105,73.05017634,25.03149297,0.136909669
21ur-1680,UACUGAAUGUUUCAAUACCUC,5.934289078,5.528087105,27.45635909,6.527351038,0.273819339