21ur-5884,UGAAUUUUUUUCACAAUCAUU,0.269740413,17.68987874,3.502405715,0.359303727,0
21ur-11009,UUAUGAAAAAAAGGAACAGUU,0,0,0.625429592,0,0.068454835
21ur-12408,UAUUCAGUCCCAUCUUUUAUU,0.269740413,5.528087105,10.50721714,0.119767909,0
21ur-5870,UUCAUGUGAGUACCAGAAAAU,4.855327427,125.7639816,77.42818348,8.0244499,0.136909669
21ur-14908,UGAACUUUUUGGAAACAUUAG,0,0,0.062542959,0,0
21ur-15366,UACUAGAAAGUGGAUGAAGUG,0,0.829213066,0,0,0
21ur-14526,UUAGUGGGCUGAUUUUUCGGA,0,0,0,0.119767909,0
21ur-12160,UGUUUCUUUUGUAGGGGCGAU,0,2.211234842,1.626116939,0.119767909,0
21ur-12818,UUGUUGGAAUGGCGAAAAUAC,0.269740413,4.007863151,2.126460613,0.359303727,0
21ur-9885,UCUAUCAUCAAUAUUUACCCG,0.269740413,1.658426131,8.630928369,0.718607454,0
21ur-11924,UUUCAUAUCGAAGAUUAAAUU,0,6.357300171,1.375945102,0.179651863,0
21ur-6532,UCAAUCUGUAGUUUUUAAUUC,0.539480825,15.47864389,39.40206429,5.030252176,0.547638678
21ur-6775,UGAUCCAUAAAAAUAGGAUAA,0,17.13707003,8.255670614,0.419187681,0
21ur-10833,CAACAAAAAAAAUCAACAAAU,0.017982694,0.110561742,0.362749163,0,0
21ur-9512,UACUUCAUGUGAGUACCAGAA,0.539480825,22.38875278,21.13952021,1.796518634,0.136909669
21ur-9089,UUUAGGGAUAAAAUAUUGAAG,5.664548665,59.70334073,48.65842225,5.868627539,0.136909669
21ur-13059,UUAGGGUUAACUAGAAACAAU,0,0.55280871,0.875601429,0,0
21ur-6048,UUACUAUUACUCUCGAAGAAG,0.269740413,2.211234842,7.75532694,1.077911181,0
21ur-12585,ACGGCAUCAUAUUGAACAGCU,0,0,0.500343674,0,0
21ur-6216,UCUAUGAUUCCAGGUACCGAG,0.269740413,4.975278394,9.881787553,0.479071636,0
21ur-5894,UCAACUCGUUGAAUUUUAAGA,3.236884951,13.26740905,41.77869674,2.515126088,0
21ur-15649,CAAGGUAAUUGAAGGAAAAAU,0,1.105617421,0.250171837,0.119767909,0.136909669
21ur-13453,UAUUUGAUCUACUUCCAAAAG,0.269740413,0,0,0,0
21ur-5931,UCGUUCUCCUAAAUGCAAAAA,1.888182888,11.60898292,48.40825042,6.347699175,0
21ur-5920,UGGAAGGUUUUUAAUACACUC,0,12.16179163,1.501031021,0.119767909,0
21ur-14016,UUUCGAACCGAAAAAAUUAUG,0,0,0.125085918,0,0
21ur-15315,UAGUCGUACAGUCCUACAGUA,0,0,0,0,0
21ur-13241,UGAUGGAAUUGACAUGUAACU,0,0,0,0,0
21ur-14766,UGGCUUGAUUCUUUGUAGUAA,0,0,0,0,0
21ur-14976,UCUCACGGGAACGCAAAAAAA,0,0,0,0,0
21ur-9982,UUUUUAUAUUCUAUCGACAAA,43.83281705,3.593256618,4.252921225,68.80666369,42.30508786
21ur-13288,UGAAAGUUUUUCACAAGUUCA,0.269740413,0,0,0.119767909,0.136909669
21ur-15556,UAAAAAAUUCAGAAAAGUGUA,0,0,0,0.136393574,0.164521704
21ur-14793,UGGAAAAAUUGCAAGAAUUAG,152.5382033,7.186513236,1.876288776,89.5863959,62.29389961
21ur-8285,UUACUUAUUGUUGGAAAUAGU,402.722436,39.24941845,16.63642715,486.0181745,75.98486655
21ur-13955,UUUGCAACUGCUUGAAGCCGU,0,0,0,0,0
21ur-4491,UGAGAAACAUUUUUAGAACAA,1.07896165,9.397748078,12.00824817,1.317446999,0
21ur-783,UUAGGACACAUCCCAGCCUGU,0.539480825,23.77077455,15.26048204,0.119767909,0
21ur-2768,AUGUAUGCGAUUUGUACAUUU,0.134870206,0,1.188316225,0.119767909,0
21ur-1584,AGGCUGUGGAAUAUCACAUGU,21.57923301,222.2291016,441.0529482,11.61748717,0.410729008
21ur-310,UAAUGCUAGUGGAUGAGAAGC,0.269740413,4.422469684,12.63367776,0.479071636,0
21ur-3191,AUUCGGCUACAUUUCUCUCUU,1.07896165,37.0381836,19.63848919,2.634893997,0
21ur-1303,UGAGCUUCUACGAAAACAGUU,3.371755158,294.6470427,145.7250949,5.389555903,0.684548347
21ur-946,UAAUGUCAAUGUCAGAAAAAU,2.967144539,24.87639197,26.76838654,3.127273178,0
21ur-26,AGAAAUCCACUAUGCUUUGGU,0.809221238,1.105617421,13.38419327,1.796518634,0
21ur-4706,CUUGGGCAUCUUUUCAGAAGU,1.348702063,39.24941845,10.13195939,2.036054452,0
21ur-3704,UGCAGAAUAGCUGAUCCCAAA,5.12506784,4.975278394,9.131272042,0.718607454,0.136909669
21ur-4437,AUAAAGCUGGCUACCGUACUU,4.046106189,40.35503587,288.4481278,2.036054452,0
21ur-4567,UAAAGACAAUAGUUUGAUUCA,8.496822997,69.93030188,111.5140962,18.74367775,0.136909669
21ur-1,AUGGUACGUACGUUAACCGUG,0.269740413,16.0314526,39.15189246,0.958143272,0.068454835