21ur-1926,UCUCAUCUUUAUUGGAAAUUU,0.539480825,2.211234842,0.375257755,0.239535818,0
21ur-5243,UGACAUUCAUAAUACAUUUCU,0,0,0,0,0
21ur-3301,UGGUGAUCACUUCAUGGUGAC,0,3.869660973,0.875601429,1.19767909,0
21ur-3574,UAUGUUAUGUAUUUGCAGUUA,0.404610619,4.146065329,2.501718368,3.832573087,0
21ur-5220,UGAUCUGAUUGAGAACGUGAA,43.15846602,449.9862903,251.8604967,68.98631556,0.821458017
21ur-1737,UGACUUUUUUAGCCUUUUAUU,1.348702063,33.72133134,18.76288776,1.19767909,0.410729008
21ur-3488,UAAAGCGUCAAUUUAUUCGCG,0.269740413,0.55280871,1.125773266,0.359303727,0
21ur-4217,UGGUAACAAAUUUUUCAUGAU,0.809221238,11.05617421,5.879038164,1.676750725,0
21ur-4882,UGUUUUCAGUUUGGACUUUGG,2.427663714,11.05617421,35.27422899,11.49771926,0.205364504
21ur-3151,UUAUUUCGACAGUUCGCGAUA,0.809221238,1.658426131,1.501031021,0.119767909,0
21ur-1110,UUUGUGUGUCCAUUUUACAGU,11.86857816,362.0897054,108.2618624,7.186074537,0.273819339
21ur-314,UGAGACUGAGAACUUACUUCU,0,8.568535013,4.252921225,0.359303727,0
21ur-3431,UCCCCGUUCACACGUUCUACC,2.697404126,32.61571392,87.18488512,2.994197724,0
21ur-4413,UGACACAGAAGUUUAAUAAAA,0.269740413,10.5033655,4.503093062,1.19767909,0
21ur-1314,UAAGUAGUGUGAUGUUAUAGA,2.967144539,53.62244492,46.9072194,3.832573087,0.273819339
21ur-3633,UAGUCCCAUCUUUACUUCACC,0.269740413,2.211234842,7.75532694,0.479071636,0
21ur-1097,UAUCGCGCUCCCCGCUUCGAA,8.092212378,1.658426131,189.6302523,1.437214907,0
21ur-1245,UUGGAGACAUCUGGUAGGUGA,2.697404126,12.06965685,56.87239756,3.293617496,0.136909669
21ur-262,UAGUCCUAUCAACUGAGAUAC,0.404610619,16.86066567,33.33539725,7.425610355,0.342274174
21ur-5328,UACAACUACUCCAAACAAUAA,1.348702063,87.34377626,75.05155103,1.676750725,0
21ur-3379,UACUAGUCCUAUCAACUGAGA,2.023053095,82.64490222,294.5147948,5.389555903,0.068454835
21ur-2230,UUGAACUGUGGCGUGACUUAU,0.539480825,54.72806234,39.46460725,1.437214907,0.136909669
21ur-4384,UAAUGCGAACUUUUCUCUAUU,0.539480825,8.844939368,1.000687347,0.598839545,0
21ur-965,UAUUAUUUUAGUCUUGUUUGU,0.539480825,6.080895815,8.380756532,0.718607454,0.136909669
21ur-3153,UGACUCACAAAUGACUCAGAA,1.348702063,19.34830487,5.879038164,1.317446999,0
21ur-443,UGCUAGAGAAAAUUUAGUUUC,0,34.82694876,0.81305847,0.239535818,0
21ur-4562,UCACAAUGGCAUGGUGGUAUU,0.539480825,5.528087105,7.880412859,0.838375363,0
21ur-3617,UGUCAAUGGUAACUUGGAAAU,0,0,0.125085918,0,0
21ur-787,UCCUUGCGGCAUGAGCCAUCA,0,5.528087105,2.751890205,0,0
21ur-924,UCGCAAUAGUGAUUAAUAAAU,47.47431262,922.6377378,729.5010761,32.45710333,1.232187025
21ur-2893,UUGUCUUUUGUAGAUCACGUC,0,0,1.000687347,0.119767909,0
21ur-4789,UGAGCAGGAUCAUCGCCUAAC,0.539480825,2.211234842,43.65498552,2.395358179,0
21ur-4422,UAGUUCAGCUAAUGCUAUCCG,2.697404126,3.869660973,19.70103215,9.042477126,0.136909669
21ur-1227,UCAUCCAGUUAAUUUGUAUUA,0.809221238,3.316852263,0.75051551,0.359303727,0
21ur-4104,UCUCGCGUUAGCACCAAAAGA,1.348702063,15.20223954,33.96082684,7.186074537,0.136909669
21ur-4346,UUCUGUUGGUAUUCCUGUCAU,2.157923301,34.27414005,38.15120511,5.030252176,0.273819339
21ur-4767,UGUUAUUACGACGAUUGGUGA,0.269740413,0.55280871,3.002062041,0.239535818,0
21ur-1095,UGCUUUACGUCCUUCAGGAAC,2.697404126,19.34830487,60.47904154,4.072108904,0.136909669
21ur-4418,UACCAGUGGUUUUUGGGAUCG,30.48066663,25.15279633,26.08041398,8.204101763,0.410729008
21ur-896,UCAGUCGUUUUCAAAAUAUUG,0.539480825,9.397748078,25.64261327,0.598839545,0
21ur-4517,UGAGAUAAGCCAACAACAAAA,24.81611796,3468.874658,319.3443497,22.15706316,1.232187025
21ur-1519,UAGUGGUUUGAGUCGAUUUUA,5.349851517,129.7257774,51.30607419,9.341896899,0.068454835
21ur-5347,UCUUUCAGUUGACUGAAAUGU,0.539480825,17.96628309,4.252921225,1.077911181,0
21ur-2393,UGCGUAUGGCGUAUCAGUUCU,1.07896165,9.397748078,20.63917653,0.718607454,0
21ur-39,UUCGAACCUCUUGGUUUUGGA,1.348702063,7.739321947,4.753264899,3.113965633,0.136909669
21ur-4618,UAGAAAAAUUUGCAAUUGAAG,7.822471966,272.5346943,367.6275141,27.54661906,0.547638678
21ur-5245,UAUGUCGCAACAAUGCUAUCC,0,2.211234842,7.75532694,0.479071636,0
21ur-796,UACAAUGAGAAGCAAUGUGAA,8.901433616,81.26288044,95.81581349,4.790716358,0.136909669
21ur-556,UAUAUAAGGAAGUACCUGCUU,2.427663714,30.95728779,38.40137695,1.676750725,0
21ur-4279,UACGGCUACUCAUUUCGGUUU,4.315846602,55.28087105,50.65979695,9.461664807,0