21ur-6901,UCGUACAAAACUCAAUCAAAA,0,1.105617421,19.88866102,0,0
21ur-7916,UCGACUGCAUUUUUUUAUUGC,0,0,3.189690919,0.119767909,0
21ur-10278,UUCGACUGCAUUUUUUUAUUG,0,3.869660973,4.190378266,0,0
21ur-7408,UUGGAUCUGAUGAUUUAAUCG,0,0.55280871,0,0.119767909,0
21ur-15664,AUCUGUUGUCGAUGGGUCAAU,0.134870206,14.37302647,52.53608572,0.419187681,0.342274174
21ur-10516,UUUUCAUUACAUAUGUUCCAC,1.07896165,4.422469684,9.131272042,0.718607454,0
21ur-6876,UUUUUCAGCUCUUUUGACUUU,0,0,3.87766347,1.077911181,0
21ur-10511,UUUUCUGUUUGUUUUAGAGUG,0,1.658426131,2.751890205,2.27559027,0.136909669
21ur-15629,CCUGCGUUCGCAAGACUUGCU,0,0,0.062542959,0.119767909,0
21ur-6918,UUCGUACAAAACUCAAUCAAA,0.269740413,6.080895815,7.880412859,0,0
21ur-7647,UGUGAAUACAGCUUUUUUUGA,0,1.105617421,0.500343674,0,0
21ur-9668,UCAGUUUUUAAAUCCCAUAAC,1.348702063,17.68987874,13.00893551,0.598839545,0
21ur-12204,UGUCCAAACGUUAUUAAAAGU,0,0,0,0.119767909,0
21ur-12241,UGGAAACCUCAACGCUGAAUU,0,0,0,0,0
21ur-5918,UUGGAUAAUUUUACUUAAAAA,3.506625364,70.20670623,7.505155103,3.353501451,0.136909669
21ur-6271,UUUGACGAUAGUUUCGAUUGA,12.94753981,52.79323185,52.97388644,52.8775318,0.342274174
21ur-6397,UGAAAGAUUGAAAAAACAUUC,0,9.397748078,2.376632449,0.718607454,0
21ur-6363,UGGAUCUGAUGAUUUAAUCGU,0,0.55280871,0,0,0
21ur-7553,UGCAUGAGUAGAUUUUCACAG,0.269740413,0,2.751890205,0.359303727,0
21ur-14591,UUAAUUUGACGAUAGUUUCGA,0,0,0.125085918,0.239535818,0
21ur-14650,UGUUUUGUCCAAAUGGGAAAA,0,0,0.375257755,0,0
21ur-15563,GUUUUACUUUGUCGUUUGACA,0,0,0,0,0
21ur-9004,UGGUAAGAAAGGCGUAACUCC,0,0,0.125085918,0.119767909,0
21ur-14531,UUAGUGAAUGUGAGUUUUUCU,0.269740413,1.658426131,0.125085918,0,0
21ur-13014,UUCAAAUGCUUUUUCUCAAAA,0,0,0,0,0
21ur-14797,UGCUUCUUAUCCAAUUCGAAU,0,2.211234842,0.500343674,0.119767909,0
21ur-15079,UCAUGAGAAAUCUCACAUGGA,0.269740413,0,0,0,0
21ur-15494,UAACCCGGCUGGAUCCACAUG,0,0,0,0,0
21ur-14066,UUUAUUUAUUGAAGCGUUUGA,0,0,0.125085918,0.119767909,0
21ur-13684,GUAUCACUGUUGCGGAUGGUC,0.809221238,0,0,0.359303727,4.107290084
21ur-12752,UUUCCGCCGUUUGAAAUUUCA,2.157923301,1.105617421,0.250171837,3.593037269,17.66134736
21ur-15291,UAUAACACCAAUUGCUUCAAA,0,0,0.125085918,0,0
21ur-14127,UUGUUUUGUGGUGCUGAAAAU,0,0,0,0,0
21ur-10739,UCAAAUUGCUCCUAGAAAUAA,0,1.105617421,0.125085918,0,0
21ur-11826,UUUUUCAGGCAAGGAAUGAUG,0,1.105617421,0.125085918,0.119767909,0
21ur-9360,GUUGAAUCCCGGCACUGAAGU,0.809221238,0,0.375257755,1.676750725,2.60128372
21ur-12575,CAACUGCUGCUUUUGUGGAAC,0,0,0,0,0
21ur-8714,UUUAGGUGAUGGUUCGACUGA,0,0,0,0,0
21ur-11578,UGCGAAAAGUUAGAAAGAAAC,0,0,0,0.119767909,0
21ur-12710,UUUGCUCAUCUGCACGGUGAC,0,0,0,0,0
21ur-12194,UGUGCCCAAAGCAGAUGUUGG,0,0,0.250171837,0,0
21ur-13561,UAGACACAACAGAAAGGAGAG,0,0,0.125085918,0,0
21ur-6770,UGUUAGAGACCCCAUAAUUGC,0.269740413,27.08762681,152.2295627,7.665146173,0.273819339
21ur-7817,UAUUGAAACUUCAGCUGAAAA,0.269740413,3.869660973,0.375257755,0.239535818,0.136909669
21ur-8545,UGGUAGGAAUUGAAAUCAUCU,0.809221238,3.869660973,7.129897348,0.838375363,0.136909669
21ur-6414,UCAUGCAAUCGUGUAAGUUGA,0,0,3.627491633,0.239535818,0
21ur-8190,UUUGACCCGUUUAAUUAGGCC,1.618442476,15.47864389,29.77044858,5.988395448,0
21ur-9841,UGUCCUAAGAAUGCCAUUUCC,0.674351032,9.121343723,2.439175409,0.119767909,0
21ur-13145,UGUGGGGCACUUUUUUGAAGG,0,0,0.500343674,0,0
21ur-9703,UAGAUACAAGAUGCAAAUUUC,0.269740413,2.211234842,3.502405715,2.395358179,0