21ur-11149,UCGAUACAGAUUCUGACAAAA,0.404610619,3.316852263,1.813745817,0.359303727,0
21ur-12862,UUGCUCUAUUGGUUUUAGAAA,0,1.105617421,1.876288776,0,0
21ur-10956,UUGAAAAAUGAGGCCUCAGUG,0,0,0.062542959,0,0
21ur-11368,UUUAUUAUAGAUUUUUUUACA,0,7.739321947,3.502405715,0,0
21ur-9467,UCGUGGUGUUUUCUGAAAAAA,0.134870206,24.32358326,2.876976123,0.119767909,0.068454835
21ur-13932,UUUGGUAAUUUGGCCAUUGUU,0,0,0.625429592,0.119767909,0.205364504
21ur-6373,UAUAUUGGAAAACAUGAGGAU,1.888182888,30.95728779,27.64398796,2.754661906,0
21ur-10039,UUGGGUAAUGAAGUUAAAAAA,1.483572269,26.81122246,1.751202857,0.598839545,0.410729008
21ur-9536,CGAAAAUUCAUGAAUUCACUA,0,0,0.500343674,0.119767909,0
21ur-8437,UUCGUACAUGCUUUUUUCAAA,1.348702063,24.32358326,15.76082572,2.395358179,0
21ur-15182,UAUUGUUGAAAAAUGCAAUGA,0,0,0,0,0
21ur-6016,UAUUUGAAUCAGACGACUGUA,0.134870206,0,0.500343674,0.119767909,0
21ur-12119,UUAGCAUAGAUUAAUGAUUGU,0.269740413,0.276404355,0.687972551,0.199613182,0.045636556
21ur-12178,UGUUCAAAUUGGUGCAUCGAG,0,0,1.375945102,0,0
21ur-14027,UUUCCAUGUAGACUGUAUUUU,0,0,0.187628878,0,0
21ur-7720,UAUCAAAGUAUCACAUCAAUU,0.269740413,1.105617421,3.502405715,0.479071636,0.136909669
21ur-12851,UUGGGAAUGUGAAAUUUUUCA,0.539480825,0.55280871,0,0,0
21ur-13224,UGCAGAGGACAAUUGGUACAU,0,0,0.875601429,0.119767909,0
21ur-5647,UCCAAAAAUAAUUUUCAAAAA,0,4.422469684,2.001374694,0.359303727,0
21ur-11314,UUUUCAGUGUUUUCUCGAGAU,0.629394296,2.211234842,3.564948674,1.976170498,0.045636556
21ur-9425,UUCAUGAACUUGUUGAGACAG,0.269740413,1.105617421,4.378007144,0.718607454,0
21ur-7546,UUAUUUUGUCGCAGAGAACAA,0.539480825,4.975278394,2.626804286,1.077911181,0
21ur-14539,UUAGGUAGUGAAUUUCACUGU,0,0.829213066,0.125085918,0,0.045636556
21ur-12097,UUAUUACUUCUUCGCAAAAAA,0,1.105617421,0.125085918,0.059883954,0
21ur-9500,UAUGUUAUAUAAACGAAUAUA,0.269740413,8.292130657,1.250859184,0.119767909,0
21ur-12333,UCCUGUUCUUAACUUAUCAAA,0,0.55280871,0.75051551,0,0
21ur-6530,UGAAUGGGCAAAAAAUAGUUU,0.269740413,16.0314526,5.753952246,0.359303727,0
21ur-8264,UUUUACUUUGUUUGCAUCAAU,4.046106189,79.0516456,91.56289226,8.383753627,0.547638678
21ur-3449,UAAGUGAGUAAAAUAAAUGUA,35.06625364,301.8335559,205.1409062,19.04309752,0.547638678
21ur-194,UUAAACAAGGGACUGUUAGGG,5.934289078,93.97748078,305.5223557,26.16928811,0.342274174
21ur-231,UAUUGCGAAUUUUUAAUAUUU,0,4.698874039,1.250859184,0.239535818,0
21ur-3399,UGAUAAGCUAUGAAAAGAACG,12.27318877,347.9930833,543.3732295,11.01864762,0.958367686
21ur-2000,UGCGUUCUGUAUUGUAUACCG,6.20402949,369.2762186,582.6502079,31.37919215,0
21ur-2563,UUGACAUACAAUCAAAACUCC,1.888182888,30.68088343,37.83849031,1.556982816,0
21ur-2954,UACAUGCUGUUUUUCCGUUAA,9.440914442,513.5592921,262.8055145,55.57230976,0.821458017
21ur-2876,UAACAUGCCAAAAUGUCCCUG,1.07896165,5.528087105,3.002062041,0.598839545,0
21ur-101,UAGUAGCCGCAUCAUUCAAAA,2.967144539,59.70334073,26.08041398,0.479071636,0
21ur-5087,UUGGAUUCUGGUCCUACAUUA,3.776365777,17.13707003,13.25910735,10.53957599,0.273819339
21ur-3453,UAAUGAGCAUAACUGUUAAAC,0.539480825,10.5033655,5.253608572,0,0
21ur-4693,UGGGUAGUUGAUUUUGGUUUU,0.269740413,11.88538728,0.125085918,0.838375363,0
21ur-2281,UAUUGACUUGCUAAAGUCUCU,0,11.05617421,1.501031021,0,0
21ur-3409,UGAAUCAUUAGGUUAGAAAAG,0.809221238,10.5033655,28.26941756,0.958143272,0
21ur-1740,UGGAAAAUAUUUGUGGAUAUA,12.94753981,158.3796956,13.69690806,9.102361081,0.410729008
21ur-3053,UACAAUUCAUUUUUUGUUGUC,0.539480825,23.77077455,15.01031021,2.874429815,0.136909669
21ur-3918,UUUCAACUAACAUCUAGUUCC,0,1.105617421,1.876288776,0.598839545,0
21ur-3619,UCACAAGUGGUUUGGGAUCAG,1.07896165,6.080895815,6.879725511,0.479071636,0
21ur-157,UACUAUACUUCUCCAUUCUGA,0,0,5.128522654,0.239535818,0
21ur-2356,UCUCAGAGUAAGUGUUUCAGU,0.809221238,12.16179163,26.14295694,2.036054452,0
21ur-1977,UUGUCAACUUCAAUUAAAGAC,2.427663714,42.013462,67.29622409,5.389555903,0
21ur-3054,UACUACAUUUUCACGAAAUCA,9.710654854,484.8132391,165.48867,13.53377371,0.410729008