21ur-11677,UAUUUUUUAAAAAUUGUAGAA,0,3.316852263,2.126460613,0.479071636,0
21ur-15691,AAGAACACAAGAAUAUGUAUA,0.269740413,0,0,0.119767909,0.410729008
21ur-5543,UGAAUUCGGCUGAUUAUUAUC,1.07896165,18.79549616,38.15120511,10.89887971,0
21ur-6555,UAUAAUCGUGGUAUUUGCUCG,0,4.975278394,19.0130596,5.509323812,0.273819339
21ur-11277,GUAAUAGCAAGUAAGUUGAUG,0,1.105617421,5.253608572,1.676750725,1.095277356
21ur-6304,UCGGUUAUCGAUGAUUUAUAA,0.269740413,49.75278394,61.35464297,3.533153314,0
21ur-6936,UAAGGUUACGAUAAUCGAAUC,0,1.105617421,0.375257755,0.359303727,0
21ur-13653,UAAAUUUAAUUUAUUCGUUCA,1.348702063,5.528087105,40.27766572,3.233733542,0.273819339
21ur-5956,UCAGAUGAAUACAUAUGUAUC,0.269740413,4.975278394,1.501031021,0.119767909,0
21ur-10091,UGGUCCUUUUAAAACAUCAAA,0.269740413,1.105617421,0.250171837,0,0
21ur-8963,UUGAUUUAAUAUUUUGGAACA,0,0,2.251546531,0.359303727,0
21ur-7784,UUUGAAAUCACAUUGAUAACA,0,2.211234842,1.501031021,0.658723499,0
21ur-14162,UUGUCACUAUUCUUUCGUUGA,0,2.211234842,6.379381838,2.694777951,0
21ur-14787,UGGACUUGCCAAGUUAACUAC,0,0,1.000687347,0,0
21ur-13847,UUUUGAAAUCACAUUGAUAAC,0,0,0.125085918,0.059883954,0
21ur-7658,UCUUUCCAAUAUUUCUUUUCC,0.809221238,9.950556789,17.0116849,2.27559027,0.136909669
21ur-6677,UCUCACUCAGAUAUUGUUAAA,1.618442476,7.186513236,12.75876368,2.27559027,0.136909669
21ur-13040,UUAUCCUUUCCAAUUCCAAAG,0,0,3.252233878,0,0
21ur-6101,UCGAGGUCUGGCUGAAACUAA,0,1.658426131,1.751202857,0.359303727,0
21ur-15238,UAUUAAAUGCUCAGAAAACCU,0,0,0,0,0
21ur-11927,UUUCAGUCUCGCUUAUAAUUC,0,0,0,0,0
21ur-6808,UACAAAUUUGGUAAACGUUUG,0,1.105617421,1.751202857,0.119767909,0
21ur-5651,UGUCACUAUUCUUUCGUUGAC,5.394808252,108.3505073,153.9807655,27.24719929,0.273819339
21ur-12996,UUCAUCAAGUUGGAGAAGGAA,0,0.55280871,0,0,0
21ur-5153,UAAAAAAGUUCAAGUAGGGAA,0.539480825,0.55280871,15.13539613,0,0
21ur-4645,UCGAAUGCAUACAGUCCAAAA,0.809221238,71.58872801,15.88591164,9.282012944,0.136909669
21ur-5205,UUUGCCAGUAGAUUUCUUGAA,0,2.764043552,4.503093062,0.119767909,0.136909669
21ur-1015,UGGAUAAAGAAUCUUUAAACA,0.269740413,5.528087105,0.625429592,0.119767909,0
21ur-1735,UGAUGUUAAUUGUCCCAUUAA,1.348702063,22.66515713,2.126460613,2.27559027,0
21ur-13810,UUUUUAAACUUUAUUUUGCAU,0,0,0.375257755,0,0
21ur-7434,UAUGAAGAGUAGCUUAGCUCU,0,0,0,0,0
21ur-9805,UUCAGUUGUCUUUCGGUGUUA,0.269740413,3.040447908,4.440550103,0,0
21ur-8753,UGGCAAUACAUAUUAUCUUUU,0,0,1.125773266,0.119767909,0
21ur-12780,UUUAGUUUAUAGAUGUCCUCC,0,0,0,0,0
21ur-12970,UUCGAAUGCAUACAGUCCAAA,0,3.040447908,0.500343674,0.179651863,0
21ur-6239,UUUAUAGAUGUCCUCCGAAAA,1.07896165,75.73479334,23.1408949,1.077911181,0
21ur-11939,UUUAUUGAAAAAUUCGGGAUA,0,0,0.125085918,0,0
21ur-14158,UUGUCUUUCGGUGUUAUUAAA,0,5.528087105,3.252233878,0,0
21ur-7917,UCGAACUUCCGGAUUUUAAUG,0,1.105617421,2.626804286,0,0
21ur-11657,UCAGUUGUCUUUCGGUGUUAU,0,6.910108881,2.439175409,0,0
21ur-13083,UUAAUUUUCUAAACAUCAAUU,0.539480825,0,4.127835307,0.119767909,0
21ur-10085,UGUUAAUUGUCCCAUUAAUUG,0,1.658426131,0.250171837,0.239535818,0
21ur-8526,UUCUAACCGCCUCAAGAAAUU,0,30.40447908,104.0714841,0.479071636,0
21ur-6586,UUUUUCAUGUACGUCACACAC,0.269740413,0.55280871,12.75876368,0.119767909,0
21ur-10895,UUUCAUUUUCGGAUUUGCGUC,0,0,0.125085918,1.19767909,6.160935126
21ur-2358,UGUCGAAAAAGUUAGUGGGGA,1.07896165,1.658426131,7.630241022,0.119767909,0
21ur-4868,UGCGCUACAUUUCAUGUUCAA,1.348702063,81.81568915,164.1127249,5.150020085,0.136909669
21ur-1149,UACUCCGUGAUUGCCACCAGA,0.269740413,30.12807472,78.67904267,1.796518634,0
21ur-1745,UUACUCCGUGAUUGCCACCAG,0,0.55280871,8.693471328,0,0
21ur-4929,UGGUUUUGCAGUUAUUUAAUC,1.348702063,0.55280871,2.626804286,0.718607454,0