21ur-3486,UACCAAUCUUCUUAUUAUUGG,0.269740413,5.528087105,2.376632449,1.077911181,0
21ur-3149,UAUUUCUUUGCUGGCAUGUGG,13.21728022,55.00446669,386.0776871,39.04433832,0.342274174
21ur-2544,UUCUUCUGUCAUCAUGCAACU,6.069159284,33.9977357,144.098978,7.006422674,0.205364504
21ur-2144,UAUGUAUUACCUAAAAUAUAC,4.315846602,124.3819599,21.7649498,1.19767909,0.273819339
21ur-4884,UCGACGCCAGUUUAUGUAGAA,0,2.211234842,8.130584695,0.239535818,0
21ur-507,AUGAACAUAAGAUUUCGAGAG,21.57923301,358.7728531,571.8928189,28.0256907,1.506006364
21ur-4691,AUCCAAGCGGCCCCUAUGUUC,0.269740413,89.00220239,10.13195939,0.359303727,0.136909669
21ur-1653,AUAGUCGAAAAAAAUUGCAUU,2.967144539,30.95728779,73.17526226,6.467467084,0
21ur-633,UACUGACUUUCUCUUUGCAUU,0.269740413,7.186513236,2.876976123,0.598839545,0
21ur-3142,GUAGGGUCGUCUCUUGAGAGC,2.697404126,9.397748078,5.503780409,0.718607454,0.136909669
21ur-849,UAGGAAGGUUUUCAAGAGAAC,17.53312682,285.2492946,277.8158247,30.42104887,0.684548347
21ur-2234,GGUCCCGCAUAGUUGACAAGA,3.236884951,63.57300171,21.38969204,0.239535818,0
21ur-1214,CCGUCUUCUUUCAAAGCUGAA,0,0.55280871,12.50859184,0.958143272,0
21ur-3413,UUCUACCAUUGAUAGGUCAUA,16.72390558,189.6133877,290.8247603,43.47575095,0.273819339
21ur-1630,CAACCAUUUUGAAGAUUCGUC,9.440914442,19.34830487,79.80481593,7.066306628,0.136909669
21ur-105,UGAAUGAUAUGCCAGAUCACU,17.1285162,677.7434791,74.30270334,65.09385852,0.136909669
21ur-4666,UAUUCCCUCUUUAUUCCAACA,4.046106189,36.48537489,69.54777062,3.353501451,0.136909669
21ur-862,UACUGUGUGUCCGUUAGGAAA,2.157923301,25.70560504,7.254983267,0.838375363,0
21ur-1978,UGCCAAAACUUCAGCUUUGGU,2.157923301,43.67188813,6.754639593,7.904681991,0.273819339
21ur-3378,AAGUAUUUCGGAAUUGCAACA,0,0.36853914,1.501031021,0.299419772,0
21ur-2532,UUUCGACUGUCAUCGUUAACC,4.855327427,10.5033655,24.39175409,23.23497434,0.068454835
21ur-4473,AUACUUCUGAACCUUUGUAAC,0.269740413,7.739321947,11.75807633,0.239535818,0
21ur-1710,UCACUUUGGAAUAGCCGCAUG,3.506625364,12.71460034,159.8598037,3.113965633,0.273819339
21ur-2299,UCCUACCAAUUAAAACUUUAC,1.888182888,57.21570154,7.630241022,0.239535818,0.136909669
21ur-1478,CUUCAUCAUCAGUCUCUAAUU,4.450716808,68.27187575,141.7223455,27.48673511,1.574461199
21ur-3024,GUAAACAUCUCACAUCUGGUC,9.440914442,61.36176687,223.778708,34.49315778,0.547638678
21ur-2653,UUCCCAUUCAAAUAACUUACG,0,0,3.752577552,0.119767909,0
21ur-2104,UUAGCAAAUCUGUAAAUUUUG,0,0,0.75051551,0,0
21ur-1558,GUGAAUCCAAUAUUCGGUAAA,8.631693204,82.09209351,76.92783981,8.623289445,0
21ur-1527,UAUCCUUCUGUAUUACAUCCU,1.348702063,3.316852263,15.01031021,0.598839545,0.136909669
21ur-5285,UAGGUCCCUUCUUGGAAGUAA,3.506625364,97.84714176,66.79588042,8.623289445,0
21ur-1488,UACACUGCUGUUGGAAAAUUU,3.371755158,24.87639197,102.8206249,23.83381388,1.095277356
21ur-806,UUUCGUAUACUGUUGACUCGG,0,0.55280871,0.250171837,0.359303727,0
21ur-2570,UUGAUUUUGCAUAAAAUUUGA,0.269740413,18.24268745,10.38213123,0.598839545,0
21ur-5078,UUCUUUGCACUUUUAUUUUUA,1.888182888,12.71460034,27.01855837,2.036054452,0
21ur-1997,AUAAUUAAAAGGUAUCCAACG,20.77001177,202.8807968,153.3553359,57.12929257,0.547638678
21ur-3198,UUACAUUAUUGGCAUAUAUAA,2.967144539,76.84041076,96.31615716,5.868627539,0
21ur-1518,UGGAAACACAACUUUCAGAGC,1.888182888,9.397748078,6.379381838,0.119767909,0.136909669
21ur-4692,AUAUUGGUAGAAUGAAAAUUU,8.631693204,56.93929718,8.881100206,1.916286543,0.273819339
21ur-348,UCGGACAAGAAGAAUAGAUCG,0,0.55280871,8.756014287,0.838375363,0
21ur-652,UAUAUUUGUAAUAUGAUUGGA,5.664548665,47.5415491,15.51065388,9.22212899,0
21ur-686,UAUGAGGAACAUUAUCAUAAC,0.269740413,5.80449146,1.375945102,0.119767909,0
21ur-2037,AUCGUGGCAUAACAUACUUUG,7.552731553,28.74605295,26.39312878,5.988395448,0.136909669
21ur-1114,GAAAAUUUUGCUGAACACCUU,1.348702063,118.8538728,130.7147847,13.65354162,0.273819339
21ur-3051,UGCGACUUACGUUCUGUCGGA,0,0,0,0.299419772,0
21ur-2542,UCUGAUUCUUUCGUAAUGAUG,0.674351032,4.975278394,10.31958827,2.395358179,0.136909669
21ur-4333,UGCGAAUUCGACAAGUAAUAA,11.59883774,205.6448403,266.4330062,20.36054452,0.410729008
21ur-4516,AUAAACGAACAAUGGUUGAAC,0.809221238,11.60898292,20.3890047,0.598839545,0
21ur-4709,AAGACUAGCCUAUAAUUUAAA,5.98823716,218.635845,211.0199443,4.910484267,0.136909669
21ur-1551,UACCAAUUCAAGGUGCGUAGC,44.23742767,370.381836,635.0612077,41.20016068,0.273819339