21ur-14291,UUGAAAAAGUAAGUUGCAUUC,0,0,0.125085918,0,0
21ur-14981,UCUAGUGAAACGUAAUUUUAA,0.539480825,1.658426131,0.125085918,0,0
21ur-12960,UUCGCGGAAACUGAUUGCAGC,0,0,0,0,0
21ur-13607,UAAUGUUGGAACAUUUACAGU,0,0,0,0,0
21ur-12126,UUACGAGAAAAUGAUUGAGGC,0,0,0.500343674,0,0
21ur-1383,UGCUUAUAUCGUUCACAGAAC,1.348702063,12.71460034,26.83092949,2.155822361,0
21ur-3861,UAUGACGUCUAAACGUAAAGC,0.269740413,1.658426131,10.50721714,0.598839545,0
21ur-14005,UUUCUAGUAAAUCCUAAUACA,0,0,0,0,0
21ur-14509,UUAUAUCGUUCACAGAACAAA,0,0,0.062542959,0,0
21ur-12757,UUUCAUUCUCCAUCCGAAAAU,0,0,3.377319797,0.239535818,0
21ur-8851,UUAAGGUGAAAGAUUUUGCUU,0,1.658426131,0.250171837,0.119767909,0
21ur-12651,UUUUCGAUAUGUACAAAUAAG,0.269740413,2.211234842,7.254983267,1.676750725,0
21ur-8653,UGUGUUAGUGUAGUGAUCAUU,0.269740413,3.316852263,1.626116939,0.119767909,0
21ur-5253,UGAUCAGGUCUAUCAGGUCUA,0,1.658426131,1.626116939,0.359303727,0
21ur-2239,UAAAUGCAAGUUUAACUGUUG,0,0.55280871,0.75051551,0.119767909,0
21ur-1865,UAAAAAUCGAAAUAUGGGAAA,22.11871383,576.579485,1173.014047,39.92263632,0.342274174
21ur-4736,UAACGAGAAAGAAACGAAAAC,0.269740413,0,3.627491633,0.239535818,0
21ur-1663,UUCGUCAUUUUAUCAGAAGCA,0.539480825,3.316852263,46.40687572,3.233733542,0
21ur-4099,UACUUCUUCUUCUGGAAUCGA,1.07896165,1.105617421,7.129897348,2.395358179,0.045636556
21ur-2236,UCAUCCAAGGACAAUGCGGAU,0.539480825,12.71460034,39.77732205,8.503521536,0.136909669
21ur-2427,UAACAACACCAAUUUUAUAAA,0.809221238,2.211234842,9.131272042,0.838375363,0
21ur-3868,UGUUGCUUUAUGAGUGGAAAU,4.315846602,21.006731,12.25842,2.27559027,0
21ur-4144,UCGAAAGUCGAUGGUGCACAA,0,0,0.125085918,0,0
21ur-3962,UGUGCCAAUGGCUAAACAAAA,5.12506784,121.0651076,88.56083022,1.676750725,0.136909669
21ur-3187,UCCUCUCAACCGAUACGUCAG,0.539480825,1.658426131,154.856367,4.790716358,0
21ur-1357,UAGGGUUCACUUUUUAUGUUG,0,3.316852263,4.002749388,0.239535818,0
21ur-934,UCAGGUCUAUCAGGUCUAAAA,2.427663714,34.82694876,39.15189246,1.077911181,0
21ur-5035,UUCUGGUUCGUUUAAAUUGAA,13.48702063,143.4538604,7.75532694,37.90654318,0.205364504
21ur-3426,UUUCCAAAAUGCUGGUGCUUC,0,11.05617421,18.38763,3.593037269,0.068454835
21ur-4721,UAAUAGGAAGUACUCAAAUAC,0,4.422469684,12.63367776,0.658723499,0.068454835
21ur-4563,UGAUUUUACUUCAAUAUGUGG,1.348702063,11.05617421,10.25704531,1.556982816,0
21ur-3341,UCAUUCAUAGACAAUCGUGAA,1.07896165,6.633704526,10.50721714,0.718607454,0
21ur-3446,UAGGAUAUUUGGGUAGGAUAA,0.269740413,6.080895815,14.13470878,0.479071636,0.068454835
21ur-4009,UGGAAAUCAUGAGAAUACUUC,0,15.47864389,5.128522654,0.239535818,0
21ur-3065,UGCCAUUAUUCUACUGUAGUU,0.269740413,30.95728779,71.17388756,4.191876813,0.136909669
21ur-4006,UAAAUUCAUGAUUCCGAUAAA,0,3.869660973,2.751890205,0.119767909,0
21ur-5149,UGUGAUGUCUAUUAGACUGAC,0.269740413,4.975278394,0.75051551,0.479071636,0
21ur-3482,UUAUGCGAGUUUUCUCAUAGU,0.269740413,3.040447908,0.375257755,0,0
21ur-735,UGCGUGGUGGAAAGGUUCUGU,0,9.950556789,6.754639593,0,0
21ur-10734,UCAUAGACAAUCGUGAAGGCU,0,0,0,0,0
21ur-9930,UAGUUAUUUAGUGUUUUGUCU,0,2.211234842,1.250859184,0,0
21ur-15149,UCAAAAGUUUGGAAAACUGUA,0,0,0.125085918,0,0
21ur-11244,UAAUUGUGUUUUCUAGCAAAA,0,4.422469684,1.250859184,0.239535818,0
21ur-10612,UUAUUUAACUGUCCGGUUUUU,0,0.55280871,2.501718368,0.119767909,0
21ur-6647,UUGAUACAUAUAUCUAUAAUA,0,7.186513236,9.381443879,0.479071636,0
21ur-6078,UAAUGUGAUUUUGGGUUGAAA,0.809221238,9.950556789,6.754639593,0.838375363,0
21ur-12740,UUUCUGGUUCGUUUAAAUUGA,0,1.934830487,0.250171837,0.419187681,0.342274174
21ur-7646,UGUUAAUAGGAAGUACUCAAA,0,7.186513236,7.880412859,1.018027226,0.068454835
21ur-14129,UUGUUUCCUGCUUUAUUUUUC,0.269740413,3.869660973,4.878350817,0,0
21ur-7725,UACUUAGUUUGCAUUUUCCCU,0,1.105617421,17.0116849,0.838375363,0