21ur-12975,UUCCUUGUCCGCGGGCGAAGA,0,0,0,0,0
21ur-14923,UGAAACCGGCUUUUACUCUAA,0,0,0,0,0
21ur-14717,UGUCAUAAGACCGUCUCCUCC,0,0,0,0,0
21ur-2136,UGCCAAAUCUAUCCGACCCAA,0,1.658426131,1.626116939,0.359303727,0
21ur-4756,UACUUGUAAUGACAUUUCAAG,0,8.844939368,2.376632449,0.898259317,0.136909669
21ur-1841,UAUACAUAUUUGCUGUGUUUG,0,0.55280871,1.000687347,0.119767909,0
21ur-954,UGUAGACGUAUUUUUUUAGUG,0,0.55280871,3.87766347,0,0
21ur-2968,UAUAAGUAUUGCUUUUGUUUU,0.809221238,6.633704526,11.50790449,3.712805178,0
21ur-3607,UCAGAUUGGGUUUCUAAUUGG,3.776365777,18.24268745,58.91546756,0.838375363,0
21ur-1230,UCGAUGAGCCGCCUAUGCAAG,1.348702063,38.69660973,8.505842451,0.239535818,0
21ur-5421,UGUAUCGAAUAAGCAAUCUUU,0,6.080895815,8.130584695,0.598839545,0
21ur-1678,UACAAGGACUGCUAGUUUUGA,7.822471966,70.75951494,618.5498664,20.36054452,0.410729008
21ur-4908,UUCGAUGCACGCGCAUGUACC,1.348702063,5.528087105,14.88522429,3.233733542,0
21ur-1307,UGAUAAGCUCCAAUCGUGUCC,0,0,1.751202857,0.119767909,0
21ur-580,UUCAAAUGGACAACUAGCAAA,0.269740413,26.81122246,16.26116939,0.119767909,0.068454835
21ur-1392,UAUGCUGUAUACUGAAUACUC,0.539480825,2.764043552,22.14020756,0.718607454,0
21ur-4386,UGGACGUCAAGAUUUGGUAAA,0,0.55280871,0,0.179651863,0
21ur-5098,UUACGCAUACUUGUUGGUUGA,3.776365777,25.42920068,104.5718278,14.97098862,0.136909669
21ur-495,UGUUCCGAUGUAACUAUUUAG,1.348702063,64.12581042,56.28866328,2.754661906,0.136909669
21ur-8730,UUCGCGGUUAUACAUGUUGCU,0,0.55280871,1.876288776,0,0
21ur-8727,UUCUAGGACAUUUUUGCAGAA,0,2.764043552,1.501031021,0,0
21ur-5885,UCGAAAUCGAAAUUGCCCAUU,0.269740413,2.764043552,14.38488061,2.155822361,0.136909669
21ur-10120,UCCUAAAAUUUCAAAUAAUAC,0,2.211234842,1.000687347,0,0
21ur-8428,UUGUUCUUUAUUACUGGGCGU,0.269740413,3.869660973,4.753264899,2.335474225,0
21ur-7242,UAAAGUUUUUCGGAGCUAAUG,0,1.658426131,1.751202857,0.598839545,0
21ur-6118,UGCACUGGGAUAUUUAUAUGU,0,18.79549616,35.3993149,0,0
21ur-9446,UGUUCAAAUAUUUUUUCGGAU,0,0.55280871,0.500343674,0,0
21ur-7218,UUCAAACGAUUAAAGCGUUUA,0.269740413,5.528087105,4.503093062,0.838375363,0.273819339
21ur-7321,UUGUAAUGACAUUUCAAGAUU,0.269740413,9.397748078,6.379381838,2.81454586,0
21ur-5540,UUGAUGUGAUUUAGUAAUCCU,1.618442476,54.17525363,69.79794246,3.593037269,0.273819339
21ur-6847,UGCGGAUCUCCUGCCUUUCUU,0,0,0.500343674,0,0
21ur-7207,UAAAGCCUGGCUUUGAAAAUC,0.269740413,8.844939368,36.77526001,0.479071636,0
21ur-12679,UUUUAAUGAAAAAAAAAGACU,0,1.105617421,0.625429592,0.119767909,0
21ur-10368,UCUGGUCCAUUUAAACCGUUU,0,1.105617421,0.125085918,1.19767909,0
21ur-11659,UCAGUUCUCCUUGAAUUAAAU,0.809221238,0.55280871,2.751890205,0,0
21ur-7147,UUCUGUUCGGUUCAUGUGAAA,0.269740413,1.658426131,6.817182552,1.556982816,0
21ur-13116,UGUUUUUUAAUGUAGUACUUG,0,0,0.875601429,0,0
21ur-13414,UCAGAGUUUUUCGAAAAAAAA,0,1.658426131,0.250171837,0,0
21ur-14955,UCUGUUCCUCAGUCAGUCGGA,0,0,0,0,0
21ur-7011,UUGUCUUAAGUUUUAGCUGGU,0,8.292130657,16.76151306,2.754661906,0.136909669
21ur-12561,CUCUUCGACACUUUGAAAACU,0,0,0.125085918,0,0.136909669
21ur-11717,UAGUAUUCAAAAUGAAAACUG,0,0,0,0,0
21ur-9770,UUGUUUUUGUGGUACCCAGAU,0,3.316852263,5.003436736,0.239535818,0
21ur-9389,UUUCCAUUGCGUGUUUUUAAA,1.348702063,6.633704526,5.128522654,2.155822361,0
21ur-6844,UUGCAAGUACGACCACGAAAG,0,2.211234842,5.253608572,0,0
21ur-14664,UGUUUAGCGAAAUAAAUGGGG,0,0,0,0,0
21ur-9495,UAUUCCAGUAUCCAAUCAUAA,0,0,4.878350817,0.119767909,0
21ur-10544,UUUCAGUAAUCUCUGUUGCAA,0,0,4.378007144,0.479071636,0
21ur-5482,UCUGAUGACGCAUUUAUAAUA,0.269740413,90.66062852,14.63505245,1.796518634,0
21ur-7491,UUCUCCUUGAAUUAAAUUUAA,2.427663714,53.06963621,30.52096409,2.634893997,0