21ur-5212,UGAUAGUGAUAGAACAUACAA,7.552731553,260.649307,22.64055123,1.137795135,0.684548347
21ur-2205,UCAUGUUUUGAUAUAUUUUGA,40.19132148,975.1545653,372.380779,108.7492613,0.410729008
21ur-1309,UAGGGUUCAUGAAUGGACUGA,0.269740413,5.528087105,3.252233878,2.27559027,0
21ur-2284,UGAAUGCUGACCCACAAGUAA,4.585587014,215.0425884,114.2034435,1.556982816,0
21ur-2622,UGUCAUUUUUUCCAUGAGGUC,7.552731553,18.79549616,30.89622184,3.353501451,0.273819339
21ur-3225,UGGAACAUCAUUUCUCGACCA,2.157923301,33.72133134,8.380756532,15.45006026,0.273819339
21ur-3493,UAACCAAUAUAUAGAAACACG,0,0.55280871,2.751890205,0.239535818,0
21ur-1444,UGGCGUGGUCUUUUUAAUUUC,5.080111104,168.2381176,9.944330512,3.752727814,0.342274174
21ur-2967,UGCUUGGAUAAAAAGCGUUGC,0.809221238,15.75504825,31.77182327,0.479071636,0
21ur-1756,UGUUACACCGGAGCACUAAGG,1.07896165,3.869660973,17.0116849,0.359303727,0
21ur-3652,UUGCAGCCCAAAUCAUCACAC,0,1.382021776,2.376632449,0.239535818,0
21ur-1237,UACGUGAUCUAGUUCCGAAUA,5.394808252,37.59099231,104.5718278,25.92975229,0
21ur-974,UAAUUUAACUGAUUUUUCCGA,0,0,1.876288776,0.239535818,0
21ur-3285,UGGGAAAAAUCAUUCCAGCGG,0,8.844939368,36.77526001,1.317446999,0
21ur-5309,UUUCAAUCCUAACGAAAAUGC,1.213831857,23.21796584,5.566323368,0.598839545,0
21ur-2246,UGAAACUCUUUUCUGAUCGUC,0,0.55280871,0,0,0
21ur-4726,UGUAACUCUAAAGGGUCAAAA,0,4.422469684,5.378694491,0.479071636,0.136909669
21ur-1927,UAAAACAUUAAAACUUUGCAA,0,3.869660973,3.87766347,0.119767909,0
21ur-2041,UACCUCUUCUUCUAUCUUCAC,1.888182888,46.43593168,74.17594961,12.45586253,0.684548347
21ur-1911,UUAACGUCUGAAUCAUGCGAA,0.809221238,1.658426131,8.005498777,0.119767909,0
21ur-4390,UCGUUUUCCAUAAUUACAGUC,1.618442476,4.422469684,45.96907501,5.629091721,0
21ur-2592,UCCGAUUGUAACGAGACUUUA,0,19.34830487,35.02405715,0.598839545,0
21ur-3829,UCGAUGUUCUAAAAUAAUUGC,0.809221238,141.5190299,77.67835532,5.030252176,0.136909669
21ur-4440,UAUUCAAUAUUUGCAUAGGGU,2.292793507,45.6988534,113.6405569,4.670948449,0
21ur-69,UACUUGAAUAGUGUUUAUAAA,0,49.75278394,12.63367776,0.239535818,0
21ur-5396,UGAUAAAUUUAUAUGAUUGUG,0,8.292130657,1.626116939,0.359303727,0
21ur-772,UUCUUUGAUAAUUUUUAUAAA,10.6547463,349.9279137,45.96907501,9.341896899,0
21ur-4053,UAAUUUUACUGCAUUAAGAAA,0.269740413,28.19324424,19.51340327,1.19767909,0
21ur-1589,UUUGAAAUAGAUUACUGAGCC,1.618442476,69.10108881,70.17320022,6.467467084,0.136909669
21ur-948,UAUCGAUAUGAAUGCAUUUAU,4.315846602,72.69434543,58.91546756,3.113965633,0.136909669
21ur-1839,UCGCACAUUGAUUUUCACUGG,0,3.316852263,5.628866328,1.317446999,0
21ur-2059,UGAGACUUGAGACUACCGUUG,9.980395267,190.6268703,541.4031263,26.2690947,0.889912852
21ur-1470,UGGGUUUGAUUGAUCAACAGU,0,12.16179163,7.880412859,0.479071636,0.136909669
21ur-490,UCCAUAGCAAGGUUCUAACAC,2.697404126,87.89658497,172.7436533,2.874429815,0.136909669
21ur-2969,UGAGAGGACCAUGUCAAAUGU,0,0,2.876976123,0,0
21ur-3806,UACUUUUGCAAUUCAAAACUG,2.023053095,126.3167903,33.14776837,9.581432716,0.410729008
21ur-3219,UAGGAGGAAGCAUUGUGCAUA,12.40805898,72.97074979,166.1140996,18.0250703,0.136909669
21ur-4336,UGAAUAAUAUGUAGUAUUUAA,0,0.55280871,1.501031021,0.239535818,0
21ur-2759,UACACUUAUCCCAUUUCUUCC,1.618442476,22.66515713,49.15876593,23.71404597,0
21ur-1738,UACACUUGUAAGGUAAUCAAA,17.80286723,294.6470427,171.4927941,22.27683107,0.136909669
21ur-1378,UAAAUGUUUCCUGCGUGCCCA,0.539480825,44.22469684,22.14020756,1.437214907,0.136909669
21ur-980,UAUAAGUAUUAUUGCUUCUUA,0.539480825,23.77077455,12.88384959,1.317446999,0
21ur-3055,UUUAGACUUCGAUAAAAUUAU,21.03975218,731.9187327,477.3278646,14.7314528,0.547638678
21ur-560,UGGUAUCCAUGUGUUAAAUCA,0.269740413,3.316852263,0.187628878,0,0
21ur-95,UACCAAUGUAAGGUUCACUCC,0,0,0,0,0
21ur-4275,UAUGACUUUCACUACAGCGAU,0.539480825,20.45392229,36.90034593,1.317446999,0
21ur-2503,UGUAGAAUCUGCUCUACCGUA,2.157923301,0.55280871,10.50721714,0.007855745,0.141058447
21ur-4707,UUCCACAAUGAAUUCCACAAA,9.171174029,118.4853336,58.66529573,5.269787994,0
21ur-445,UAGUUUCUUUUUUAUGUAGUC,4.046106189,46.43593168,79.05430042,27.30708324,0
21ur-1291,UGGUUCCAUCGAUCUCUUAUC,4.720457221,195.1414748,24.14158225,7.425610355,0.547638678