21ur-7373,UGUAUCUGAUUUGUGCCUACA,0,0,0,0,0
21ur-7527,UUUUUAAACGGUUAUCUCUAA,0.539480825,11.60898292,4.753264899,0.958143272,0
21ur-9635,UGCUCCCAUAAAAUGAAUUGC,0.539480825,18.24268745,14.76013837,2.874429815,0
21ur-12100,UUAUGUUAUGCCGAAGGUAGA,0.539480825,13.82021776,24.76701184,1.676750725,0
21ur-6707,UUCCUGACUUGAGUAUUUAAA,2.157923301,11.05617421,9.506529798,1.077911181,0.547638678
21ur-6738,UCUCAUUGCGAUUUCUUUCUU,0,1.658426131,3.752577552,0.359303727,0
21ur-7217,UUCACUUGUACUUUCAGAUUC,0.269740413,0,5.003436736,0.479071636,0.136909669
21ur-6587,UUUUGCGCGAGACUUUAAAAA,0,1.658426131,2.751890205,0.718607454,0
21ur-10454,UAGCAUCUUCCACCGGGUCUA,0,0,0.250171837,0,0
21ur-9934,UAGUACGCCACACGCUCAUUC,0,0.55280871,2.376632449,0,0
21ur-10017,UUUCCACUGAUGCUUAUGUUA,0.269740413,18.79549616,6.358534185,0.778491408,0
21ur-15499,UAACACGUCCAUCUUCAAGCU,0,0,0,0.119767909,0
21ur-8414,UUUUUCAUGCGUUCAGAAUUU,1.348702063,19.90111358,39.27697837,9.701200625,0.410729008
21ur-13296,UCUUUUCUCAAACUAGUGAAA,0,1.105617421,0,0.119767909,0
21ur-11484,UUAUUAAACGCUUUUAAGUUA,0.269740413,0,0.625429592,0,0
21ur-12340,UCCCAUAAAAUGAAUUGCGGA,0,0,0,0.119767909,0
21ur-13222,UGCAUACUACAAAAAUGCAUA,0,1.658426131,0.125085918,0.119767909,0
21ur-14412,UUCACUUAAAGCUAUUUAAAC,0,0,0.250171837,0.239535818,0
21ur-15535,UAAAAUCUUUUGAUUUAAGAA,0,0,0,0,0
21ur-6944,UUGAUUCUUCACAACUUCACG,4.046106189,9.950556789,18.88797368,1.556982816,0
21ur-5868,UAGAUUUGAAUGAUAUGUUAG,0.809221238,8.292130657,4.753264899,1.19767909,0
21ur-12469,UAGAAUAUGCAAUUUCGGUGU,0,1.105617421,0.250171837,0.119767909,0.136909669
21ur-14463,UUAUUUCAAGUGGUGUCUGAU,0,0,0.875601429,0.119767909,0
21ur-13229,UGAUUUUGAAACAUUUUAAAC,0.269740413,0,1.000687347,0.119767909,0
21ur-13316,UCUGCCAUCUCAUCCAACACA,0,0,0,0,0
21ur-15054,UCCCGAUUGUGAUUUGAAUGG,0,0,0.250171837,0,0
21ur-11344,UUUGGAACUUGAUUUAUUAAU,0,4.422469684,1.250859184,0,0
21ur-12247,UGCUCAACUCACGUGUUGUCA,0,0,0,0,0
21ur-1626,UAGCAAGGCUUCUAUCGUUUG,0.809221238,10.5033655,16.38625531,10.53957599,0.273819339
21ur-5282,UGCAUACACGGUACUCAGAGG,0.269740413,8.568535013,19.63848919,2.515126088,0
21ur-1411,UGAGAUCUUUGUAUUCUUCAU,0.809221238,5.528087105,0.250171837,0.359303727,0
21ur-3113,UGUUCCGUCUACUAUAUGCAA,0,0,0,0,0
21ur-1427,UGGAGCUAGGUUCCGGAGAAA,0.809221238,5.528087105,14.2597947,5.449439857,0.410729008
21ur-4729,UAUGUUGAUCGUGUUUAAAUA,0.539480825,11.60898292,5.003436736,0.838375363,0
21ur-2652,UGCUUUGUUUUUCUGACUCAA,0.269740413,3.316852263,1.000687347,0.718607454,0
21ur-3753,UGUUAUUACGGGACGAACAAC,0,1.382021776,7.880412859,0.119767909,0
21ur-1406,UAAGCGAGGCGUUUCAUCAUG,0,2.764043552,3.377319797,0.119767909,0
21ur-4266,UAUCUUCCGAGUGUUCAAAAA,0,3.316852263,4.503093062,0.958143272,0
21ur-1192,UGUUCUGCCUAUAUUUUCCAA,2.157923301,29.29886166,1.626116939,0,0
21ur-3393,UAGCUAUUCCGUUAUCGAUGA,1.213831857,5.528087105,58.60275277,12.63551439,0.136909669
21ur-1140,UGCCCAAUGAUGCAACUGAAG,0,3.869660973,2.501718368,0.119767909,0
21ur-1875,UAACUAGUUGGUCGCUUAAGU,0.809221238,13.26740905,21.38969204,3.712805178,0.136909669
21ur-6548,UGAUUCUGUACUUUUGAAGUU,0.269740413,3.316852263,11.88316225,2.395358179,0.136909669
21ur-8407,UAACACGAACAUUAAUGUAAC,0,3.316852263,1.876288776,0.359303727,0
21ur-9565,UUUCAAUUCAUAAAUAUCUCC,0,0,0.500343674,0,0
21ur-13617,UAAUCCAGCAGAAAGCAAAAA,0,0,1.000687347,0.119767909,0
21ur-15014,UCGCUUCACCACAUCGUAACU,0,0,1.250859184,0.119767909,0
21ur-6624,UCUUGAUUGGUUUCGGAUUCU,0,24.87639197,57.7896943,10.53957599,0.410729008
21ur-5979,UUUGAAAACUCCUCGACUAUC,0.269740413,3.316852263,20.88934837,1.317446999,0
21ur-14544,UUAGCUAUUCCGUUAUCGAUG,0.674351032,0,7.567698063,0.778491408,0.136909669