21ur-3830,UUGAGCAAUGAUUACCUUUGU,0.269740413,3.869660973,3.12714796,0.119767909,0
21ur-4799,UGCCACAAUUCUGAGAAUCGU,4.720457221,3.593256618,1.188316225,0.359303727,0.136909669
21ur-3893,UUAGUCCGUUUUUUCGUCAAC,0.269740413,2.487639197,38.52646286,0.958143272,0
21ur-3148,UCAGCUUUCUGAAAAAUCAAU,0,22.11234842,32.6474247,0.598839545,0.136909669
21ur-3650,UGCAUUGAAGGGUUCCAUAGA,89.28407658,1613.095817,1559.13343,73.77703192,6.297844795
21ur-3932,UGUUUCUUUUUGCCAAUCGCU,0.269740413,5.528087105,4.378007144,0.239535818,0
21ur-2818,UCAGAUUUUGGACUACGAUCG,20.90488198,736.3412024,202.9519026,0,0.136909669
21ur-4935,UGAAACAUCUUCAAUCGAAUC,1.888182888,21.55953971,83.55739348,4.670948449,0.136909669
21ur-4429,UACGGUUAAUACGGUUAGGGG,2.697404126,18.24268745,88.4357443,10.77911181,0.547638678
21ur-5386,UGUGGAAAAAAACAUUUAAAC,3.776365777,70.66738016,11.88316225,0.718607454,0
21ur-2276,UCAAGCUUCCAUAUCUUCUAA,4.046106189,7.739321947,24.76701184,5.269787994,0.136909669
21ur-30,UGAAUAAUGUUUUCGUCGUAA,5.394808252,22.11234842,22.26529347,14.85122071,0.136909669
21ur-4328,UAUUGUGGAAAAAAACAUUUA,7.282991141,66.79771918,6.754639593,0.718607454,0
21ur-2520,UAACAUACAACAAAAAAAUUU,1.07896165,21.006731,21.28247554,2.036054452,0.410729008
21ur-3709,UCUAUGUUCCGUGUUGAUGUC,1.07896165,16.58426131,21.63986388,2.155822361,0.136909669
21ur-2674,UACGUUGACUUUGUGCAGUGA,2.427663714,6.633704526,16.76151306,11.37795135,0
21ur-2660,UCUGAUUAGACUAAAAAGAAA,16.72390558,517.428953,221.4020756,40.36178532,0.410729008
21ur-4159,UACUUCAUUGAAUUGGAUACA,1.888182888,28.10110945,27.87331215,8.862825263,0
21ur-2942,UAAAUUUUCCUUCGGUACAAC,2.697404126,142.6246473,187.7539635,20.71984825,0.136909669
21ur-3916,UAAGGGUACCAUUUUUUCUAC,0.539480825,75.18198463,15.76082572,1.317446999,0
21ur-4598,UGGACCGCUUUUCGUUCAUAU,1.618442476,2.211234842,4.753264899,1.676750725,0.273819339
21ur-625,UAAAUUCUGUUGUUUUACAAA,18.88182888,339.7009526,134.0921045,30.1216291,0.410729008
21ur-3025,UCCCACAGAUUUGCAAUAGAA,0.269740413,28.19324424,12.50859184,2.036054452,0
21ur-1510,UUGAAUAUUCGUGGUGAAAGU,0,17.13707003,7.00481143,0.239535818,0
21ur-2214,UUAAGUGAUCGUUACACUCAA,3.776365777,17.68987874,20.3890047,11.61748717,0
21ur-3991,UCGAAUAACCAUAUGCUCAGU,0.809221238,15.47864389,40.02749388,1.916286543,0
21ur-7545,UUCAAACUCUGCAAUCGUCGC,0,0,0.375257755,0.119767909,0
21ur-6403,UAACCAGUGGAAUGAAAAAAA,10.51987609,118.301064,182.8130697,6.587234993,0.136909669
21ur-11855,UUUUCUGAUUUCUCAAUAAAA,0,6.449434956,2.501718368,2.036054452,0
21ur-8046,UUUUGGCUGAAACAUGAAAAU,0,1.658426131,2.126460613,0,0
21ur-12472,UAGAAGAAGACUCUCAAAAAG,0,1.382021776,0.375257755,0,0
21ur-7243,UAAAAUUAAUAUACCUCUAAA,18.07260765,623.0154167,147.7264696,16.64773934,0
21ur-9479,UCCAAUACGGAAACACUGAUU,0,0,2.626804286,0,0
21ur-7126,UAUGAAGUUGAAUGGGCAUUU,3.506625364,117.1954466,69.67285654,12.21632671,0.273819339
21ur-9594,UUCUGGGUAAUUUUUAAGAAA,0,2.211234842,0.625429592,0.359303727,0
21ur-13502,UAUUAACCAGUGGAAUGAAAA,0,1.658426131,6.692096634,0.239535818,0
21ur-15318,UAGUCCGUUUUUUCGUCAACA,0,0.829213066,0.250171837,0,0
21ur-15351,UACUUGUUCAGUUGGUCAUUA,0,1.105617421,1.125773266,0,0
21ur-10306,UUACUUCAUUGAAUUGGAUAC,0,1.566291346,3.60664398,1.19767909,0
21ur-6608,UUUUAUGCAAGAACUGGUUGA,1.618442476,2.211234842,12.88384959,1.676750725,0
21ur-9316,UCCUGUAACGCCCCCGUGCUA,0.269740413,10.5033655,11.00756082,0.479071636,0
21ur-10262,UUGAUUUAAACGUUCGAGUGG,0.269740413,1.658426131,1.250859184,0.479071636,0
21ur-5631,UCAAAUGUUAAUUUUACAAGA,0.539480825,21.55953971,23.01580898,1.437214907,0
21ur-6925,UGAUAAAAAACAUCAGGCUGG,1.618442476,22.38875278,16.44879827,2.395358179,0
21ur-13856,UUUUCUGUAUUUUAGGCUUGU,0,0.069101089,0.625429592,0.299419772,0
21ur-8783,UAUCACAACUUCAAUUGUAAA,1.348702063,11.33257857,4.69072194,0.658723499,0
21ur-5712,UCCUUGAAAGGAAAGGUAAAA,0.269740413,620.2513732,347.7388531,5.509323812,0
21ur-13791,UUUUUCCAUCGUUUACCCCAU,0,0,1.751202857,0.239535818,0
21ur-12586,ACAUAUAGCAUCGAAAUGUGU,0,0,0,0,0
21ur-9592,UUCUUUUUGCCAAUCGCUUCU,0,4.422469684,2.751890205,0.359303727,0