21ur-15575,GGUUGUGGAGUAGUCCUCUGA,0.269740413,0,0.125085918,0.479071636,0.273819339
21ur-13321,UCUCGUCUUCUGGUUCUUGAC,0,0,0,0,0
21ur-13400,UCAUUGACAAAUAACGGAAAA,0,0,0.625429592,0.119767909,0
21ur-12627,UUUUUAAUAGUAGCCGUCAGA,0,0,0,0,0
21ur-12471,UAGAAGACAACAAAAAAGUAA,0,0,0,0,0
21ur-13343,UCGGGGGCAUAUGCGCAAUUG,0,0,0,0.119767909,0
21ur-12968,UUCGACAAUGGCUACGUUCAA,0,0,0,0,0
21ur-14875,UGAGCUUGAUGAAAUUUCAAA,0,0,0,0,0
21ur-12252,UGCGCAGAACCAAAGAUCAUA,0,0,0.250171837,0.119767909,0
21ur-13247,UGAUAUCCUGUAAUUAGUUUC,0,0,0,0,0
21ur-14154,UUGUGCAGACCGAGUGAGAGU,0,0.55280871,0.250171837,0,0
21ur-15379,UACCUUGAGAAUUAUGAAGAG,0,2.211234842,0.500343674,0,0
21ur-11056,UGUUGUGACGAAUAACGGCAA,0.539480825,2.764043552,1.125773266,0.479071636,0
21ur-13223,UGCAGGGUUGGUUUUUUUAAU,0,0,0.125085918,0,0
21ur-2987,UGCUAAUACGAUAUGUUUGCC,0.269740413,19.90111358,5.253608572,0.239535818,0
21ur-4109,UCUGCCCAGUGGUGUCAAGAU,0,2.764043552,9.443986838,0.359303727,0
21ur-3740,UGGUUCUUGCAUGUAUGAAUA,6.20402949,77.66962382,10.44467419,0.299419772,0
21ur-3734,UCACUCUCAUUGUUUAGGAUC,1.618442476,5.80449146,56.91409287,11.79713903,0
21ur-1157,UAAGAUGCCCGUUAUAAUACA,11.32909733,556.1255628,165.2384982,13.77330953,0
21ur-331,UUGUGUGUUAGUCAUGUGUUC,8.631693204,51.68761443,114.953959,19.46228521,0.342274174
21ur-14414,UUCACUCUCAUUGUUUAGGAU,0.053948083,0.829213066,0.75051551,0.059883954,0
21ur-9403,UUGUCAAAUAUUCAAUGAUCU,0.539480825,1.105617421,0.625429592,0.239535818,0
21ur-10647,UGUGUGUUAGUCAUGUGUUCA,0.539480825,4.698874039,3.12714796,1.018027226,0.068454835
21ur-10477,UAAGUCGUUGAUGAUCGUUUU,0.134870206,1.105617421,4.002749388,0.479071636,0.136909669
21ur-14443,UUCAACCAGUAGACAUUUAUU,0,0,0.250171837,0.299419772,0
21ur-10215,UUUUCCAGAAAUACAUUCCUC,1.348702063,3.869660973,20.13883286,1.556982816,0.273819339
21ur-11431,UUCUGCCCAGUGGUGUCAAGA,0.269740413,1.105617421,2.31408949,0,0
21ur-14313,UUCUGUUUCGUCGCGCUUUCC,0,0,0,0,0
21ur-6515,UCCAAUCUUUCAGAACUGAAG,1.348702063,2.764043552,15.76082572,4.072108904,0
21ur-5774,GGUUCUUGCAUGUAUGAAUAA,0,0.829213066,0.312714796,0.059883954,0
21ur-6141,UCGAAUUCUAAUGUGGUAAGU,0.269740413,9.950556789,26.64330062,0.479071636,0
21ur-7612,CGAAAUCAUCAAUGGACUAUU,0.269740413,0,2.251546531,0.53895559,0
21ur-12887,UUGAUGCCAAGCUAUUCAAAU,0.269740413,10.5033655,1.501031021,0.359303727,0
21ur-10495,CGGCGAAAUCAUCAAUGGACU,0,0,0.375257755,0.299419772,0.136909669
21ur-12442,UAGUUUCGCUUUUAAAUUAAG,0,6.633704526,9.006186124,1.317446999,0
21ur-9673,UCAACCAGUAGACAUUUAUUA,0,0,0.500343674,0.299419772,0
21ur-14982,UCUAGCUGUAUCUGAUACUUU,0.269740413,0,2.626804286,1.317446999,0
21ur-6093,UGAUAAUAAUCAAUCAAUACU,0,0,2.126460613,0.119767909,0
21ur-7724,UAGAAGAAUUUGUGCAAAAAU,0,6.080895815,3.752577552,0.838375363,0
21ur-8177,UAAUGAUAAUAAUCAAUCAAU,2.427663714,47.5415491,36.40000225,1.676750725,0
21ur-7675,UUUUGAAAACAAGUAAGUGUU,0,0,0.375257755,0.119767909,0
21ur-12415,UAUUAGAAGAAUUUGUGCAAA,0,0.55280871,0.125085918,0,0
21ur-9826,UGUUUCUUCCUCUGUUUAUAC,0,0,1.626116939,0.359303727,0
21ur-8026,UCCUUGAAACUCAAAUGUUUU,0,4.422469684,1.501031021,0,0
21ur-6722,UUUCUUUCUUGUAGUGGGUUC,2.427663714,36.48537489,33.77319797,2.395358179,0
21ur-5587,UCACUAUUUAUUUUUCAGAAA,1.07896165,21.55953971,10.8824749,2.754661906,0
21ur-7661,UCUAUUCGACAUCUAAUUGUA,0,2.764043552,2.751890205,0.239535818,0
21ur-12680,UUUUAAUAAGUUGUGUAGUUG,0,0,0,0,0
21ur-12364,UCACAAGGACAGGCAAUAUUA,5.934289078,1.105617421,0.375257755,9.940736443,0
21ur-11438,UUCUCAACGUGAUAGUUUGAU,0,0,0,0,0