21ur-14635,UUAAACUGCCUACCUCAGAUA,0,6.265165386,0.938144388,0,0
21ur-5623,UGGAGUUGUUUCAGUCAGGUC,2.697404126,90.10781981,82.99450685,2.036054452,0.410729008
21ur-15240,UAUUAAACUGCCUACCUCAGA,0.269740413,0.18426957,0.312714796,0,0
21ur-12837,UUGUACACUGUUAAAUACAUU,0,0,0.125085918,0,0
21ur-7985,UUUUUCUCCGAGAAUCUGCGA,0,0,0.875601429,0.119767909,0
21ur-10058,UUCGAUAGAAAUUCGUUUUUC,0,0,0.625429592,0.239535818,0
21ur-7523,UAAAGAUGUGCUAUCAUAUUC,0.269740413,63.020193,10.50721714,3.233733542,0
21ur-11130,UCUUGGAAAGUUGCCCAGAUA,0,0,0.625429592,0.239535818,0
21ur-12696,UUUGUACACUGUUAAAUACAU,0,0,0.125085918,0,0
21ur-12832,UUGUAUCAUCUACUAUGUCUA,0,0,1.000687347,0.239535818,0
21ur-9708,UACAUCUUGCAUUUUAAAUAG,0.809221238,2.764043552,8.630928369,0.598839545,0
21ur-11025,UUACUGAUAGUGCGUACGGAA,0,0,0,0,0
21ur-7314,UUUGAUCCUGUUUUUGAGCAA,0,7.739321947,3.002062041,1.077911181,0
21ur-12436,UAUAAUCAUUUUUUCAAACUU,0.269740413,0.55280871,4.878350817,1.556982816,0
21ur-10177,UAAUUGCAUUAAAAAAAGAAA,0.269740413,21.55953971,13.75945102,0.958143272,0
21ur-9643,UCUUCUGUUUGUAUAAUCAUU,0.539480825,0,17.38694266,0.598839545,0
21ur-7454,UUCUGUCAAGCAUUUGUUUGA,0.809221238,0.55280871,13.00893551,0.598839545,0.136909669
21ur-9689,UAUGUACCAUUUUACUUUUCC,0,0,1.751202857,0.119767909,0
21ur-8806,UUUUGCACGCACUGUUACUGA,0,0,0.75051551,0.119767909,0
21ur-8832,UUCUUUAUUCUUGCUUGUCAG,0,0.55280871,2.501718368,0.119767909,0
21ur-14051,UUUCAAUACAAGCAAGGGAUG,0,0,0,0,0
21ur-13134,UGUUCUAUCGAUCAAAACAUA,0,0,0.062542959,0,0
21ur-5882,UGAUAGUGCGUACGGAAAUUA,0.269740413,2.211234842,1.125773266,0,0
21ur-14407,UUCAGGAACUUCUGAUAUCUU,0,0,0,0,0
21ur-13172,UGGUGAACAAGAAAAAUAUGG,0,0,0.062542959,0,0
21ur-6998,UGAAUAAGACAAAUUAGACAA,0.539480825,0.55280871,6.19175296,0.718607454,0.136909669
21ur-10731,UCAUUUCCUUAUAUUCAAUUU,0,2.211234842,0.500343674,0,0
21ur-14547,UUAGCAACAUUGAAAAUAUUA,0,0,0.250171837,0,0
21ur-15042,UCCGUUUUGUAUUCUUACCUG,0,0,0,0,0
21ur-8382,UCUCUUAAAAAAAUGGUUGAU,0.809221238,6.080895815,16.38625531,0.838375363,0
21ur-7992,UUUCGUUUAAUUUCCGUUGGG,0.539480825,0.55280871,1.000687347,0.718607454,0
21ur-8293,UGCUUCUUGAAGUUUUAGAUU,0,0,1.876288776,0.718607454,0
21ur-12637,UUUUGGCUACAAUCACUUCAU,0.269740413,0.55280871,0.125085918,0.119767909,0.136909669
21ur-12153,UGUUUUUGGCUACAAUCACUU,0,0,1.000687347,0.119767909,0
21ur-9760,UUUCUUCCACAUUCCACACUC,0,0,0.375257755,0.239535818,0
21ur-6018,UGCUUCUUUCGUGUGUUUAGC,1.618442476,14.37302647,23.76632449,6.587234993,0
21ur-9993,UUUUAGAUCUAUAGUCAGUGG,0,0,1.000687347,0,0
21ur-13852,UUUUCUUCCACAUUCCACACU,0,0,0.375257755,0,0
21ur-5914,UCGAAUACGAAUUUCACAUAA,0,1.658426131,2.751890205,0.239535818,0
21ur-9461,UCUGGAGGCAUUCUCACACAA,0,0,0,0,0
21ur-12022,UUGAAUAAGACAAAUUAGACA,0,1.658426131,5.566323368,0,0
21ur-5700,UGAGUAUAUAUUGAUUGUCCU,12.40805898,135.9909428,575.1450528,94.49688017,1.916735373
21ur-5555,UCAGGAAAGCAUUGCAAUAAA,1.618442476,13.82021776,12.75876368,0.598839545,0.136909669
21ur-6578,UGAUUGACGACCACAUAAUCG,0.539480825,8.844939368,2.626804286,0.119767909,0
21ur-13535,UAGUGAACCGAGUUGGCUGAC,0,0.55280871,1.626116939,0.239535818,0
21ur-10390,UCAUACAGAUUUAUUGGAGGA,0.269740413,1.105617421,0.875601429,0,0
21ur-7544,UUCAAUACAAGCAAGGGAUGA,0,8.844939368,28.01924572,0.958143272,0.136909669
21ur-12125,UUACGCUUGAACCUUAAUUUU,0,0,1.626116939,0.119767909,0
21ur-13865,UUUUCGUUUAAUUUCCGUUGG,0,0,0,0,0
21ur-7745,UUGACCAUAUUUAAUUCCAGG,0.809221238,4.975278394,42.90447001,4.670948449,0