21ur-5491,UUUUGAUGAUGAGGAUGUAUU,25.6253392,1052.547785,224.0288798,34.13385405,0.410729008
21ur-9561,UUUCGGUUCAAAAUUUAAAAC,7.282991141,77.39321947,52.59862868,5.449439857,0
21ur-10748,UAUUAAGAAAAAGGGGAAUUU,0,1.382021776,0.375257755,0,0
21ur-14562,UUACUCCUAAGAUUUUUGUGU,0.674351032,12.71460034,47.28247715,2.994197724,0.136909669
21ur-7024,UAUGAAUAGCGGUUUUUUUCA,0.269740413,4.975278394,3.627491633,0.958143272,0
21ur-14246,UUGAUCCAAGAAUUCCAGUUU,0,4.698874039,0.375257755,0,0
21ur-7376,UGCGUAAUCUCUACAGCAAUU,0,6.080895815,0.375257755,0,0
21ur-13091,UUAAUUCACUGAUUAACUGAA,0,0.737078281,0,0.119767909,0
21ur-9922,UAUGAAACAGUAUUCAAUUUU,0,0,0,0,0.273819339
21ur-14431,UUCAAUUCCAUAUUCACUAAA,0,6.080895815,0.75051551,0,0
21ur-14596,UUAAUUCACUUGAUUUUCAAA,0,0,0,0,0
21ur-13953,UUUGCAUAUCCUAUAAAGCCA,0,3.869660973,3.002062041,0.119767909,0
21ur-10571,UUGCUAUAGCGAAAUCUUUCA,0,10.22696114,1.313402143,0,0
21ur-7269,UAAAGUUACGGUAUGAAAACA,0.269740413,8.844939368,2.126460613,0.718607454,0
21ur-5784,UUGUUUGUUCCUACAACAAAA,12.67779939,602.5614944,49.72165256,5.269787994,0.136909669
21ur-11412,UUGACGACGUGGCUAUCAUGA,0,0.55280871,0.125085918,0,0
21ur-9816,UUAGAUGAGUGUGUCAGUUCA,0.809221238,37.63705971,7.442612144,0,0
21ur-13861,UUUUCUCAUUCCUUUCCCAAA,0,0,0.625429592,0,0
21ur-9226,UUUUGAAGAAAAAGUACAAAU,0,9.950556789,2.626804286,0.479071636,0
21ur-9853,UGCUUAGAAAGGAUUGUUUAU,0,28.46964859,11.57044745,0.718607454,0.068454835
21ur-12649,UUUUCGUACAUUUUCACUGCA,0.269740413,1.658426131,2.189003572,1.018027226,0
21ur-7768,UCAGCAUUGAUCAUGUCAGAG,0.539480825,2.211234842,4.753264899,1.497098862,0
21ur-9576,UUGGUUGGACCACACCCAAAU,2.023053095,58.59772331,64.48179093,1.437214907,0.136909669
21ur-5603,UUCGAUUGUUUGUAUAAUUCC,4.585587014,138.2021776,161.4859206,21.55822361,0.410729008
21ur-10233,UUUCGUAUCGAUUAUUUGUGA,0.404610619,0.55280871,2.126460613,0.718607454,0.068454835
21ur-14280,UUGAAGAAAACCCUGUUAAAA,0,0,0,0,0
21ur-15561,UAAAAAAAUUGAAACGAAAAU,0.269740413,0.55280871,3.377319797,0,0
21ur-14250,UUGAUAUGAGAAAAUCAAAUU,0,0,0,0,0
21ur-7416,UUAGAAACUUGGGGCAGCUUA,0,18.79549616,5.753952246,0.359303727,0
21ur-14784,UGGAGAUUCCCAAUUAAAAAA,0,0,0.125085918,0,0
21ur-6842,UUUCACAUUGUCAGAGAAAAC,0.269740413,6.633704526,8.56838541,2.215706316,0
21ur-11581,UGCCAUCGAUUUUAUAAACUC,0,0,0.125085918,0,0
21ur-10035,UUGUGCUAUUUUUUGCAAGCU,0,4.422469684,2.001374694,0.479071636,0.136909669
21ur-14563,UUACUCCACAAAUUUCUGUUU,0.269740413,3.040447908,6.817182552,0.299419772,0
21ur-13842,UUUUGACAUUAAAUGUUAAAA,0,0.55280871,0,0,0
21ur-13099,UUAAUCCGUUUCUGUAUAACA,0.269740413,1.934830487,1.876288776,0.199613182,0.228182782
21ur-12944,UUCUCGGUGAAAAAUUUGUGU,0,0,0.125085918,0.239535818,0
21ur-14321,UUCUGACGAGUAGAGUUUAGA,0,0,0.875601429,0,0
21ur-15219,UAUUAGGUAGUGAAUUUCACU,0.269740413,1.658426131,0.125085918,0.119767909,0.182546226
21ur-6237,UAAAUUCUGUCUGCUGUCUUG,0.539480825,3.869660973,2.251546531,0.119767909,0
21ur-14185,UUGGUCACACACAACAAAGGC,0,0.276404355,1.250859184,0,0
21ur-12580,AUUGAACAGCAUUGCUCCGUC,0,0,0.125085918,0,0
21ur-10067,UUAUUGGGCUAAACGACUGAG,0.269740413,20.59212447,16.82405602,0.718607454,0
21ur-7483,UUUUUUUUUCGCCAUGUUCUU,8.361952791,140.4134125,235.4116984,14.49191698,0.684548347
21ur-5940,UUUGAAAGAGUUGUUUAUGCA,3.506625364,54.17525363,49.90928144,7.425610355,0
21ur-6571,UUCUUCGGUUUUGAAAUUUUC,5.799418871,46.43593168,81.43093287,25.63033252,0.958367686
21ur-13197,UGGAAAUUAUCAUCUUGAUGU,0,0,0.375257755,0.239535818,0
21ur-6146,UAAGAAAAAGGGGAAUUUUUU,0.269740413,4.698874039,1.250859184,0.479071636,0
21ur-13717,AUGAUGAUAAAAAACACCAAA,0,11.60898292,0.437800714,0,0
21ur-13628,UAAUAAAUAUGAAAGCAUUUU,0,0,0.250171837,0.119767909,0