21ur-117,UGCAUCCUUUGAGAAGAAAAA,0.539480825,1.105617421,8.005498777,0.838375363,0.136909669
21ur-290,UUGAAUUCGAACUCCGCAAGU,0,0.55280871,6.879725511,0.119767909,0
21ur-955,UAAAUGCCACAAACUAUUCAC,0.269740413,16.58426131,3.252233878,0.119767909,0
21ur-2311,UUUCAGCGAUCGAAAGACAAC,0.944091444,0.18426957,14.42657592,3.533153314,0
21ur-4863,UUUUCAGUUGAUUGAUGAUGA,0.404610619,6.357300171,21.32714909,2.036054452,0.479183843
21ur-3050,UUUUCUGAGCAUCAAUCAUCA,1.07896165,1.658426131,13.44673623,0.958143272,0
21ur-4495,UUCGGGCCUUGAGUUUCUUUA,0,2.211234842,0.312714796,0,0
21ur-923,UCUGCAAAUUGUAAUGAAAUG,4.046106189,96.74152434,26.76838654,2.036054452,0.273819339
21ur-2072,UAAUGCUUUUAAGUUUGUCGA,0.269740413,0,1.125773266,1.556982816,0
21ur-3614,UGUGCACGGACUGCGUUUUUC,1.618442476,2.764043552,11.25773266,1.556982816,0
21ur-3776,UAAUGUUUUGAAACACCACAU,0.674351032,0,2.001374694,0,0
21ur-1849,UGCCAUUCAGCAAGUUUUUGU,0,5.528087105,5.378694491,0.838375363,0
21ur-624,UGGUCGAUGACAAUAGAAAUA,23.4674159,305.7032169,200.7003561,7.066306628,0.410729008
21ur-4239,UGACUUAGCAAUUGGUUCAAU,0.539480825,1.658426131,1.751202857,0.239535818,0
21ur-1569,UGUUCGCGUCUGUCGAUAUUC,10.7896165,41.46065329,57.60206542,21.61810757,0.616093513
21ur-589,UGAUCUCCAAUUAAGGAUAAA,5.394808252,106.9684855,62.60550215,5.808743584,0
21ur-3518,UCAAUAACAUUUAAAUGAGAC,30.61553683,752.0962506,1306.14716,62.81826825,0.410729008
21ur-2462,UACGAUGAUGUUUUGUUCAAU,20.50027136,561.1008412,330.8522541,14.01284535,0.273819339
21ur-5139,UCUGUGACUGAUGUUUAAUAU,102.5013568,5293.696212,517.2302725,49.22461058,3.422741737
21ur-4708,UGUCAACGUAUUUUUACACGA,31.82936869,195.1414748,215.8982951,16.76750725,0.821458017
21ur-5121,UAAAUACCUUCACAAUUUCUA,0.269740413,0.55280871,3.752577552,0,0
21ur-5410,UCUUUUUGGAGUGUGGUCAUC,111.6275741,1853.199067,1192.735927,56.47056907,1.711370868
21ur-1469,UACGAGUGGAAAACACAAGCU,0.269740413,3.316852263,10.75738898,0.479071636,0
21ur-902,UCAAAAGCAAUUUUCUCCUAA,0.809221238,8.844939368,5.128522654,0.119767909,0.136909669
21ur-1290,UUAGUUGUCCAUACGUUUCUC,7.282991141,42.56627071,66.6707945,16.88727516,0.136909669
21ur-968,UAACUUUUUACCAUAGAUGUU,1.618442476,26.5348181,8.505842451,2.754661906,0.273819339
21ur-222,UCAUCUUAUCGUGUACAAUCC,3.506625364,16.0314526,40.40275164,15.92913189,0.273819339
21ur-2537,UAAGCUAUGAAAAGAACGGCU,0.269740413,3.869660973,1.250859184,0.119767909,0
21ur-4820,UGCUUAAUGGAAGAUAGGGAA,8.631693204,130.1864513,150.4783598,10.6593439,0.273819339
21ur-2846,UCGAAUCGCCGUCGAAAAUGA,0.269740413,0,5.253608572,0.359303727,0
21ur-2573,UGAGUUUUAGAUAAGUUUGCC,4.046106189,184.0853006,200.1374694,23.35474225,0.547638678
21ur-4355,UAAAAAUACAUCGGAAUCCAA,0,3.869660973,9.131272042,0.598839545,0
21ur-5119,UCUGUGCGUGGUUUUCAAUAU,9.710654854,958.7545736,47.34502011,10.89887971,0.547638678
21ur-2505,UCACUUUACGUUACAAUCAAA,22.11871383,234.943702,200.762899,26.46870788,0.273819339
21ur-1498,UAUAAUGAGAUUUGACUUUGU,0,4.422469684,8.005498777,1.317446999,0
21ur-4247,UUGAUAUGCUUCUGCAAUUGC,0,0,0,0.119767909,0
21ur-1409,UCCUUGAUUAAUUUUCAUUGC,0,0,0.125085918,0,0
21ur-3385,UGUUCACAAAAUUCAUUGAAA,7.552731553,46.43593168,42.90447001,2.874429815,0
21ur-5044,UGAUAUUUCUACACAGAUUGA,0.269740413,0,0.625429592,0.119767909,0
21ur-2867,UUCCUCGAUCUUCUUAUAAAC,2.967144539,82.92130657,227.4061996,27.3669672,0.889912852
21ur-2122,UGACAAUAAUAUUCGUCUGAU,1.348702063,13.82021776,33.89828388,6.946538719,0.410729008
21ur-1868,UACAGGCUGAUAACUCGCAGG,4.585587014,1.105617421,15.51065388,0.718607454,0
21ur-810,UGUGAUUCAUCCAGUUCUUCA,1.07896165,13.82021776,9.631615716,1.19767909,0
21ur-4909,UUAGACAAAAAGGGUAAUGAA,1.348702063,9.950556789,9.256357961,0.359303727,0
21ur-704,UCUGUGCAUUCUUUUUUUGGC,0,10.5033655,3.002062041,1.796518634,0
21ur-4663,UCCAAGCAUGUGUGAUGGCUC,0.269740413,4.560671862,6.629553675,1.077911181,0.068454835
21ur-1643,UGAAAGUGCUGUUGGGCUGAA,4.046106189,40.07863151,52.78625756,0.119767909,0
21ur-3677,UGAACCUAUAUCCGUAUUUAA,0.269740413,4.422469684,5.503780409,0.479071636,0.136909669
21ur-2610,UGUAUUUUUCAAAAACUGCGA,2.427663714,19.90111358,40.02749388,2.515126088,0.136909669
21ur-4490,UCAAUCAUCUUCAAUGUUUCU,0,0.55280871,2.001374694,0.359303727,0