21ur-8262,UUUUCAAAUUAAUUUGACUUA,0.539480825,31.23369214,3.377319797,0.479071636,0
21ur-15306,UAGUUACAAAGCUGAUUUCGA,0,1.105617421,0.500343674,0.239535818,0.068454835
21ur-7606,UAGAUUGAUUUUUUUAUCAUC,2.697404126,75.18198463,12.25842,2.395358179,0
21ur-7330,UGUGUCUUUUCUUUGAAGCAU,0.539480825,13.26740905,1.000687347,0.958143272,0
21ur-8780,UAUGUUCGAUUUUUUAUUUCA,0.809221238,1.105617421,1.876288776,1.19767909,0
21ur-11713,UAGUCUUCAAACGUAUUUAUA,2.967144539,11.60898292,21.26460613,3.47326936,0
21ur-12883,UUGAUUCGACGGAUAGGCGGU,0,0,0.125085918,0,0
21ur-10276,UUCGGGCAGAUCCAUUUUUCU,0.539480825,2.764043552,15.38556796,2.095938407,0
21ur-8377,UGAACCUCGGUUAUUAUUUUU,0.539480825,8.292130657,13.88453694,1.556982816,0.136909669
21ur-11136,UCUUCAGCAUAUGGAUCAAAA,0.269740413,0,0.75051551,0,0
21ur-7894,UUAUUUUGUGUGUUUUUGAAG,6.743510315,198.8729336,75.55189471,8.583366808,0.342274174
21ur-8442,UUCAUGCAAAAAAAAUAGCUC,2.427663714,5.528087105,9.881787553,2.575010043,0
21ur-8281,UUAUGUGUUGAGAAAUAACAA,0,5.80449146,1.250859184,0.119767909,0
21ur-6106,UUUAAAUGGGCAGAAAAAAGU,1.618442476,105.033655,122.3965711,3.47326936,0
21ur-9227,UUUUCUGAUUUCUCUUAACUU,0,0.55280871,0.500343674,0,0.136909669
21ur-10870,UUUGUGUGUUUUUGAAGAAUA,0.674351032,3.040447908,2.751890205,0.139729227,0.136909669
21ur-11971,UUGUGUUUAUUUAAAACAAUU,0.269740413,1.658426131,1.501031021,0.239535818,0
21ur-8797,UAAAAAUCGCCCUUCGUUUUG,0.269740413,1.105617421,24.89209776,1.556982816,0
21ur-5604,UUUGGAUUUGUUGUUAACAUU,0,3.316852263,2.251546531,0.598839545,0
21ur-6815,UUACAUCUGAUUUUGAAUGAU,4.855327427,23.77077455,9.381443879,6.946538719,0
21ur-14809,UGCUAUGGAAAGGACAUCAUU,0,0,0.375257755,0,0
21ur-13427,UCAAUUUGUAACUGUUUUCUC,0,0,1.501031021,0.598839545,0
21ur-6255,UGAAGUUCUUCGCUGAGUUUU,0.809221238,16.0314526,11.50790449,1.317446999,0
21ur-15175,UAUUUAUUAUGCCGUUGUCCG,0,6.541569741,6.316838879,0,0
21ur-11420,UUCUUUGCGACAAGAAUUGUG,0,0,0.75051551,0.059883954,0
21ur-5676,UGAGAGCACAUUUUAGAAAAA,16.99364599,446.1166294,61.2087094,18.20472216,0.273819339
21ur-13582,UACCGACAUAUCAACGGAAAG,0.269740413,2.764043552,2.001374694,0.239535818,0
21ur-6116,UUUGAUAAAAAGAAAAAAAUU,37.17922021,41.18424893,9.193815002,31.85826378,0
21ur-8782,UAUGAGAAAACAAAUAAUUGA,1.348702063,3.316852263,7.254983267,2.994197724,0.273819339
21ur-8888,UCGAGAUCCGUUUUGAAAUUA,0,1.658426131,3.377319797,2.27559027,0
21ur-11649,UCCAAUAUUGUAGUAAAGUUG,0,0,0.250171837,0,0
21ur-6480,UAAUUUUGCACGGUUUCUGGU,0.269740413,0.55280871,7.00481143,2.515126088,0
21ur-5963,UUGGAGCAUGAUCAAAUAGAA,0,5.389884927,6.504467756,0.598839545,0
21ur-13132,UGUUGAAAAAUUAUAUUACUU,0,22.66515713,5.378694491,0,0.273819339
21ur-13525,UAUAAUUUUCAGAAAUUUUAG,0,0.18426957,0,0.359303727,0
21ur-10259,UUGCACAUUAUGAAAAGUUAG,0.269740413,4.975278394,12.63367776,1.796518634,0
21ur-6158,UUUUCAACUAUAAAACCAAGC,0,9.950556789,18.51271592,0.479071636,0.136909669
21ur-8811,UUUGAUCACUAUUUUGGCAUA,0.809221238,3.869660973,2.376632449,0.479071636,0
21ur-6063,UCAUGCAAAAAAAAUAGCUCG,0.539480825,0.55280871,1.626116939,0.898259317,0
21ur-9828,UGUUUAGGCAUUGAAUAUUUU,0,0,0.375257755,0.119767909,0
21ur-13925,UUUGGUUUUUUCACGACUAGU,0,0,0,0,0
21ur-9222,UUUUUCAAAUUGAACUUCCAG,0.269740413,0.55280871,35.64948674,0.479071636,0
21ur-9815,UUAUAUACUUUAAAAAAGAAA,0,20.45392229,5.628866328,0.239535818,0
21ur-8222,UGCUCCAAUAAUUUCAACUAU,0,10.5033655,6.504467756,0.598839545,0
21ur-14217,UUGCCGUCAAGCUUUCUUUUG,0.359653883,1.658426131,4.315464184,0.059883954,0
21ur-12320,UCUAUCCAAGAUCUGCGUGUC,0,0,0.375257755,0.119767909,0
21ur-3971,UGCACUUAUUGAAUCGACUGA,0,2.764043552,2.251546531,0.479071636,0
21ur-5238,UAGUUUCCCCGUAAUCGGAAU,0,1.658426131,1.000687347,0.119767909,0
21ur-11953,UUUACGGGAAACUUUUUUUGG,0,0,0.125085918,0,0.027381934
21ur-13949,UUUGCCUUUAACCUCCUUCAG,0,0,0.312714796,0,0