21ur-14161,UUGUCACUUCCUUUCAAAUUU,0,0,0.75051551,0.239535818,0
21ur-9021,UCUUGGAACAGUAGGACUCAU,0,0.55280871,0.75051551,0,0
21ur-7695,UGUAUUAUCUUUAUCAAAUUA,0.809221238,3.869660973,5.628866328,0.359303727,0
21ur-9895,UCCUCAUCCAUACACGAGGCA,0.269740413,1.105617421,0.250171837,0.239535818,0
21ur-12502,UAAUGUUGUAAUAGCUACUCG,0,0,0,0,0
21ur-9753,UUUGGUAGCCAUUCUUGAAAA,2.967144539,33.16852263,11.44536153,0.658723499,0.136909669
21ur-10945,UUGAUUCUGUGCUAUUGAUUU,0,11.33257857,12.63367776,0.239535818,0
21ur-10305,UUAGAUCAUUUGGGAUAUUGA,0,0,2.251546531,1.077911181,0.273819339
21ur-7278,UUUACGGUAGAUUGCAAAAAA,0.269740413,13.26740905,9.256357961,1.796518634,0.136909669
21ur-10599,UUCAUCACUUCCUUCUCCACC,0,2.211234842,0.875601429,0,0
21ur-11656,UCAUAUCAAUUCUGCUACUAC,0,1.105617421,0.75051551,0.119767909,0
21ur-11229,UACCUUGACAAGAGCCAUGAC,0,0,2.376632449,0,0
21ur-12672,UUUUAGCCAGGUAUUCAUAUC,0,5.528087105,5.378694491,0.239535818,0
21ur-8472,UCAGCCGAAUUCAACAACUUG,0,0,1.626116939,0,0
21ur-14323,UUCUCUUCAAAUCCUUAAUAC,0,0.55280871,2.376632449,0.239535818,0
21ur-8847,UUAUGUGUUGCAUUCCGAAAC,0.539480825,3.316852263,9.506529798,0.359303727,0
21ur-12407,UAUUCAUAGCAAAAUGUUGAA,0,0,0.75051551,0,0
21ur-7005,UAGUGAUAUCUUAUUACUAAA,0,3.869660973,0.625429592,0.119767909,0
21ur-15570,GUCACUUUAUUUAUGGGGUAC,0,0,0,0,0
21ur-7783,UUUGAAGGAUAUAGGGCAUUU,0,1.658426131,4.878350817,0.119767909,0
21ur-13403,UCAUUCAGUUUUGAACAGCGG,0,0,0.625429592,0.838375363,0
21ur-11627,UCUAACAGUUUUCUUUGGAUU,0,1.105617421,0.375257755,0,0
21ur-13642,UAAGACGUUAAUUUUUUGUUA,0.269740413,0,1.751202857,0.119767909,0
21ur-10163,UAGCCAUUCUUGAAAAUUUUU,2.427663714,43.11907942,28.45704643,1.317446999,0
21ur-10348,UGCACAUAAGUUCUUGGAUUU,0,0,0.125085918,0,0
21ur-10146,UAUUAAUGUUGUAAUAGCUAC,0,0.55280871,0.375257755,0.119767909,0
21ur-9328,UAUUCCUUUUGCUGACAAGUG,0,0.55280871,0.75051551,0.479071636,0
21ur-6836,UAAAAAAAUGAUGGAACUACG,0,1.382021776,0.125085918,0.119767909,0
21ur-7653,UGCGAAUCCUUUUCCUUUCUU,0,0.55280871,1.626116939,0,0
21ur-15284,UAUAAUUGAAAAGUUCUUAAC,0,0,2.501718368,0,0
21ur-7259,UGAUCUAAUGGCCGUUGCAAA,0.809221238,29.85167037,11.13264674,1.676750725,0
21ur-13559,UAGACUGAACCUUUAACACUG,0,0,0.375257755,0.179651863,0
21ur-13959,UUUGAUUCUGUGCUAUUGAUU,0.269740413,7.462917592,9.256357961,0.718607454,0
21ur-6160,UUGCACAUAAGUUCUUGGAUU,0.269740413,0,2.251546531,0.718607454,0
21ur-8397,UAGUCAGAAAGCUAUCGGUAU,0.269740413,0,3.377319797,0.119767909,0
21ur-9486,UCAAAUCAGAUAAUAAAUGAA,0.539480825,0,2.626804286,0.239535818,0
21ur-7583,UUUAAUCUCUAAUUGCGUUUC,0,1.658426131,9.006186124,0.598839545,0
21ur-14598,UUAAUGUUGUAAUAGCUACUC,0,0,0,0,0
21ur-7828,UAAAAAGCGUUCUUUACAGAG,0.809221238,13.26740905,31.77182327,0.718607454,0
21ur-10767,UAGUUUAUGUAGUCGAAUUAU,0,2.764043552,1.501031021,0.239535818,0
21ur-12379,UAUUUUGUAAAUUCGUAGCUU,0,0,2.126460613,0.239535818,0
21ur-15617,CGCUGCUUCAGAGCUACUGAA,0,0,0,0.119767909,0
21ur-6565,UGGUAAACUUUCAUUCAAUUU,0.269740413,11.60898292,4.753264899,0.119767909,0
21ur-7455,UUCUAACAGUUUUCUUUGGAU,0,4.975278394,2.126460613,1.796518634,0
21ur-6877,UUUUGAAUGGAUUUGUGUCUU,2.697404126,45.88312297,46.65704756,9.22212899,0.136909669
21ur-15372,UACGGUAGUUUUUAUGGGGAA,0,0,0.250171837,0.119767909,0
21ur-13066,UUAGACUGAACCUUUAACACU,0,0,0.375257755,0.179651863,0
21ur-8342,UUUCACAAUGUUUAUUGAUAA,0.269740413,9.397748078,2.626804286,0.239535818,0
21ur-10325,UGUUCUGAUAGGUAACGUGUA,0,0,0,0.239535818,0
21ur-5766,UUGUUCCAUCCGGUUUAAACA,9.710654854,89.5550111,68.29691144,12.69539835,0.136909669