21ur-2181,UAAAUGUCAUAUCUUGUGGUG,0,1.105617421,0.625429592,0.119767909,0
21ur-5163,UGCAUCCAUCAUCUACGGUUG,0,1.658426131,0.250171837,0,0.273819339
21ur-1098,UGUCCUUUUGAUAUGAUGACU,0.539480825,4.146065329,2.939519082,0.479071636,0
21ur-2670,UAAAAAAACAGUAGCCAAGAA,0.269740413,18.24268745,12.88384959,0.479071636,0
21ur-3561,UGGAACCACAUUAAUAAUGCA,4.315846602,257.0560504,78.42887083,6.587234993,0
21ur-3982,UAUAUGUAUGACAUCGAGUGU,0.269740413,2.211234842,9.006186124,0.718607454,0
21ur-2715,UAAAGAUCAAAAGCACAUAUU,0.269740413,2.211234842,11.88316225,0.718607454,0.273819339
21ur-3968,UGGUCUGAAAGUGAGUAAACA,10.25013568,202.327988,24.26666817,0.718607454,0.136909669
21ur-2588,UAUGACCGCAGUCUCUUUUUU,0.269740413,0,0.75051551,0,0
21ur-278,UGUCCUGCUCUUUUUAUUUCC,1.348702063,98.39995047,5.879038164,0.359303727,0
21ur-3160,UACAAAUCCAUUUGAUCAUUG,1.618442476,11.05617421,28.89484715,6.347699175,0.410729008
21ur-1334,UGCAACUGCUCUUUUUCCAUC,0,2.764043552,9.756701634,0.119767909,0
21ur-2507,UUUGGUUUUUAUUUAACAUAA,6.473769903,319.799839,76.86529685,4.55118054,0
21ur-4625,UAGAGUCCAGUUGAUGUCCAU,25.08585837,356.5616183,430.1704733,23.95358179,0.753003182
21ur-5260,UCGUUUCCAAUAAAUCGUUAA,3.776365777,37.31458796,58.22749501,17.48611471,0.136909669
21ur-2754,UCGUUGAUUUUUGGAUAUAGG,0.539480825,5.528087105,13.38419327,1.916286543,0
21ur-5517,UGUGAAUACAAUAUAUAAAAA,0.539480825,33.72133134,4.127835307,0,0
21ur-11701,UAUGUAUGACAUCGAGUGUGG,0,0,0,0,0
21ur-10649,UGUCUUUACAAAAAAUAAUUG,0.269740413,4.975278394,4.252921225,0.359303727,0.136909669
21ur-10903,UUUCAAUGAAGUUGAAUUUAA,2.697404126,41.46065329,5.879038164,1.497098862,0.068454835
21ur-5470,CGAAAAAAAAAUUACUAAUUU,0,12.71460034,6.004124083,0.119767909,0.273819339
21ur-11660,UCAGUGAAAUGAAGGCAUACA,0,1.934830487,0,0,0
21ur-10600,UUCAUAGGGUAACCGAUUUUC,0,0,3.377319797,0.119767909,0
21ur-5535,UUUUCUUAUAACGCUGUUGCU,6.608640109,85.13254142,283.0694333,42.39783977,0.547638678
21ur-6845,UUCGUUUGUGGCACUAGGAUC,0.899134709,36.48537489,36.08728746,3.593037269,0
21ur-11194,UAUGCCUAUUUCGCCAUUGGU,0,0,0.500343674,0.119767909,0
21ur-6019,UCGUUUGUGGCACUAGGAUCU,3.461668629,129.3572383,93.00138032,9.341896899,0
21ur-13064,UUAGAGUCCAGUUGAUGUCCA,0.539480825,13.82021776,8.005498777,1.19767909,0.205364504
21ur-10273,UUCGUUUCCAAUAAAUCGUUA,0,0.829213066,0.312714796,0.119767909,0
21ur-11222,UAGAACAUUUUUUUAAAAUAU,0,2.625841375,1.876288776,0,0
21ur-13228,UGAUUUUUGGAUAUAGGAAAU,0,5.528087105,1.876288776,0.119767909,0
21ur-15409,UAAUUUUCUUAUAACGCUGUU,0.404610619,0,4.753264899,0.838375363,0
21ur-14359,UUCCUUCCAUUAUUUUCGCUG,0,0,0,0,0
21ur-14235,UUGAUUCCUUCCAUUAUUUUC,0,4.422469684,0.625429592,0.359303727,0
21ur-7517,UAGAGAAGUGUUUUGAAAUGC,0,2.764043552,3.752577552,0.479071636,0
21ur-11684,UAUUCGUUUCCAAUAAAUCGU,0,0,0,0,0
21ur-15671,AGCUUACCUGUAAUGACCCAC,0,0.55280871,0,0,0
21ur-10542,UUUCAUUACCUUACAUUAGCC,0.269740413,1.658426131,2.876976123,0.359303727,0
21ur-7740,UUGUGUCGUUAAACGUAAUCU,0.539480825,2.211234842,5.753952246,1.916286543,0
21ur-13624,UAAUACUUGAAGAAAACAAGA,0.269740413,0,1.125773266,0.239535818,0
21ur-11223,UACUUGAAGAAAACAAGAUUU,0,0,0.125085918,0,0
21ur-10309,UUACCAAAAAUAUUUAAUUGA,0,5.528087105,4.002749388,0.718607454,0.136909669
21ur-5665,UUUGUACGGUGCAUUAUGUAU,41.80976396,1932.619252,619.0502101,24.0733497,0.273819339
21ur-14435,UUCAAUGAAGUUGAAUUUAAU,0.539480825,7.739321947,0.250171837,0.059883954,0.068454835
21ur-10922,UUGUGGCACUAGGAUCUUGAA,0.224783677,2.211234842,0,0.119767909,0
21ur-8771,UCAGAGAAGCAUCCUGAAAAA,0,1.658426131,0,0,0
21ur-10097,UGCUUUCUGAUUUUUUUUUUG,1.348702063,19.1640353,3.752577552,3.113965633,0
21ur-6630,UUGUCCUUUUGAUAUGAUGAC,1.618442476,19.07190051,29.20756194,2.874429815,0
21ur-14177,UUGGUUUUUAUUUAACAUAAA,0.539480825,6.357300171,0.938144388,0,0
21ur-12542,UAAAUACUUAAAAAAAAAUUU,0.269740413,2.764043552,2.626804286,0,0