21ur-8600,UUUUUUGGCUGGCCUAACCAU,0,2.211234842,0.625429592,0,0
21ur-15016,UCGCGACCAAUUUGAUGGAUG,0,0,0,0,0
21ur-10563,UUGUUCCAUAUAUUACCAGAA,0,2.764043552,2.439175409,0.119767909,0
21ur-9896,UCCGAAUUUUAGAUGAAAAAC,0,0.55280871,3.377319797,0.239535818,0
21ur-14074,UUUAUUCCAUCUUUUAUUCAA,0,0,0,0,0
21ur-6071,UUCUUUGUAGUUUUCUUAGAA,15.10546311,496.422222,60.91684226,39.28387414,0
21ur-9774,UUGUGUAUUUGCAUAAACUGC,0,0,0.250171837,0,0
21ur-10413,UAUUGGGAAUAAUAAAUAGUC,0,1.289886991,0.083390612,0,0
21ur-10168,UACUGACAAAAAAAAAAUAAA,0.539480825,8.844939368,2.876976123,0,0
21ur-6476,UAUGACGAACAAUUCAACUCU,0.269740413,2.211234842,12.13333408,0.359303727,0
21ur-6150,UGAACCCGAGUAAACUCAAAU,0,3.316852263,10.75738898,0.119767909,0
21ur-13926,UUUGGUUUACCUUUGGUUGUU,0.269740413,1.658426131,10.00687347,0.958143272,0.136909669
21ur-6979,UACCUCUCUGAUGUUUUCAUU,0,4.975278394,18.26254408,0.119767909,0
21ur-14931,UCUUUUAAUGUCACGCUGAAG,0.269740413,2.764043552,3.752577552,0.958143272,0
21ur-15678,ACAGGAAGAAAUGGCACUACU,0,1.658426131,0,0,0
21ur-5677,UCUGGCUAAUGAAAAAAAUGU,0,3.869660973,1.000687347,0,0
21ur-8034,UAUGUAUUACAUAUUAUGAUC,0,9.397748078,0,0.239535818,0
21ur-6488,UUUCCAGAAACUAUUGAAGCA,0.809221238,6.633704526,4.252921225,1.19767909,0
21ur-7251,UUGCGCAAUUGUUCUUAAAAA,2.967144539,48.64716652,28.76976123,10.06050435,0
21ur-8763,UCUUACGUUUGCUCUGAAAUU,0.269740413,1.658426131,5.753952246,1.556982816,0.136909669
21ur-11708,UAGUUUAACUUUGAGUUUGAA,0,0.55280871,1.250859184,0.359303727,0
21ur-12283,UGACUCUGUAACGUCGCAUUU,0,0,0.125085918,0,0
21ur-10936,UUGGGAAUAAUAAAUAGUCUA,1.07896165,9.305613293,3.648339286,0.479071636,0
21ur-6735,UCUUGACAUUGUCAGAUAAUC,0.269740413,2.211234842,11.88316225,0.239535818,0
21ur-9889,UCGUAACUUACUAUUCAUUUU,0,0.55280871,1.125773266,0,0
21ur-12686,UUUGUUCCAUAUAUUACCAGA,0,0,0.187628878,0,0
21ur-10107,UGAUCUUGACAUUGUCAGAUA,0,0,0.625429592,0,0
21ur-11286,CAAAUAAUCUCUCGUUCAUUA,0,0,0,0,0
21ur-5916,GGACACUUUAAGAUUUCUAAA,0,2.764043552,1.000687347,0.718607454,0.136909669
21ur-15334,UAGCAUCCGAAGAAAAUUUAA,0,0,0,0,0
21ur-9464,UCUCAUUUGUUCUUCUUCUAA,0,2.764043552,1.751202857,0.239535818,0
21ur-7573,UAGUAACGUUUUUCUAUAAAA,1.348702063,11.05617421,4.252921225,0.119767909,0
21ur-13922,UUUGUAUCAAAUUACCCACAU,0,0,0.125085918,0,0
21ur-6075,UCUGAUGAUAGUUUGAAUAGA,0.269740413,24.59998762,9.256357961,3.47326936,0
21ur-15412,UAAUUUGCCAAUAUAAAAAUC,0,12.16179163,4.252921225,0.119767909,0
21ur-10773,UAGAUCGGUAUAUAUAUAGGU,0.539480825,1.105617421,11.88316225,0.479071636,0
21ur-11704,UAUAGAUCCAUCAAUUUCAAA,0.269740413,0,0.500343674,0,0
21ur-14953,UCUGUUUGAUUUGAUUCUGGC,0.269740413,0,0.687972551,0.359303727,0
21ur-7977,UAGACUUUGUUUCCAGUUUAA,1.07896165,11.60898292,10.38213123,0.718607454,0
21ur-8554,UGCACAAUUGAUGAAGGUGCU,0,0,0,0,0
21ur-12008,UUGAUGAUGCCUUGGUACUUC,0,0,0,0,0
21ur-7280,UUUAAAGCAGCAUUUUGAAAA,1.07896165,17.96628309,11.75807633,4.01222495,0
21ur-13512,UAUGAUUUUCAGUUUAUUCUC,0.269740413,0,1.000687347,1.077911181,0
21ur-13119,UGUUUUAUUCCAUCUUUUAUU,0.539480825,1.658426131,2.876976123,0,0
21ur-15430,UAAUGGAAGAUUAAUUUUCUA,0,1.105617421,0.125085918,0,0
21ur-14111,UUUAAUGUCACGCUGAAGUAA,0,0,1.375945102,0,0
21ur-12765,UUUCAGACAUAAAGCUGAAAA,0,0,0,0,0
21ur-13915,UUUGUUAGACUGGUGACUGCU,0,0,0,0,0
21ur-12834,UUGUACUUCUCCUUAUCAGAG,0,0,0.312714796,0,0
21ur-8340,UUUGCAAACCACCACAACAUU,0.674351032,5.528087105,33.58556909,0.179651863,0