21ur-5716,CUCAACAUCAAAACUUAAUCA,0.809221238,7.186513236,63.9189043,1.676750725,0.273819339
21ur-13544,AGUAAUGGUCGACAAUAAAAG,0.269740413,0,2.001374694,0,0.136909669
21ur-6758,UUUUUGAAUUUCUCGGUGCUG,0,0.55280871,4.378007144,0.718607454,0
21ur-11228,ACGAUACCAGCAAAUGCGUUU,0,0,1.000687347,0.119767909,0
21ur-8165,AUCAGAGGCUUUUAUUAUCAA,0,2.211234842,6.25429592,0.119767909,0
21ur-13546,CUAGCUCGGAUUUUAAAAUCA,0,0,0.375257755,0,0
21ur-11042,UUUAACAAGAUGCUUUUUUAA,0.809221238,44.22469684,16.63642715,2.994197724,0
21ur-12530,UUAACCGUUUCAUCUUAUUUA,0.809221238,2.211234842,20.76426245,2.694777951,0.273819339
21ur-14583,GUUACAACAGAGUCACAAAAA,0.269740413,1.382021776,1.876288776,0.179651863,0
21ur-13777,GUUUUUGAAUUUCUCGGUGCU,0,0,0,0,0
21ur-7289,UUUAAUGUUCAUUUUUAAGCG,0.809221238,9.397748078,24.57938296,5.030252176,0
21ur-9014,GAUUACUUGAAGUAAGAUUCA,0.539480825,1.658426131,2.251546531,0.359303727,0
21ur-4358,UCUAUUUCUGGUUAAUGCGCA,28.59248374,362.3661097,193.2577439,115.4562642,0.410729008
21ur-341,UAAAAUAUGCGUUACAAUUUA,5.12506784,135.4381341,218.9003572,12.69539835,0.547638678
21ur-1580,UAACUCUGUCCUUCAUUUUAA,1.07896165,77.94602818,17.51202857,1.556982816,0
21ur-155,UUGAAGAAACAUAAGACAAAA,1.348702063,9.950556789,9.694158675,1.19767909,0
21ur-3032,UCUGAUCGGUUUGUUCUUUUU,6.20402949,33.9977357,34.14845572,26.10940415,0
21ur-1067,UAAUUCAAAUUCAUAUCGAAA,4.585587014,77.39321947,86.93471328,3.47326936,0.136909669
21ur-894,UGUCUAUGAAAACUACAUUAC,0,0,0,0,0
21ur-869,UACAACUUUCAUUUUAUUUUA,5.799418871,54.72806234,70.92371573,26.34893997,0.547638678
21ur-631,UUGGACUUCAAUAUUCGUUCU,2.967144539,39.80222716,21.01443429,5.629091721,0.136909669
21ur-1591,UGCGAUUGAUGACAUUGCAUG,0.539480825,21.006731,11.88316225,5.150020085,0
21ur-4,UAGAAGCUUUUUUUGGGUUUA,0.809221238,11.60898292,4.190378266,2.395358179,0.136909669
21ur-1266,UAUGCGUAUCCAUGUGUAUUG,0,0,0.250171837,0.119767909,0.410729008
21ur-4681,UGAAUUGUUUGUACAAUCGUA,0.539480825,7.739321947,3.87766347,6.227931266,0
21ur-4142,UAGCUAUUCGUAGCAGCAAAA,0.809221238,1.105617421,2.751890205,0.838375363,0
21ur-1785,UCAGGAAAUAAAAUUAUAUUC,0,11.05617421,2.376632449,0.239535818,0
21ur-4944,UACUCUUGCUUUUGCAGAUGU,0.539480825,1.658426131,0.375257755,0,0
21ur-2422,UAAGUCUUUGAUGGUCAUUUC,19.69105012,146.2179039,438.8639447,46.1705289,0.273819339
21ur-3629,UAUGUCACCUGUAUAGCUACC,0.269740413,1.658426131,22.14020756,0.598839545,0
21ur-2756,UACAGCUGUUUUAGUUGGUUU,1.07896165,10.5033655,18.51271592,7.545378264,0.273819339
21ur-1564,UCCUGAUCCUUUAAUAUAUGC,0.269740413,38.69660973,23.76632449,3.353501451,0.273819339
21ur-5259,UCCAAUUGCUAUAUAAUUUCC,1.888182888,107.5212942,73.36289114,12.33609462,0
21ur-2117,UGAAUUAUUGAUUUGGUGAUC,9.171174029,98.95275918,24.01649633,11.25818344,0.273819339
21ur-2598,UGCAAAAUCAGUUAUGUAUUU,0.269740413,18.79549616,7.880412859,2.754661906,0
21ur-4917,UAAUAAGCAAACCCAAUAUUA,2.427663714,106.1392724,54.28728858,3.952340996,0.136909669
21ur-3273,UGGGUCCUUUCUCAAAGCUGA,2.427663714,294.094234,1.751202857,15.33029235,0
21ur-429,UCAACGGAUCAAUUUAGUUAA,0.269740413,6.080895815,5.503780409,0.598839545,0
21ur-1676,UGUUUGCAGCAUUCGGACAGA,2.697404126,4.975278394,110.7635807,12.57563044,0.136909669
21ur-5273,UUGACGCAAUCCUUAAAAUCA,15.37520352,182.4268745,185.3773311,20.36054452,1.232187025
21ur-3242,UAAGUUUGAAAGAUUUGAAGG,5.664548665,62.74378864,124.7106606,21.79775943,0.410729008
21ur-3172,UCUCAACCAAUCCUAAUUUUU,1.348702063,14.92583518,28.2068746,2.515126088,0.136909669
21ur-1930,UAGGAAAACUUAUAGGAAAAA,9.710654854,244.6178544,223.4659932,7.425610355,0
21ur-3087,UACGAUGAGUGACUUCACAUA,1.07896165,43.39548377,7.817869899,0.479071636,0.068454835
21ur-1800,UUUUGCAGUUGCUGGAAAUGG,4.315846602,55.28087105,135.8433074,30.30128097,0.547638678
21ur-3655,UCACUUUGUUGUUGUUGUAUA,1.618442476,17.68987874,13.13402143,3.952340996,0
21ur-4776,UGAUAGGUUUUUUGAGUUCUA,13.62189084,194.5886661,79.74227297,27.18731533,0.136909669
21ur-4019,UAUGUAUAAUAAGUAGUCUUA,0,0,3.87766347,0,0.136909669
21ur-574,UUUUCAGCCAGUUGUUGUACA,6.743510315,44.77750555,431.8278618,11.25818344,0.136909669
21ur-2749,UCGCAGUUUGGAUCUUUUAUC,2.157923301,17.68987874,11.75807633,4.55118054,0