21ur-9210,CAAAAAAUUUAUCUGACCAAA,0,0,0.250171837,0.119767909,0
21ur-5872,UAAUAGCAGAGAUAGAGUAAA,1.07896165,3.869660973,11.50790449,1.077911181,0
21ur-12908,UUGAAUUAGUUGUUAUUGUUG,0.269740413,27.64043552,23.20343786,2.694777951,0.205364504
21ur-9250,UUUAAAACUCCGAAACAAAUG,0,0,5.691409287,0.059883954,0
21ur-11289,UUUUUUUCAAACAAGUUUGAC,0,0,0.500343674,0,0
21ur-13980,UUUGAAACGGAAACUUAUUCA,0,1.658426131,0.250171837,0.119767909,0
21ur-13729,AGCACUGAUCCGGUUAAACCC,0.269740413,0.55280871,0.250171837,0.119767909,0.251001061
21ur-14600,UUAAUGGACUGCUAAAUUGUU,0,0.276404355,0.437800714,0,0
21ur-6252,UUUCUCGACUAAUCUACGACC,0.539480825,2.211234842,6.25429592,5.988395448,0.136909669
21ur-13763,UUUUUUCAAGAUAUUACUAUG,0.269740413,5.528087105,3.502405715,0.958143272,0
21ur-7721,UAUAAAUAAUGGUGUAGAUCA,3.776365777,37.86739667,33.27285429,6.108163357,0.273819339
21ur-8441,UUCAUUAGGAUGAUGGUUUUU,0.404610619,12.9910047,4.127835307,0.718607454,0
21ur-12024,UUGAAGCACUGAUCCGGUUAA,0.809221238,4.698874039,4.378007144,1.018027226,0.045636556
21ur-12819,UUGUUGAUUGUCGUUUUCAAG,0.674351032,0,0.875601429,0.598839545,0.068454835
21ur-13909,UUUGUUUUUUACAGAUUGAGU,0,0,0.375257755,0.119767909,0
21ur-10910,UUUACUUCGUCUUGGAAAAAA,0,0,0.125085918,0,0
21ur-13914,UUUGUUAUUACGCAUUGUGAU,0,0,0,0,0
21ur-12210,UGUAGUGAGUACUAUUGAAGA,0.269740413,0,0.625429592,0.179651863,0
21ur-9538,AGUCAUAGAAAUUGAACUCUC,0,1.105617421,0.125085918,0,0.136909669
21ur-12486,UACGCAUUGUGAUUUUCGAAA,0,0,1.000687347,0,0
21ur-14732,UGUACUUCUCCGUCAGAAAGU,0,0,0.250171837,0,0
21ur-8390,UAUUAUUUUUCACGCAGGUUU,0.269740413,6.080895815,25.1422696,3.593037269,0.205364504
21ur-9638,UGCACACCUUUAUCUCAUUUU,0,0,0.375257755,0.119767909,0
21ur-6881,UUGAUCUGAUAGAAUGUCAUC,0,1.658426131,0.875601429,0.119767909,0
21ur-8244,UAUAAGUUCAACUGCACAUCG,0.269740413,0,6.25429592,0.718607454,0
21ur-8891,UCCCAAACUAUUUGCAAACUU,0.269740413,2.764043552,2.126460613,0.119767909,0
21ur-7696,UGUAAUGUAAAUACGACUAUC,0,6.080895815,6.629553675,0.239535818,0.136909669
21ur-9445,UGUUCAGCAUUUAAAACUCCU,0.269740413,0,3.377319797,0,0.136909669
21ur-15455,UAAUAGCUAUUAAAGCAUAUA,0,0,0.125085918,0,0
21ur-7002,UCAGCAUUUAAAACUCCUUGC,0,0,0.875601429,0,0
21ur-15235,UAUUAAUAGCAGAGAUAGAGU,0,0,0,0,0
21ur-11980,UUGUAAGGUUGCUCUAGAAAU,0.134870206,14.92583518,20.63917653,0.598839545,0
21ur-13148,UGUGCAAGGACCCGGCAGAUG,0,0,0.375257755,0,0
21ur-10757,UAUAUUUUGAUCAUUUAGUAC,1.888182888,43.11907942,31.14639368,4.910484267,0.136909669
21ur-11013,UUAUCAAGGUAUUGAAAUGGC,0.269740413,2.764043552,13.88453694,1.437214907,0.136909669
21ur-6306,UUGCAAAUCCAAAAAUCGAAA,3.236884951,70.75951494,52.59862868,5.20990404,0
21ur-11586,UGCAAAUCCAAAAAUCGAAAA,1.07896165,11.05617421,8.068041736,0.778491408,0
21ur-13448,UAUUUUUCACGCAGGUUUUUU,1.348702063,16.0314526,13.6343651,7.066306628,0.205364504
21ur-10549,UUUAUUCAAAAUUUACUGCAU,0.539480825,2.764043552,5.628866328,0.718607454,0
21ur-15503,UAAAUUUUUAUUCCAAAUUGC,0.269740413,59.42693638,11.25773266,6.82677081,0
21ur-8415,UUUUUACGUUCUCUGGUUGAA,0,0.55280871,3.439862756,0.299419772,0
21ur-12150,UUAAAAAUAUAACUGUUUCAA,0.809221238,9.397748078,12.00824817,0.838375363,0.136909669
21ur-8647,UUAAAAAUCAUUUUUCAUGGC,0,2.211234842,2.751890205,0.359303727,0
21ur-11781,UAAAAUAGGAUUUAUUUUUCA,0,5.528087105,1.375945102,0,0
21ur-11817,UUUUUUACGGUUACUAGAAAC,0,4.422469684,0.875601429,0.119767909,0
21ur-14909,UGAACUGGUGGUCCAGGUAUU,0,0,0,0,0
21ur-13012,UUCAAAUUGCAGGGUCACGGA,0,0,0,0,0
21ur-14151,UUGUGCUUGCUGAUUAUCAAA,0,1.658426131,1.125773266,0,0
21ur-12105,UUAUGAAAAAGGCCUGCGCUU,0,0,0,0,0
21ur-12297,UGAAAAUGCGGCAACAAGAAA,0,0,0,0,0