21ur-8792,UACACAUCGUGAAAUAAAUUU,0.539480825,11.60898292,21.63986388,2.754661906,0.136909669
21ur-11773,UAACAGCUAUAAAUAUUUUAG,0,0.55280871,0.250171837,0,0
21ur-8918,UAAUUGAUUUUAUGGUUGAAU,1.618442476,35.93256618,38.27629103,3.952340996,0
21ur-9127,UUACUUACUGUAUGAAUCAUU,0.269740413,0,0.500343674,0.239535818,0
21ur-14872,UGAGUCCGUGGGUGGAAUCUA,0,0,0,0,0
21ur-15659,AUUCCCUAAGCGCCGUGGACU,0,0,0,0,0
21ur-11644,UCCCAUCUGAAAUUUCAAGAA,0,0,0.375257755,0,0
21ur-14371,UUCCGAGUCGAAAUGUUUUCC,0,0,0.250171837,0,0
21ur-15050,UCCGAGUCGAAAUGUUUUCCA,0,0,0.625429592,0.119767909,0
21ur-12917,UUGAACAACGUCUCUGGCAAU,0,0,0.375257755,0,0
21ur-12540,UAAAUGGAUUAUCAAAAAAUU,0.539480825,1.105617421,3.87766347,0.718607454,0
21ur-4731,UAAUAAACGAACCUUGGUGAU,1.978096359,25.15279633,48.22062154,4.790716358,0
21ur-2179,UUAGUACUGGCACUCUAGAGA,2.967144539,51.41121008,50.65979695,13.53377371,0.136909669
21ur-3127,AUCAGCAAAAUAUUUGUCGCU,1.888182888,57.49210589,53.53677307,26.7082437,0.136909669
21ur-3768,GUGUAGUUUGAAAGUAGGUGA,2.427663714,34.27414005,62.66804511,2.036054452,0.273819339
21ur-1165,AAGUGGUUAACUUGUUCUUCU,0,1.658426131,1.751202857,0.119767909,0
21ur-919,AUGAAGUUUUCAACCUACAUA,0.269740413,28.74605295,4.002749388,3.47326936,0
21ur-4430,CUUCCACUUGCACAUCGAGUU,0.269740413,1.105617421,17.51202857,4.311644722,0
21ur-4068,AGAGAAUCCAUAGCUGUUACA,0.269740413,3.316852263,9.631615716,0.239535818,0
21ur-3780,AUGGUUACAACAGAGUCACAA,4.315846602,93.14826772,56.16357736,4.01222495,0
21ur-2567,ACUGAUUCCAUUUGAUUGAAA,9.036303823,33.16852263,33.27285429,36.88851596,0.410729008
21ur-615,GUCAAUCACCUUCUCUGUUAU,0.809221238,16.58426131,25.51752735,2.754661906,0
21ur-3405,AUGGAUCUAAAAUUUGUAGAA,14.56598228,112.7729769,1.063230306,29.70244142,0
21ur-751,UUUGGUGUAGUUUGAAAGUAG,7.013250728,145.6650952,138.5326546,42.21818791,0.410729008
21ur-542,AUAUUAUGAUUAGUUUCUCAU,0.269740413,0.55280871,0.125085918,0.119767909,0
21ur-767,UCCUUUCAUUUUUCCAGCUAU,0.134870206,0.55280871,3.12714796,0,0
21ur-5365,UUGAUAUUGAUUGUGAGUUCA,0.539480825,6.080895815,2.251546531,0.479071636,0
21ur-5104,AGAAGCAUAUUUAGAUGUUCG,0.269740413,11.60898292,4.378007144,4.670948449,0.136909669
21ur-4234,AAAUUCUUUAUGUACUUUGGG,0.539480825,1.105617421,2.501718368,0,0
21ur-4315,AUAGGAUGUUGUCUCGUUUAC,0,3.869660973,5.378694491,0.119767909,0
21ur-2480,GCAAAAGUAACAGGCGAUGAA,0,0,0,0,0
21ur-4200,GCCGUAGCUAGUUGCCCUGAA,0,1.105617421,1.000687347,0.119767909,0
21ur-4584,AAUCUUGUUCUGAAGCAAAAU,1.348702063,9.397748078,19.0130596,6.82677081,0
21ur-4021,UUAGUGGAAUUUUGCUCGACG,0.269740413,5.528087105,5.753952246,4.431412631,0
21ur-5132,AAUAAACGAACCUUGGUGAUU,0.359653883,0.276404355,0.250171837,0,0
21ur-3825,GACGAGGAAUUUUUACAAAUA,0,0,0.312714796,0,0
21ur-3983,AAACGAACCUUGGUGAUUGGU,0.359653883,1.658426131,6.066667042,0.598839545,0
21ur-4137,GCUAUCUCGGCUUCAAUCUAU,2.697404126,1.105617421,17.63711449,6.82677081,0
21ur-1804,UUCGAGAUGUAGUUUUAUAUU,3.236884951,16.58426131,9.881787553,1.317446999,0
21ur-2946,ACUUGUCAUUUUAUCGAAGAA,0.269740413,0.55280871,8.255670614,0.119767909,0.136909669
21ur-2444,AUGUGAGAGAAAGUGACUCUA,0.809221238,10.5033655,14.38488061,8.623289445,0
21ur-6929,CUGAUUUCAUUCCUGGUGUUG,1.348702063,40.90784458,75.80206654,1.916286543,0
21ur-10993,UUUAUUUUUUAGGUCUUCCAU,0.269740413,1.658426131,15.13539613,2.874429815,0.136909669
21ur-13185,GGCCUAAACUUAAUUGAACGU,0,0,1.876288776,0,0
21ur-11542,UUGUUAACCGUUUCAUCUUAU,0.269740413,0,8.630928369,0.898259317,0
21ur-13003,UUUCACCUCAAAAUCCAUAAC,0,0.276404355,12.00824817,0.119767909,0
21ur-5839,AUUAGAAACUUUCAAAACUCA,1.888182888,10.5033655,11.13264674,1.556982816,0.136909669
21ur-6086,UUGGAAAGUUCGAGAUGAAAU,2.427663714,12.16179163,18.76288776,7.545378264,0
21ur-12251,GCGGCUAAACCUAUUUAUCGG,0,1.658426131,2.251546531,0.119767909,0.068454835
21ur-12657,CUUUUCAUGUUCAAUAUUUUC,0,1.105617421,0.625429592,0.598839545,0.136909669