21ur-1039,UGAUCAAAUCAAGUCCAAUGC,3.506625364,252.6335807,484.5828478,7.425610355,0
21ur-3067,UGGUGUGUUUUUUUUUAAAUU,0,28.41436772,0.625429592,0.119767909,0
21ur-4608,UAAGGGCGUGUUACCAUGUCG,0.269740413,0.276404355,0.125085918,0.239535818,0
21ur-808,UCGUGUUUAGAAAAAAUUUCA,11.73370795,189.6133877,67.92165369,14.61168489,0.342274174
21ur-5263,UGUGACUACCAAUGUUUUAUA,0.269740413,34.27414005,5.003436736,0,0
21ur-2517,UUCAUACAUUGCAAUUACCAG,0,23.21796584,33.58556909,0.958143272,0.068454835
21ur-2098,UAUUCUACCAGUUUCAAAGUG,0.269740413,4.422469684,4.753264899,0.359303727,0
21ur-3855,UACAUCAGGUUUCUAACCAAU,0,0,4.753264899,0.119767909,0
21ur-2710,UGGAUAAGUUGUAUCUUCGGG,3.64149557,27.08762681,18.7003448,8.982593172,0.547638678
21ur-2360,UAAGCACGGCCUCUGUGAAAU,21.17462239,316.4829868,713.8653363,8.842863945,0.251001061
21ur-5071,UCAACAAGUCAACAAAUUGAA,1.07896165,15.47864389,13.50927919,1.077911181,0
21ur-2295,UUGUUUUAUAGAAUUGUAAAC,3.506625364,124.3819599,43.65498552,3.952340996,0.136909669
21ur-4926,UUCUCAAAUUGUUGUAAGGUU,1.753312682,9.121343723,22.39037939,1.377330953,0
21ur-5334,UCGGUGGACUUUCUUAAAAUA,23.19767549,1690.489037,461.5670389,68.74677974,0.136909669
21ur-4028,UCCGUUGAUUUCAUGCCUUAA,1.618442476,106.6920811,43.15464184,0.359303727,0
21ur-483,UGGUAUUCCUCGUGACUGAGA,0.269740413,1.105617421,0.250171837,0.119767909,0
21ur-4723,UUCAGUCUGAGAUAAAAACAU,8.361952791,71.31232365,125.9615198,9.22212899,0.958367686
21ur-2679,UACAUGUGGACCUCCAAUUUA,6.20402949,69.10108881,42.52921225,2.036054452,0.136909669
21ur-3017,UUCAGAAAGUAAGUGAAGCAA,15.91468434,54.17525363,86.80962736,0.838375363,0.205364504
21ur-2310,UUAUAUCACAUUUGAUGACCA,6.743510315,64.12581042,43.78007144,7.305842446,0.136909669
21ur-1223,UAAUUCAUUUUUUUCAUAAAA,9.440914442,243.2358326,52.78625756,11.9767909,0
21ur-2790,UCGAUAUAGAUCUGCCGAUUC,0.269740413,14.37302647,30.39587817,1.437214907,0.136909669
21ur-3672,UAAUCGGAAUUAAUCGGAAAA,4.315846602,28.19324424,26.76838654,6.467467084,0.136909669
21ur-3034,UGUUUUAAUUAGUCUUUACAG,0.269740413,10.5033655,6.879725511,1.19767909,0
21ur-913,UUUAGCGGAUUUUUUACAGCC,5.12506784,21.09886578,32.31386225,10.41980808,0.136909669
21ur-1090,UCGGGGUUUUGCUGAUUCUUC,3.776365777,28.74605295,27.76907388,4.072108904,0.136909669
21ur-850,UGUUCUCGGUUUUUGGUAGUG,2.292793507,51.13480572,69.17251287,13.05470208,0.547638678
21ur-516,UCAAUCUGAGGCUGCAAAUGA,15.24033331,200.6695619,165.2384982,44.43389422,0.684548347
21ur-1523,UGUGAAGAUUUCUCAUAGAAA,0.539480825,2.487639197,2.126460613,0,0
21ur-4020,UGAAUUAAAAGUUUGUUUCAA,0.809221238,24.6921224,8.380756532,0.53895559,0
21ur-5107,UCCGAAUUCCGAAUUGAAACU,10.92448671,174.1347438,484.1450471,30.42104887,0.205364504
21ur-2135,UAUUCGUCUAAUGAAACUUUA,0,0.55280871,2.251546531,0.119767909,0
21ur-2180,UACUUAGGCAUUGGUGUACUU,1.618442476,12.62246556,27.45635909,1.437214907,0
21ur-335,UAAAUGGCUUUUUUCCAAACU,2.157923301,25.42920068,16.01099755,2.27559027,0.547638678
21ur-1226,UCGUAGAACAACAAAUAAAUC,0,0,3.627491633,0.239535818,0
21ur-956,UGUCCAAAAAUUCAGAAUCCA,0,3.316852263,4.62817898,0.119767909,0
21ur-5211,UUAGGCAUUCAUCGGCUUUGG,0,0,5.191065613,0.658723499,0
21ur-697,UUUCAGAAAAAAAUUGGUAUC,2.157923301,17.13707003,41.8412397,1.018027226,0.273819339
21ur-232,UGAAGAUGCCUUUUAUGUUCC,64.73769903,773.9321947,20.0762899,2.994197724,0.273819339
21ur-4052,UAAACUUGAAUGUGGAGUAGC,1.620087234,58.59772331,30.1470392,3.23659492,0.002968782
21ur-367,UAGGCUCGUUCUUAAAUGUGG,15.37520352,103.9280376,119.9573957,66.23165365,0.821458017
21ur-5177,UUGGAUAUCUCAAAGAUAAAC,0.809221238,21.83594406,10.31958827,1.437214907,0
21ur-3935,UAAACAAUUAAUGUAGGGCAA,50.98093798,1236.080277,1365.062627,98.32945325,0.821458017
21ur-1713,UAUGAUAUUUCCUCGACCGUU,0.269740413,20.45392229,42.27904042,4.55118054,0.410729008
21ur-3573,UAUAACGGUUAACUUAGAGCC,3.506625364,37.59099231,42.65429817,6.347699175,0.410729008
21ur-4949,UUAUAAUCCAGCACAUGUUAU,8.901433616,39.24941845,218.2749276,12.0965588,1.779825703
21ur-4017,UUUGUCCUAUGGAAUCGCAGU,1.348702063,17.68987874,9.881787553,0.718607454,0
21ur-1468,UUUGUACGCCAUCGAAUCCAA,4.315846602,49.75278394,79.61718706,2.874429815,0
21ur-2919,UGAUGGCAUUUUACAUGGCAC,0.809221238,35.93256618,2.189003572,0.718607454,0.136909669
21ur-4470,UGUUGCAACUGUUUUCAAGGG,0,0,0.250171837,0.479071636,0