21ur-9493,UAUUCGAAAGAGUUGGUUCUG,1.146396754,7.923591517,8.735166634,0,0
21ur-11460,UUCACAAUUUUUUAAACGCUU,0,0,0.875601429,0.239535818,0
21ur-6142,UCAUAAAAUAAUAAAAUUCCA,0,0.069101089,3.002062041,0.119767909,0
21ur-13476,UAUUCGAUGGCUAUGUGGACU,0.539480825,1.474156561,0.667124898,0.239535818,0
21ur-7449,UUGAGUAGAGUCCUGAAACAA,0.539480825,5.528087105,8.130584695,0.119767909,0.136909669
21ur-10590,UUCGUCGAAAACUUUGGCAUC,0.269740413,0,0.375257755,0.479071636,0
21ur-14073,UUUAUUCGAAAGAGUUGGUUC,1.07896165,14.00448733,9.881787553,0.359303727,0
21ur-12004,UUGAUUCACAAUUUUUUAAAC,0,1.105617421,3.377319797,0.598839545,0
21ur-10920,UUGUUCGUGUUUACCAACCAG,0,1.105617421,4.565636021,0.239535818,0
21ur-8658,UGUCAGUCUUCUUGAUUAGGU,0,0.55280871,2.626804286,0,0
21ur-9943,UAAUUGACCGAUUUUAAAUUU,0,2.764043552,2.689347245,0.119767909,0
21ur-6206,UAGUAUGUUUCCGAUGAAAAC,0.809221238,11.05617421,10.75738898,0.598839545,0
21ur-13183,UGGCUAUGUGGACUAUUUAGA,0.539480825,1.105617421,0.437800714,0.359303727,0.068454835
21ur-6966,UUUCUUCAGCUUUUUGGUUUC,1.07896165,6.633704526,12.25842,5.030252176,0
21ur-10214,UUUUCGGGUUUUCCUGUAUCU,0.539480825,0,0.375257755,0.718607454,0
21ur-7402,UUUUCUGUUGAUUAUUAGAGU,1.07896165,14.37302647,15.38556796,2.994197724,0.136909669
21ur-7991,UUUGGAAGAGAACUCGAUAAA,0.404610619,7.186513236,6.129210001,0.718607454,0
21ur-11894,UUUGAUGUAAUUUUGAACAAA,1.753312682,9.121343723,1.250859184,0,0
21ur-14853,UGAUGUAAUUUUGAACAAAAU,0,0,0,0.059883954,0
21ur-11499,UUAAUUGACCGAUUUUAAAUU,0,0,0.062542959,0,0
21ur-7684,UUUAAUGUUCAUCGCUAGUGU,0.539480825,0.55280871,35.64948674,0.718607454,0
21ur-7019,UGAUAAAUUUUCAAGACUAAC,0,9.397748078,12.25842,0.239535818,0
21ur-9107,UUGACCGAUUUUAAAUUUCAC,0,0,2.126460613,0.239535818,0
21ur-7490,UUCUUUUUGAGAAAUUAACAG,1.753312682,31.23369214,19.45086031,0.359303727,0
21ur-14972,UCUCUUCAAUAAACAUUCGAC,0,0,0,0,0
21ur-9482,UCACUCUCUUCAAUAAACAUU,0,0.276404355,3.502405715,0.119767909,0
21ur-8112,UUUUCGACGUUUUUCGACUUU,0.269740413,0,0.375257755,0.239535818,0
21ur-12140,UUAACUUUUGUUACCACAAAA,0.809221238,2.764043552,3.002062041,0.119767909,0.136909669
21ur-7516,UAGGCACAUAAUGUUCACUCU,0,0,2.001374694,0.119767909,0
21ur-6792,UUAUAAUCUCACAUGCGAUGA,3.776365777,7.739321947,14.38488061,5.629091721,0.136909669
21ur-6432,UUAGUCGCAGUAGGAUAUUAA,1.07896165,8.844939368,24.20412521,0.53895559,0.068454835
21ur-11848,UUUUGAACCGUUUCCAUAGUU,0,4.146065329,2.751890205,0.119767909,0
21ur-7484,UUUUCACUCGAAGAAAAUUGA,2.967144539,33.72133134,83.05704981,13.89307744,0.136909669
21ur-9102,UUGAUGUAAUUUUGAACAAAA,0.404610619,25.15279633,3.002062041,0.179651863,0
21ur-13147,UGUGGAUAUACAGAAAGAUAU,0,0,0,0,0
21ur-9108,UUGAAAAGUUGGACUAUCAUA,0,0,0.250171837,0,0
21ur-14115,UUUAACUGUAGAUUUUUUUGG,14.29624187,3.316852263,6.129210001,11.61748717,0.273819339
21ur-14857,UGAUGACAAUCUCGAUGAUGG,0,0,0,0,0
21ur-14843,UGAUUGGUCUGUCCGGAAGUA,0,0,0,0,0
21ur-4317,UGACAAUGUCUUAGGCAAUUA,1.888182888,4.975278394,11.13264674,2.874429815,0.136909669
21ur-5209,UUCUUUUAGUUAUGCUGCCUA,2.967144539,185.7437267,47.03230531,9.701200625,0
21ur-2501,UGUGUAUCUCAUGAGAAAUUC,0.269740413,10.5033655,6.25429592,0.479071636,0
21ur-254,UGAUCUGUUCGUUUCUAAGGU,1.888182888,84.026924,145.2247513,21.55822361,0.410729008
21ur-255,UGAAGAAGUCAUAAUUAUAUA,0,7.186513236,1.501031021,0.119767909,0
21ur-563,UGCAUGAGUGGUAACUACGUU,0.809221238,7.739321947,9.381443879,2.395358179,0.547638678
21ur-4368,UCGGUCUCUACUCACUCCCAC,0,0,0,0,0
21ur-2260,UCUGUGUUCAAUUUUCACUGC,0,1.105617421,0.500343674,0,0
21ur-4552,UGACCACCAUUGCUUACUAUU,0,1.658426131,0.75051551,0,0
21ur-1646,UUUCUUGACAAAUACAGCAAC,0.809221238,0,0.500343674,0,0
21ur-3678,UAAUUGGUAUUAAUUAUCAGG,0,23.21796584,10.13195939,1.916286543,0