21ur-12775,UUAUUGAGAAAUAUAGGAACU,0,3.316852263,1.250859184,0.239535818,0
21ur-8703,UUUCGCAUCGAAUGGAUCUAG,0,0,0.375257755,0,0
21ur-6551,CGUGAUUUAAAUUUUAAAAAA,0.269740413,3.869660973,2.876976123,0.838375363,0
21ur-12246,GCUGAGAACAGGGGAUUCUUU,0,0,0.250171837,0,0
21ur-9098,UUUGGACAGUCUUGUGUCAAA,0.269740413,0.55280871,2.751890205,0.718607454,0
21ur-5650,GAGAAAUAUAGGAACUUUUUC,1.07896165,38.14380102,30.08316337,0.53895559,0
21ur-15298,GUAGUUUCAGCAACUUCACUA,0,0,0.375257755,0.359303727,0
21ur-12180,AUGUUAGUCAAAAUGCAUAAC,0,0,0,0,0
21ur-6343,GGGAUUUUUCACAAUCUUUCA,0,4.975278394,1.125773266,0.239535818,0
21ur-6166,CUUUGAGCUAACCCUAAAUAU,0.539480825,9.674152434,30.89622184,2.095938407,0.136909669
21ur-6995,GGAUCAAUGUUUGAAAGCAAU,0.809221238,2.211234842,0.125085918,1.916286543,0
21ur-8094,AUCUAGUAUAUUAAGAGAUUA,0,1.658426131,1.501031021,0.239535818,0
21ur-9195,AUAAUGGAUCUAAAAUUUGUA,0.539480825,13.82021776,5.191065613,3.47326936,0
21ur-6798,UUGAAUAUGAUUCUUUUUGAU,0.269740413,32.61571392,5.378694491,1.676750725,0
21ur-6491,GUUCGCUUGAACCCUUCCAGA,0.539480825,0,7.129897348,0.239535818,0
21ur-9518,AAUCUUUGAGCUAACCCUAAA,0,0.829213066,6.879725511,1.257563044,0
21ur-13619,UUAAUAUGUUUUCAACAGUAG,0,3.869660973,4.503093062,0.479071636,0
21ur-12705,GUUUGGACAGUCUUGUGUCAA,0,0,0,0,0
21ur-12881,UGCAAAAGUAACAGGCGAUGA,0.269740413,0.55280871,4.62817898,0.479071636,0
21ur-8812,UUUUGAAAACGACUUAAGUUA,0,1.105617421,3.002062041,0.239535818,0
21ur-5775,UCUACGAUCGUAUUGAGGUUG,0.539480825,1.105617421,60.66667042,7.665146173,0.136909669
21ur-9861,GCAAAUGGACAUGAUGUAUCU,0,7.739321947,7.380069185,0.359303727,0
21ur-9913,AUUGAGAAAUAUAGGAACUUU,0,1.105617421,1.438488061,0.059883954,0
21ur-12268,GAUUCCAUUUGAUUGAAAAUA,0.134870206,3.316852263,1.375945102,0.119767909,0
21ur-9058,ACCCUGUUCAAGUAAAAUGGU,0,1.658426131,2.751890205,0.479071636,0
21ur-6849,AUGAGAUAGAAAUUUUUUUAU,0,0,0.125085918,0,0
21ur-8172,UUAUAAUACAUAGCGAAUUGU,0,0,4.002749388,0.359303727,0.273819339
21ur-6598,UUGAUCAUAGCUUUACAAUAG,0,2.764043552,4.878350817,0.239535818,0
21ur-8289,GUUUCAUUCUUCUUACGAACA,0.269740413,0,3.002062041,0.119767909,0
21ur-11480,UAUUCCUUUGCAUUGUGUUUC,0.269740413,0,0.75051551,0.479071636,0
21ur-10530,GUUUGAAUUUCCGUUUUGUUC,0,0,2.126460613,0.359303727,0
21ur-12699,GUUUGGUGUAGUUUGAAAGUA,0,1.934830487,0.312714796,0.059883954,0
21ur-8814,AUUUCACCUCAAAAUCCAUAA,0,0.276404355,0,0,0
21ur-11960,AUUUAACAAGAUGCUUUUUUA,0,0,0,0,0
21ur-9309,CUCUCAGCAAAGAAAAUGAGU,0,1.658426131,0,0,0
21ur-14160,UGUCAUUUUAUCGAAGAAAAU,0,0,0,0,0
21ur-7300,CUUCGCAUCUACUAAUUAUUU,1.07896165,40.35503587,86.43436961,6.707002901,0.136909669
21ur-10822,UUAAAACGUGCCCUUUCCAUU,0,42.013462,2.876976123,0.119767909,0
21ur-12012,AUUGAUAUUGAUUGUGAGUUC,0,0,0,0,0
21ur-11373,UUUUACUUAAUUCUUACGUAA,0,16.0314526,5.503780409,0.359303727,0
21ur-6190,CUCAAGCUUGCUCCAAAAAUU,0.269740413,1.658426131,9.131272042,0.239535818,0.136909669
21ur-8133,GUUCAACUAGAUUUAAAUACU,0.269740413,15.47864389,39.90240797,3.353501451,0
21ur-12281,GAGAACAGGGGAUUCUUUGAA,0.269740413,0,0.500343674,0.119767909,0
21ur-6594,GUUGACGAGGAAUUUUUACAA,0.269740413,13.82021776,6.441924797,0.359303727,0
21ur-9606,UCAAUAGUUUUAUAGGAGCAC,0,7.739321947,5.879038164,0.598839545,0.136909669
21ur-13089,UAAUUCUACGAUCGUAUUGAG,0,0,0.250171837,0,0
21ur-6521,GCUAAACCUAUUUAUCGGAUU,0,0,2.376632449,0.958143272,0.068454835
21ur-7205,AUAGGUUGUAAAUUUUUAUCG,0,18.24268745,5.879038164,0.239535818,0.136909669
21ur-12800,AUUUAAUGUUCAUUUUUAAGC,0,0,0.062542959,0,0
21ur-12074,UUUCAGGGUUUUCAAUUCCUC,0,0,0,0,0