21ur-14602,UUAAUCUGUCUUUAGGUUGUA,0,0,1.188316225,0.359303727,0
21ur-13543,UAGUAAUGUCAAUGUCAGAAA,0.539480825,3.316852263,1.375945102,0.359303727,0
21ur-13834,UUUUGCAAUAAAAAUUAAAUA,0,1.658426131,4.62817898,0.479071636,0
21ur-11948,UUUAUAGAGGAACACAUAUAC,0,6.633704526,13.75945102,1.437214907,0
21ur-9546,UUUUCGCAUUUAGCUAGCUCG,0.269740413,0,1.876288776,0.119767909,0.136909669
21ur-10737,UCAAGAGUACGAUCAGUUUUU,0.674351032,0,6.942268471,1.616866771,0
21ur-8420,UUUUAAGAGCACAAAUACAAA,2.427663714,31.23369214,27.64398796,2.215706316,0.068454835
21ur-14749,UGGUCAGGCUCAGUCUUAUCA,0.134870206,0.55280871,0.062542959,0.119767909,0
21ur-6791,UUCAGCUUCAAAGUGCCCGUC,0,0,13.9470799,0.479071636,0
21ur-13479,UAUUCAUUGUCAGUUCUAUGC,0.539480825,0,2.751890205,0.479071636,0
21ur-5810,UUUUGCACGGUUUCGUAUUAA,7.417861347,77.39321947,26.5182147,13.77330953,0.068454835
21ur-15239,UAUUAAAUCACACAGAGUAAU,1.618442476,8.844939368,12.25842,0.718607454,0
21ur-6324,UCAGAAAUUUGGUAAAAUUAA,0.269740413,4.975278394,5.753952246,0.119767909,0
21ur-14884,UGACUCCUGUGACAUUAUUUC,0,0,0.125085918,0,0
21ur-9125,UUAUACGUUUAUCUUUUAUAC,0.539480825,4.422469684,8.255670614,0.838375363,0
21ur-7866,UAAUUUUCGAGGCUUCAAAAC,0.269740413,0,3.377319797,0.119767909,0
21ur-5999,UUCCAAAUUCACGAAAGGAUG,0,1.105617421,1.000687347,0.239535818,0
21ur-11161,UCAUAAAGGAAAUUCUGAAAC,0,2.211234842,1.125773266,0,0
21ur-14974,UCUCUGCGAAUUUGACAUUUU,0,0,0,0,0
21ur-7767,UCAGUGUAGCAUUUAAACUUC,0.269740413,2.211234842,0.625429592,0,0
21ur-9009,UGCUUUUCUAUCCCGCAUUAC,0,1.105617421,4.62817898,0.479071636,0.136909669
21ur-10247,UUGUUUCGAACUUCAAUGCAG,0,2.211234842,1.188316225,0.119767909,0
21ur-6471,UCCGAGUUUCUUUUCAAAAAA,4.315846602,37.0381836,7.129897348,4.55118054,0.136909669
21ur-10240,UUUAUUGGAAACACAACUUUC,0,0,0.375257755,0,0
21ur-9202,UAAAUAUUCUUUCGGCUAGCU,0.539480825,1.658426131,64.79450573,2.575010043,0.136909669
21ur-7080,UUUAAAACUGGCCUGCAAUCU,0.809221238,27.64043552,28.26941756,0.359303727,0
21ur-12185,UGUUAGAAUUCACUGAAAUUC,0,1.658426131,0,0,0
21ur-9837,UGUGCAAUGACUAUUUGCAGA,0,0,0,0,0
21ur-13523,UAUACAUUUUGUUUUUUCAAC,0.269740413,6.080895815,2.501718368,0.119767909,0
21ur-5710,UUCAUAGCGUUUUUUUCACAA,2.157923301,49.75278394,37.27560368,12.21632671,0.547638678
21ur-9324,UAUUUCUGUAACCACGAAAGU,1.07896165,2.764043552,4.252921225,3.113965633,0
21ur-13776,UUUUUGACACGCUAUAAAAAU,0.404610619,16.72246349,5.128522654,0.299419772,0
21ur-7588,UGUUGUUUCAUUUAUCAAAAA,4.046106189,54.17525363,22.76563715,5.509323812,0.136909669
21ur-9011,UGCAUAUCCUUUUAAAAUGAA,4.315846602,12.71460034,7.442612144,1.19767909,0
21ur-14107,UUUAAUUUAUUGGGUAUUGGA,0,1.105617421,0.125085918,0.479071636,0
21ur-5657,UUCUGUUCUCUCCUAGAAACU,1.07896165,11.05617421,8.693471328,2.155822361,0
21ur-8465,UCGUUGAAAAAAUUUGGGUAA,1.618442476,15.47864389,28.64467531,4.611064495,0.136909669
21ur-8343,UUUCAAUGUAAUGGAACAUUU,0.539480825,12.16179163,6.629553675,0.718607454,0
21ur-14098,UUUAGAAACCAGUAAUAGAAA,0.629394296,1.658426131,2.960366735,0.119767909,0.068454835
21ur-14229,UUGAUUUGAUUGCUUCUUGCC,0.269740413,3.869660973,0.125085918,0,0
21ur-6143,UCAGAAUAUGGGUUAUAUCAA,0,6.080895815,9.256357961,0.359303727,0
21ur-9598,UUCGUUCACCGAAACACUUUU,0.269740413,0,22.26529347,0.119767909,0
21ur-6115,UUUUGCCACUCCAACAUCAAG,6.473769903,239.9189804,95.81581349,2.395358179,0.136909669
21ur-10375,UCGUCAUUUAUUGUCCAUUUU,0.269740413,0.55280871,6.25429592,1.077911181,0
21ur-14224,UUGCACUAUUCUUUGAACUGU,2.023053095,44.27076423,23.37021909,5.988395448,0.205364504
21ur-8607,UUUGUAAUGUAUUGAAACAAG,0,15.47864389,17.63711449,0.598839545,0.273819339
21ur-5866,UGGGUUACGAGUUUUAAAAUU,0.269740413,29.85167037,0.375257755,0,0
21ur-11089,UGCUUUUGAAAAGUUUUUAAU,0,3.316852263,1.751202857,0,0
21ur-8770,UCAGCUGCAAAUUUGAACUUC,0.134870206,0,5.316151532,1.227621067,0
21ur-8375,UGAUAAAAUUUCCAAUUAAUU,0.809221238,18.24268745,7.880412859,0.119767909,0