21ur-6355,UUGUGCCUUGAUUUGAUGAUU,1.07896165,23.21796584,7.129897348,0.119767909,0
21ur-8392,UAUAUUGAAUGUGUAUGAAGC,0.269740413,9.950556789,6.004124083,0.479071636,0
21ur-14763,UGGGAGUAGUAAUUUCAUUUU,0,0,0,0,0
21ur-6748,UGCUAUUGCGAAUUGACCUGA,0.269740413,3.316852263,10.50721714,0.119767909,0
21ur-14699,UGUGGAGUGUGCGUAUUUCUA,0.269740413,1.658426131,0,0,0
21ur-12118,UUAGUAGUGGGACGUGAACUU,0,0.55280871,3.252233878,0.479071636,0
21ur-6623,UGAUAUAGUAAUAUUAGCCUG,0,0,2.626804286,0,0
21ur-12002,UUGAUUCGAAGGUUGUCAGAU,0,0.55280871,1.751202857,0.119767909,0
21ur-10653,UGUCAAUUUUCUAUUUCGUAG,0,0,0.125085918,0.119767909,0
21ur-14640,UUAAAACGCACAUAUCUGCGA,0,0,2.251546531,0.239535818,0
21ur-8301,UCUUGUAUUGCUUCUUUAAAA,0.269740413,9.397748078,6.629553675,0.718607454,0
21ur-9795,UUCUAGUACAUGUUUUUUAGA,0.809221238,13.26740905,7.129897348,0.479071636,0
21ur-9113,UUCGAAGGUUGUCAGAUCAAA,0.269740413,1.105617421,1.626116939,0.119767909,0
21ur-13337,UCGUUCGCGGUAUUAAAAGUG,0,1.105617421,0.187628878,0.299419772,0.136909669
21ur-3009,UAUUGGUCUCUAUGCUUUUAC,8.901433616,336.936909,69.79794246,7.305842446,0
21ur-687,UGGUCUCUAUGCUUUUACAAA,10.25013568,1043.97925,57.35189358,4.072108904,0.273819339
21ur-4538,UGUAUAUCACCAAGUAUAAUA,12.67779939,367.6177925,156.7326557,2.634893997,0.821458017
21ur-5063,UUCGUCAUCGCUAUCAAUCAA,1.348702063,5.528087105,39.15189246,1.676750725,0
21ur-1134,UAUGUUUGGAAAAACCGGUUG,0,4.422469684,14.88522429,1.796518634,0
21ur-529,UCAUAUUUCGGUGGGUUAUAU,2.697404126,44.77750555,36.0247445,2.515126088,0
21ur-1433,UGGGCAUAUCUCCGGUCACAA,4.046106189,45.88312297,52.34845685,6.227931266,0.273819339
21ur-2220,UACUGUUCUAAUCUUUUCUUU,7.282991141,27.64043552,64.54433389,35.21176523,0.684548347
21ur-5262,UGUAAAAACGAGUUGAUUAUA,2.023053095,56.38648847,54.03711674,2.155822361,0
21ur-4951,UAUUGUAACUUUAGUAAUGUC,3.506625364,14.37302647,36.52508817,6.347699175,0.410729008
21ur-1141,UAACCUGUUCAAUAAAUUGUA,0.269740413,1.658426131,3.002062041,0.479071636,0
21ur-1127,UAAUCGAUAUGCUAUUUUUCC,4.046106189,210.3437143,147.7264696,9.22212899,0.273819339
21ur-2090,UUAAGACGAGUGCAGUCAAUG,0,2.211234842,10.31958827,0.119767909,0
21ur-3258,UACCAGGGAGCAAUCGUGUAU,0,0.55280871,0.75051551,0,0
21ur-2977,UAUGAUUAGGCGUUAGCAAAA,0.809221238,37.59099231,56.41374919,6.946538719,0
21ur-2892,UGAUAAGGUACAGAAUAGUUG,0.269740413,3.593256618,1.438488061,0.479071636,0.068454835
21ur-1770,UGUAGACUUUGCCAUGGGAAA,13.48702063,97.84714176,192.8824862,0.479071636,0.136909669
21ur-1810,UCUGUAAUCGAUUUCAGAUUG,1.618442476,22.11234842,6.879725511,2.395358179,0.136909669
21ur-1112,UUCGAACACAAUUUGCCAAAA,19.96079053,162.3184576,496.4660101,31.19954028,0.273819339
21ur-268,UGCGUUCUCGAAAAUUACAAA,1.07896165,11.60898292,21.7649498,0.479071636,0
21ur-3615,UGCUGUAAAAACGAGUUGAUU,0.674351032,25.42920068,50.65979695,5.868627539,0.273819339
21ur-5150,UCGAUUCGCAUGUUGCUAUAG,6.20402949,98.67635482,255.1127306,12.69539835,0
21ur-2471,UUAAGCAUAUCCUUGAUUAAU,52.05989963,97.84714176,65.67010715,52.45834412,0.136909669
21ur-3419,UGCAAAUCGUCAAUCGUAGAA,0,0,0.125085918,0,0
21ur-3377,UAUAGAACUCUUACCUUUGAG,1.07896165,2.211234842,4.002749388,0.239535818,0
21ur-464,UGCGUAUGCAGUGCACCAAGA,3.506625364,35.65616183,49.84673848,5.509323812,0
21ur-1869,UCGAACACAAUUUGCCAAAAA,1.146396754,30.74998452,70.0481143,6.527351038,0.308046756
21ur-3880,UCUUGCAAGGUCAAUAAUAAU,0.269740413,23.77077455,43.78007144,1.437214907,0
21ur-2106,UCGUAUUGUUGGAUUAUAAUU,22.92793507,491.1705393,441.8034638,69.46538719,0.273819339
21ur-3814,UAAUCCAGGUGUUUUCCAUGA,0,3.316852263,7.505155103,0.479071636,0
21ur-2185,UGUGACAAGACGUUCCCGUAC,0,0.55280871,2.126460613,0.119767909,0
21ur-3045,UUACUGUGCUUAAAAUUUUAC,0.809221238,17.13707003,11.63299041,0.598839545,0.273819339
21ur-3933,UCGACCAAAAUUUAUUUCUUG,0,1.105617421,7.380069185,0.239535818,0
21ur-642,UACACAUAACAGUAAUAAUAG,0,0,0.250171837,0,0
21ur-2729,UAGACACAGUUGAUACGAUUU,1.618442476,12.16179163,27.39381613,8.503521536,0.136909669
21ur-4672,UGCUGAUUUACUUUCGCGGUU,1.618442476,3.316852263,19.76357511,3.952340996,0